order_id,customer_id,session_id,cart_id,order_date,revenue,cogs,marketing_cost,category,quantity,status,channel,region,product_id,sku,unit_price,shipping_cost,tax,customer_type,payment_method
ORD-20001,CUST-8001,SESS-25001,CART-22001,2025-11-21,416.80,171.65,5.06,Sports,4,Pending,Social Media,International,P-701,SKU-27,104.20,0.12,33.34,VIP,PayPal
ORD-20002,CUST-8001,SESS-25002,CART-22002,2025-03-27,392.06,152.15,20.78,Beauty,4,Pending,Social Media,West,P-434,SKU-691,98.02,0.84,31.36,VIP,Debit Card
ORD-20003,CUST-8002,SESS-25003,CART-22003,2025-12-05,25.79,11.45,37.27,Home,1,Completed,Affiliate,North,P-245,SKU-4020,25.79,9.76,2.06,Returning,PayPal
ORD-20004,CUST-8002,SESS-25004,CART-22004,2023-07-25,  133.56  ,76.34,35.49,Beauty,3,Completed,Web,West,P-12,SKU-4533,44.52,13.64,10.69,New,Debit Card
ORD-20005,CUST-8003,SESS-25005,CART-22005,2023-05-18,360.03,131.09,15.24,Home,1,Shipped,Affiliate,International,P-715,SKU-1517,360.03,0.63,28.80,Returning,Crypto
ORD-20006,CUST-8003,SESS-25006,CART-22006,2023-11-24,374.63,140.99,49.19,Fashion,2,Pending,Web,North,P-342,SKU-3513,187.31,16.65,29.97,Returning,Credit Card
ORD-20007,CUST-8003,SESS-25007,CART-22007,2025-06-13,35.80,19.54,42.09,Electronics,4,Completed,Web,North,P-653,SKU-3388,8.95,7.17,2.86,VIP,Credit Card
ORD-20008,CUST-8004,SESS-25008,CART-22008,2025-07-22,180.74,74.44,23.48,  fashion  ,5,Returned,Social Media,South,P-819,SKU-3274,36.15,7.31,14.46,Returning,PayPal
ORD-20009,CUST-8004,SESS-25009,CART-22009,2024-03-21,  358.65  ,141.68,31.03,Sports,1,Pending,Social Media,West,P-143,SKU-2306,358.65,18.86,28.69,New,PayPal
ORD-20010,CUST-8005,SESS-25010,CART-22010,1764826581989,190.65,82.59,48.58,Sports,3,Returned,Social Media,South,P-975,SKU-3683,63.55,16.21,15.25,New,PayPal
ORD-20011,CUST-8005,SESS-25011,CART-22011,10/27/2025,303.32,110.73,20.52,Electronics,1,Returned,Mobile App,East,P-19,SKU-3769,303.32,1.53,24.27,New,Credit Card
ORD-20012,CUST-8005,SESS-25012,CART-22012,2023-11-22,336.05,173.32,24.79,  home  ,4,Completed,Affiliate,South,P-10,SKU-3604,84.01,10.56,26.88,Returning,Crypto
ORD-20013,CUST-8006,SESS-25013,CART-22013,2024-04-23,44.75,26.34,28.21,  electronics  ,1,Shipped,Social Media,West,P-324,SKU-3295,44.75,7.24,3.58,New,Credit Card
ORD-20014,CUST-8006,SESS-25014,CART-22014,2023-01-04,404.99,228.86,20.64,Fashion,1,Completed,Mobile App,East,P-423,SKU-455,404.99,14.04,32.40,New,Debit Card
ORD-20015,CUST-8007,SESS-25015,CART-22015,2025-10-04,43.58,23.31,39.79,Beauty,3,Completed,Affiliate,International,P-575,SKU-689,14.53,9.27,3.49,New,Credit Card
ORD-20016,CUST-8007,SESS-25016,CART-22016,2023-06-23,250.21,135.76,47.32,Electronics,2,Completed,Mobile App,West,P-88,SKU-781,125.11,9.55,20.02,New,PayPal
ORD-20017,CUST-8007,SESS-25017,CART-22017,2023-01-04,365.79,195.44,26.60,Home,1,Pending,Mobile App,West,P-690,SKU-1191,365.79,9.91,29.26,VIP,Crypto
ORD-20018,CUST-8008,SESS-25018,CART-22018,2023-10-02,506.87,165.88,35.13,Fashion,3,Completed,Mobile App,West,P-305,SKU-977,168.96,15.13,40.55,New,PayPal
ORD-20019,CUST-8008,SESS-25019,CART-22019,2026-01-08,,84.82,15.48,Fashion,4,Returned,Affiliate,South,P-600,SKU-2321,64.63,0.97,20.68,New,Crypto
ORD-20020,CUST-8009,SESS-25020,CART-22020,2025-02-13,139.22,59.81,40.35,Electronics,2,Cancelled,Affiliate,International,P-971,SKU-4284,69.61,7.33,11.14,VIP,Credit Card
ORD-20021,CUST-8009,SESS-25021,CART-22021,2025-06-26,169.53,71.43,27.41,Home,3,Returned,Web,West,P-177,SKU-537,56.51,14.41,13.56,New,Credit Card
ORD-20022,CUST-8009,SESS-25022,CART-22022,2025-03-15,202.61,81.28,22.73,Beauty,4,Cancelled,Web,South,P-114,SKU-3645,50.65,13.85,16.21,New,PayPal
ORD-20023,CUST-8010,SESS-25023,CART-22023,2023-07-29,127.30,67.45,46.75,,3,Returned,Social Media,East,P-389,SKU-4099,42.43,14.45,10.18,Returning,Crypto
ORD-20024,CUST-8010,SESS-25024,CART-22024,2024-01-29,76.21,32.08,24.04,Fashion,4,Cancelled,Mobile App,West,P-987,SKU-4624,19.05,5.44,6.10,VIP,Crypto
ORD-20025,CUST-8011,SESS-25025,CART-22025,2024-01-29,147.52,45.32,23.08,Fashion,,Pending,Web,South,P-367,SKU-2705,73.76,8.47,11.80,Returning,Crypto
ORD-20026,CUST-8011,SESS-25026,CART-22026,2025-07-26,351.32,206.07,39.46,Beauty,5,Returned,Web,South,P-447,SKU-1694,70.26,9.49,28.11,Returning,PayPal
ORD-20027,CUST-8011,SESS-25027,CART-22027,1687845498957,185.21,67.11,0.69,Fashion,4,Returned,Affiliate,East,P-861,SKU-2006,46.30,3.67,14.82,Returning,Crypto
ORD-20028,CUST-8012,SESS-25028,CART-22028,2023-08-20,226.64,73.51,16.41,Home,3,Completed,Web,North,P-419,SKU-3842,75.55,17.93,18.13,VIP,Crypto
ORD-20029,CUST-8012,SESS-25029,CART-22029,2023-11-21,263.10,86.10,16.48,Fashion,1,Pending,Social Media,West,P-518,SKU-3901,263.10,10.31,21.05,VIP,Crypto
ORD-20030,CUST-8013,SESS-25030,CART-22030,2026-01-31,90.48,28.70,0.41,Electronics,3,Returned,Affiliate,North,P-393,SKU-360,30.16,7.39,7.24,VIP,Debit Card
ORD-20031,CUST-8013,SESS-25031,CART-22031,2025-05-04,81.01,36.69,15.55,Fashion,3,Shipped,Affiliate,South,P-881,SKU-3548,27.00,12.74,6.48,Returning,Credit Card
ORD-20032,CUST-8013,SESS-25032,CART-22032,2/19/2023,235.13,117.59,8.40,Beauty,1,Shipped,Mobile App,North,P-227,SKU-624,235.13,17.56,18.81,New,Debit Card
ORD-20033,CUST-8014,SESS-25033,CART-22033,2023-12-23,496.89,258.30,26.89,Fashion,4,Shipped,Mobile App,East,P-197,SKU-946,124.22,19.79,39.75,New,Debit Card
ORD-20034,CUST-8014,SESS-25034,CART-22034,2026-02-01,168.80,60.86,33.05,Sports,,Pending,Affiliate,International,P-471,SKU-3681,168.80,4.06,13.50,New,Credit Card
ORD-20035,CUST-8015,SESS-25035,CART-22035,3/25/2024,224.03,129.43,42.42,Electronics,5,Pending,Web,South,P-75,SKU-415,44.81,4.66,17.92,New,Debit Card
ORD-20036,CUST-8015,SESS-25036,CART-22036,2023-11-10,388.20,182.30,17.29,Beauty,5,Shipped,Web,International,P-228,SKU-4056,77.64,6.49,31.06,New,Debit Card
ORD-20037,CUST-8015,SESS-25037,CART-22037,2023-01-03,430.14,163.91,49.65,Sports,4,Cancelled,Affiliate,North,P-859,SKU-4956,107.53,0.84,34.41,New,Crypto
ORD-20038,CUST-8016,SESS-25038,CART-22038,2026-02-19,128.00,64.96,10.86,Beauty,3,Shipped,Affiliate,West,P-747,SKU-3069,42.67,15.82,10.24,New,Debit Card
ORD-20039,CUST-8016,SESS-25039,CART-22039,2023-03-15,39.22,11.91,25.60,Home,1,Completed,Social Media,International,P-131,SKU-2745,39.22,7.38,3.14,VIP,Crypto
ORD-20040,CUST-8017,SESS-25040,CART-22040,2023-11-01,233.24,103.70,22.84,Electronics,3,Cancelled,Web,West,P-961,SKU-611,77.75,13.70,18.66,New,Credit Card
ORD-20041,CUST-8017,SESS-25041,CART-22041,2023-06-16,293.86,149.21,12.60,Sports,3,Cancelled,Mobile App,East,P-915,SKU-656,97.95,12.61,23.51,Returning,Debit Card
ORD-20042,CUST-8017,SESS-25042,CART-22042,2025-04-20,396.32,214.02,3.50,Fashion,2,Returned,Social Media,West,P-337,SKU-3404,198.16,1.07,31.71,VIP,Debit Card
ORD-20043,CUST-8018,SESS-25043,CART-22043,2025-10-22,253.73,117.18,4.66,Home,5,Cancelled,Mobile App,West,P-457,SKU-4398,50.75,5.00,20.30,New,Credit Card
ORD-20044,CUST-8018,SESS-25044,CART-22044,2024-07-21,503.80,290.81,34.24,Home,1,Cancelled,Mobile App,South,P-333,SKU-2556,503.80,11.64,40.30,Returning,Debit Card
ORD-20045,CUST-8019,SESS-25045,CART-22045,2025-04-19,385.71,223.41,34.27,Beauty,5,Pending,Web,International,P-306,SKU-3554,77.14,12.78,30.86,Returning,PayPal
ORD-20046,CUST-8019,SESS-25046,CART-22046,2024-01-09,106.51,49.87,49.07,Fashion,5,Cancelled,Web,North,P-570,SKU-1017,21.30,3.53,8.52,New,Credit Card
ORD-20047,CUST-8019,SESS-25047,CART-22047,2023-04-15,38.72,13.21,47.97,Beauty,4,Completed,Web,East,P-766,SKU-4666,9.68,17.48,3.10,Returning,Crypto
ORD-20048,CUST-8020,SESS-25048,CART-22048,2024-07-24,315.52,125.19,20.05,Sports,1,Cancelled,Mobile App,West,P-299,SKU-2459,315.52,0.39,25.24,VIP,Credit Card
ORD-20049,CUST-8020,SESS-25049,CART-22049,2023-06-30,14.94,8.39,39.34,Electronics,2,Returned,Mobile App,International,P-11,SKU-4569,7.47,11.15,1.19,Returning,Credit Card
ORD-20050,CUST-8021,SESS-25050,CART-22050,1769505127744,55.34,28.86,37.73,Home,5,Shipped,Social Media,South,P-120,SKU-4679,11.07,18.13,4.43,VIP,PayPal
ORD-20051,CUST-8021,SESS-25051,CART-22051,2025-03-28,294.78,111.46,28.78,Home,4,Completed,Social Media,International,P-482,SKU-157,73.70,8.34,23.58,VIP,Debit Card
ORD-20052,CUST-8021,SESS-25052,CART-22052,8/20/2025,319.67,125.63,22.26,Sports,5,Cancelled,Mobile App,West,P-572,SKU-2131,63.93,7.09,25.57,New,Crypto
ORD-20053,CUST-8022,SESS-25053,CART-22053,2024-10-06,28.68,14.89,2.49,Sports,4,Shipped,Affiliate,West,P-35,SKU-3235,7.17,3.47,2.29,VIP,PayPal
ORD-20054,CUST-8022,SESS-25054,CART-22054,2025-11-10,230.79,119.94,4.09,Beauty,5,Pending,Social Media,North,P-664,SKU-4830,46.16,13.67,18.46,VIP,Credit Card
ORD-20055,CUST-8023,SESS-25055,CART-22055,2024-01-02,28.17,9.96,40.31,Sports,3,Returned,Affiliate,North,P-414,SKU-2808,9.39,17.07,2.25,Returning,PayPal
ORD-20056,CUST-8023,SESS-25056,CART-22056,2023-06-27,353.22,207.18,1.14,Home,1,Pending,Mobile App,South,P-405,SKU-2616,353.22,1.42,28.26,New,Credit Card
ORD-20057,CUST-8023,SESS-25057,CART-22057,2026-01-15,212.77,67.44,45.15,Fashion,1,Completed,Web,West,P-894,SKU-1825,212.77,8.41,17.02,Returning,PayPal
ORD-20058,CUST-8024,SESS-25058,CART-22058,2023-03-19,429.51,185.77,0.15,Fashion,4,Completed,Social Media,North,P-511,SKU-1051,107.38,2.06,34.36,VIP,Debit Card
ORD-20059,CUST-8024,SESS-25059,CART-22059,2024-07-13,419.95,184.94,12.49,Fashion,5,Pending,Web,International,P-761,SKU-4355,83.99,13.36,33.60,New,Debit Card
ORD-20060,CUST-8025,SESS-25060,CART-22060,2025-11-15,,255.76,48.62,Electronics,3,Returned,Affiliate,International,P-34,SKU-1907,144.84,17.95,34.76,Returning,Debit Card
ORD-20061,CUST-8025,SESS-25061,CART-22061,2023-08-02,332.96,198.73,1.01,Electronics,3,Completed,Web,East,P-550,SKU-786,110.99,15.92,26.64,Returning,Credit Card
ORD-20062,CUST-8025,SESS-25062,CART-22062,12/4/2025,300.38,131.32,7.94,  beauty  ,4,Returned,Mobile App,International,P-368,SKU-4786,75.10,15.54,24.03,VIP,PayPal
ORD-20063,CUST-8026,SESS-25063,CART-22063,2023-02-19,278.31,153.46,36.51,Sports,5,Shipped,Social Media,International,P-990,SKU-2512,55.66,5.88,22.26,Returning,Crypto
ORD-20064,CUST-8026,SESS-25064,CART-22064,2024-05-07,21.16,6.36,46.41,Fashion,4,Completed,Mobile App,North,P-523,SKU-293,5.29,8.42,1.69,Returning,Credit Card
ORD-20065,CUST-8027,SESS-25065,CART-22065,2023-09-11,484.27,281.70,34.99,Beauty,1,Cancelled,Social Media,West,P-189,SKU-2517,484.27,11.68,38.74,New,Debit Card
ORD-20066,CUST-8027,SESS-25066,CART-22066,2024-01-22,346.93,125.21,41.56,Fashion,4,Pending,Affiliate,North,P-743,SKU-1167,86.73,6.26,27.75,VIP,Crypto
ORD-20067,CUST-8027,SESS-25067,CART-22067,2023-01-07,244.84,142.68,49.94,Sports,3,Completed,Social Media,South,P-337,SKU-2432,81.61,10.97,19.59,VIP,PayPal
ORD-20068,CUST-8028,SESS-25068,CART-22068,2023-11-17,429.45,228.63,39.77,Fashion,2,Completed,Mobile App,South,P-754,SKU-263,214.72,7.48,34.36,New,Debit Card
ORD-20069,CUST-8028,SESS-25069,CART-22069,2024-12-23,52.26,31.18,4.22,Electronics,5,Pending,Web,North,P-955,SKU-12,10.45,1.86,4.18,VIP,Debit Card
ORD-20070,CUST-8029,SESS-25070,CART-22070,2025-10-19,401.12,228.63,48.43,Fashion,4,Shipped,Social Media,South,P-735,SKU-557,100.28,4.49,32.09,VIP,Crypto
ORD-20071,CUST-8029,SESS-25071,CART-22071,2024-02-23,36.03,14.02,24.09,Fashion,2,Pending,Social Media,East,P-569,SKU-4085,18.02,4.17,2.88,Returning,Debit Card
ORD-20072,CUST-8029,SESS-25072,CART-22072,2025-06-21,,59.44,26.41,Fashion,5,Completed,Mobile App,International,P-205,SKU-2135,21.58,19.09,8.63,Returning,Credit Card
ORD-20073,CUST-8030,SESS-25073,CART-22073,2025-04-19,412.38,153.77,44.99,Home,1,Returned,Social Media,East,P-83,SKU-3014,412.38,17.64,32.99,VIP,PayPal
ORD-20074,CUST-8030,SESS-25074,CART-22074,1683113168044,177.18,103.77,46.95,Electronics,2,Pending,Social Media,South,P-273,SKU-328,88.59,17.52,14.17,Returning,PayPal
ORD-20075,CUST-8031,SESS-25075,CART-22075,1759311462227,451.44,203.64,27.17,Electronics,4,Pending,Mobile App,East,P-907,SKU-1574,112.86,3.94,36.12,New,PayPal
ORD-20076,CUST-8031,SESS-25076,CART-22076,2023-03-13,381.50,202.66,33.49,Home,2,Pending,Affiliate,International,P-708,SKU-2390,190.75,15.81,30.52,VIP,Debit Card
ORD-20077,CUST-8031,SESS-25077,CART-22077,2023-03-18,154.36,58.13,48.60,Beauty,3,Shipped,Web,International,P-481,SKU-4750,51.45,8.33,12.35,VIP,Credit Card
ORD-20078,CUST-8032,SESS-25078,CART-22078,2026-03-03,495.70,270.18,8.57,Sports,5,Returned,Social Media,West,P-63,SKU-4269,99.14,8.33,39.66,VIP,Crypto
ORD-20079,CUST-8032,SESS-25079,CART-22079,2024-08-17,103.40,42.63,6.34,Fashion,2,Returned,Affiliate,West,P-502,SKU-867,51.70,15.69,8.27,New,PayPal
ORD-20080,CUST-8033,SESS-25080,CART-22080,2025-05-13,,122.43,5.67,Beauty,5,Cancelled,Affiliate,South,P-995,SKU-3065,65.51,7.12,26.20,New,PayPal
ORD-20081,CUST-8033,SESS-25081,CART-22081,2024-07-22,208.28,71.88,10.41,Electronics,5,Pending,Affiliate,International,P-805,SKU-81,41.66,10.28,16.66,New,Debit Card
ORD-20082,CUST-8033,SESS-25082,CART-22082,2023-01-12,390.19,130.80,34.81,Fashion,5,Returned,Mobile App,West,P-417,SKU-192,78.04,10.53,31.22,New,Credit Card
ORD-20083,CUST-8034,SESS-25083,CART-22083,1732983303116,190.17,100.83,29.63,Fashion,4,Shipped,Web,International,P-543,SKU-1304,47.54,19.63,15.21,VIP,PayPal
ORD-20084,CUST-8034,SESS-25084,CART-22084,2025-11-04,323.51,183.76,37.07,Home,4,Cancelled,Social Media,East,P-340,SKU-4309,80.88,14.28,25.88,VIP,PayPal
ORD-20085,CUST-8035,SESS-25085,CART-22085,2023-01-18,226.51,127.33,3.21,Electronics,3,Pending,Mobile App,East,P-494,SKU-2180,75.50,0.56,18.12,Returning,Credit Card
ORD-20086,CUST-8035,SESS-25086,CART-22086,2024-01-08,354.34,161.16,13.24,Sports,4,Shipped,Social Media,East,P-278,SKU-684,88.58,11.15,28.35,Returning,Crypto
ORD-20087,CUST-8035,SESS-25087,CART-22087,12/31/2025,350.83,172.49,11.24,Electronics,2,Cancelled,Web,North,P-994,SKU-224,175.41,5.65,28.07,New,Credit Card
ORD-20088,CUST-8036,SESS-25088,CART-22088,2025-08-20,377.68,219.04,13.92,Fashion,1,Pending,Mobile App,International,P-289,SKU-1296,377.68,16.56,30.21,Returning,PayPal
ORD-20089,CUST-8036,SESS-25089,CART-22089,2026-02-13,214.56,83.34,10.92,,5,Pending,Affiliate,North,P-867,SKU-2477,42.91,16.70,17.16,VIP,PayPal
ORD-20090,CUST-8037,SESS-25090,CART-22090,2023-11-01,73.63,26.54,18.82,Fashion,5,Returned,Mobile App,East,P-510,SKU-4561,14.73,9.69,5.89,VIP,PayPal
ORD-20091,CUST-8037,SESS-25091,CART-22091,2024-07-18,26.51,14.97,45.55,Fashion,2,Returned,Web,South,P-997,SKU-2579,13.25,13.46,2.12,VIP,PayPal
ORD-20092,CUST-8037,SESS-25092,CART-22092,2023-03-22,67.77,24.27,12.14,,2,Pending,Mobile App,East,P-958,SKU-4604,33.89,9.38,5.42,Returning,PayPal
ORD-20093,CUST-8038,SESS-25093,CART-22093,2023-12-08,427.24,155.84,9.47,Electronics,2,Shipped,Social Media,East,P-681,SKU-4482,213.62,12.78,34.18,VIP,Debit Card
ORD-20094,CUST-8038,SESS-25094,CART-22094,6/19/2025,430.66,129.26,45.99,Sports,2,Completed,Affiliate,West,P-334,SKU-4299,215.33,11.99,34.45,Returning,PayPal
ORD-20095,CUST-8039,SESS-25095,CART-22095,2023-09-15,251.73,116.22,47.34,Beauty,1,Returned,Mobile App,East,P-544,SKU-709,251.73,1.58,20.14,New,PayPal
ORD-20096,CUST-8039,SESS-25096,CART-22096,2025-09-13,11.51,6.24,43.04,Home,4,Returned,Web,South,P-781,SKU-3902,2.88,9.68,0.92,Returning,PayPal
ORD-20097,CUST-8039,SESS-25097,CART-22097,2023-07-23,106.60,59.02,29.66,Beauty,5,Cancelled,Affiliate,South,P-209,SKU-1121,21.32,6.39,8.53,Returning,Debit Card
ORD-20098,CUST-8040,SESS-25098,CART-22098,2024-09-26,101.62,43.35,4.23,Sports,1,Cancelled,Social Media,South,P-472,SKU-4691,101.62,17.70,8.13,Returning,Debit Card
ORD-20099,CUST-8040,SESS-25099,CART-22099,2023-02-17,219.77,127.39,13.19,Sports,2,Shipped,Social Media,International,P-326,SKU-4182,109.88,15.22,17.58,VIP,PayPal
ORD-20100,CUST-8041,SESS-25100,CART-22100,2023-07-22,NULL,76.64,46.24,Electronics,3,Returned,Mobile App,West,P-701,SKU-4413,59.65,9.03,14.32,New,Debit Card
ORD-20101,CUST-8041,SESS-25101,CART-22101,2024-11-19,464.95,252.58,35.38,Electronics,5,Completed,Social Media,East,P-747,SKU-2838,92.99,16.22,37.20,VIP,Credit Card
ORD-20102,CUST-8041,SESS-25102,CART-22102,4/30/2024,488.45,287.49,25.94,Beauty,4,Completed,Social Media,West,P-547,SKU-598,122.11,1.30,39.08,VIP,Crypto
ORD-20103,CUST-8042,SESS-25103,CART-22103,2023-01-03,379.79,167.40,10.44,Beauty,2,Completed,Affiliate,West,P-758,SKU-4978,189.89,2.29,30.38,Returning,PayPal
ORD-20104,CUST-8042,SESS-25104,CART-22104,2024-10-01,153.90,57.14,20.02,Sports,1,Completed,Web,West,P-692,SKU-2298,153.90,18.49,12.31,VIP,PayPal
ORD-20105,CUST-8043,SESS-25105,CART-22105,2025-06-07,356.72,194.64,28.88,Electronics,3,Cancelled,Web,International,P-754,SKU-2459,118.91,15.49,28.54,New,Credit Card
ORD-20106,CUST-8043,SESS-25106,CART-22106,2025-04-17,187.63,95.27,27.76,Beauty,4,Pending,Mobile App,East,P-938,SKU-3801,46.91,7.11,15.01,Returning,PayPal
ORD-20107,CUST-8043,SESS-25107,CART-22107,1712490281858,422.96,194.55,36.41,Sports,1,Pending,Web,East,P-336,SKU-4216,422.96,16.78,33.84,New,Crypto
ORD-20108,CUST-8044,SESS-25108,CART-22108,2023-08-20,501.96,267.78,22.39,Home,4,Returned,Web,North,P-630,SKU-1756,125.49,15.80,40.16,VIP,PayPal
ORD-20109,CUST-8044,SESS-25109,CART-22109,2024-02-17,445.15,137.67,17.95,Home,1,Shipped,Mobile App,West,P-538,SKU-1962,445.15,1.22,35.61,VIP,Credit Card
ORD-20110,CUST-8045,SESS-25110,CART-22110,2023-02-14,158.10,54.27,28.13,Electronics,3,Pending,Social Media,South,P-236,SKU-3306,52.70,0.00,12.65,Returning,Credit Card
ORD-20111,CUST-8045,SESS-25111,CART-22111,2025-01-22,55.21,26.77,35.57,Home,4,Shipped,Social Media,East,P-677,SKU-585,13.80,9.32,4.42,VIP,Credit Card
ORD-20112,CUST-8045,SESS-25112,CART-22112,2024-05-02,373.19,222.01,41.27,Beauty,4,Cancelled,Web,South,P-935,SKU-230,93.30,6.97,29.86,New,Crypto
ORD-20113,CUST-8046,SESS-25113,CART-22113,2024-08-01,229.84,94.73,38.61,Home,5,Returned,Affiliate,International,P-958,SKU-3371,45.97,0.77,18.39,Returning,Credit Card
ORD-20114,CUST-8046,SESS-25114,CART-22114,2025-04-27,296.89,110.99,20.13,Sports,5,Returned,Social Media,West,P-173,SKU-3865,59.38,13.74,23.75,Returning,Crypto
ORD-20115,CUST-8047,SESS-25115,CART-22115,2024-07-24,269.80,126.91,11.99,Beauty,5,Shipped,Web,East,P-632,SKU-352,53.96,10.43,21.58,New,Credit Card
ORD-20116,CUST-8047,SESS-25116,CART-22116,2024-05-27,381.41,198.48,17.56,Fashion,5,Shipped,Affiliate,West,P-755,SKU-2346,76.28,13.12,30.51,Returning,Credit Card
ORD-20117,CUST-8047,SESS-25117,CART-22117,2023-02-11,331.99,190.13,26.35,Fashion,3,Shipped,Mobile App,South,P-204,SKU-164,110.66,9.73,26.56,Returning,PayPal
ORD-20118,CUST-8048,SESS-25118,CART-22118,2025-09-19,74.29,25.04,15.32,Sports,5,Completed,Mobile App,South,P-179,SKU-4788,14.86,18.35,5.94,VIP,Debit Card
ORD-20119,CUST-8048,SESS-25119,CART-22119,2024-10-24,357.98,114.09,36.57,Fashion,2,Cancelled,Mobile App,East,P-725,SKU-4528,178.99,0.63,28.64,Returning,Crypto
ORD-20120,CUST-8049,SESS-25120,CART-22120,2025-08-22,375.69,182.87,24.93,Home,1,Shipped,Social Media,International,P-938,SKU-3003,375.69,7.82,30.05,New,Crypto
ORD-20121,CUST-8049,SESS-25121,CART-22121,2025-10-08,433.01,222.18,17.37,Fashion,4,Returned,Web,International,P-543,SKU-1121,108.25,3.30,34.64,New,Crypto
ORD-20122,CUST-8049,SESS-25122,CART-22122,1702734704845,327.77,114.70,42.02,Home,4,Cancelled,Mobile App,South,P-318,SKU-1782,81.94,3.63,26.22,Returning,Debit Card
ORD-20123,CUST-8050,SESS-25123,CART-22123,9/27/2023,282.70,143.75,32.04,Beauty,1,Cancelled,Social Media,East,P-557,SKU-923,282.70,3.97,22.62,Returning,Credit Card
ORD-20124,CUST-8050,SESS-25124,CART-22124,2023-09-01,308.06,109.67,48.51,Fashion,5,Completed,Web,West,P-124,SKU-2276,61.61,19.94,24.65,New,Crypto
ORD-20125,CUST-8051,SESS-25125,CART-22125,2024-08-04,17.73,9.01,45.04,Home,3,Completed,Affiliate,North,P-898,SKU-1397,5.91,14.23,1.42,New,PayPal
ORD-20126,CUST-8051,SESS-25126,CART-22126,2023-07-15,298.00,170.40,41.95,Home,5,Returned,Social Media,West,P-246,SKU-4393,59.60,15.93,23.84,VIP,PayPal
ORD-20127,CUST-8051,SESS-25127,CART-22127,2024-05-21,126.93,46.41,19.23,Home,1,Shipped,Affiliate,North,P-813,SKU-1848,126.93,7.30,10.15,Returning,Debit Card
ORD-20128,CUST-8052,SESS-25128,CART-22128,2023-10-19,365.33,160.22,13.73,Fashion,5,Cancelled,Affiliate,North,P-160,SKU-2134,73.07,6.53,29.23,New,Credit Card
ORD-20129,CUST-8052,SESS-25129,CART-22129,2024-09-18,25.15,10.20,0.72,Electronics,1,Pending,Web,South,P-237,SKU-4907,25.15,6.88,2.01,Returning,Credit Card
ORD-20130,CUST-8053,SESS-25130,CART-22130,2025-05-03,474.47,266.19,27.20,Home,3,Cancelled,Social Media,West,P-63,SKU-321,158.16,12.10,37.96,Returning,Crypto
ORD-20131,CUST-8053,SESS-25131,CART-22131,2025-02-18,178.57,94.56,24.88,Sports,2,Cancelled,Affiliate,East,P-758,SKU-3498,89.28,12.64,14.29,Returning,Crypto
ORD-20132,CUST-8053,SESS-25132,CART-22132,2024-10-12,184.51,72.99,12.34,Beauty,,Shipped,Mobile App,West,P-965,SKU-501,61.50,13.89,14.76,Returning,Debit Card
ORD-20133,CUST-8054,SESS-25133,CART-22133,1727200670441,305.83,177.65,5.96,Beauty,1,Cancelled,Social Media,East,P-143,SKU-3948,305.83,6.89,24.47,New,Debit Card
ORD-20134,CUST-8054,SESS-25134,CART-22134,2024-04-18,392.87,131.41,7.00,Electronics,5,Returned,Affiliate,East,P-999,SKU-612,78.57,17.55,31.43,Returning,Crypto
ORD-20135,CUST-8055,SESS-25135,CART-22135,2023-07-11,125.03,59.25,0.47,NULL,3,Cancelled,Mobile App,East,P-591,SKU-1540,41.68,1.77,10.00,VIP,Debit Card
ORD-20136,CUST-8055,SESS-25136,CART-22136,4/23/2024,381.43,120.73,26.22,Sports,3,Returned,Social Media,East,P-634,SKU-2870,127.14,19.93,30.51,New,PayPal
ORD-20137,CUST-8055,SESS-25137,CART-22137,2024-03-23,390.06,166.45,40.48,Electronics,5,Cancelled,Social Media,North,P-636,SKU-3555,78.01,9.76,31.20,Returning,Credit Card
ORD-20138,CUST-8056,SESS-25138,CART-22138,2023-01-23,125.73,69.28,10.18,Fashion,2,Shipped,Affiliate,East,P-101,SKU-2327,62.87,4.65,10.06,New,PayPal
ORD-20139,CUST-8056,SESS-25139,CART-22139,2024-08-09,319.23,112.24,14.62,Beauty,3,Completed,Social Media,South,P-554,SKU-1221,106.41,14.94,25.54,Returning,Crypto
ORD-20140,CUST-8057,SESS-25140,CART-22140,2025-05-08,39.57,18.61,6.88,Fashion,4,Completed,Affiliate,South,P-325,SKU-2948,9.89,19.77,3.17,VIP,Credit Card
ORD-20141,CUST-8057,SESS-25141,CART-22141,1678773548195,19.44,6.41,45.43,Home,2,Shipped,Affiliate,North,P-322,SKU-1244,9.72,15.08,1.56,New,Crypto
ORD-20142,CUST-8057,SESS-25142,CART-22142,2023-05-06,80.34,30.72,45.75,Fashion,1,Returned,Web,South,P-432,SKU-4122,80.34,9.33,6.43,VIP,Crypto
ORD-20143,CUST-8058,SESS-25143,CART-22143,2023-08-19,311.77,124.59,14.34,Home,3,Cancelled,Web,North,P-201,SKU-4152,103.92,9.39,24.94,New,Debit Card
ORD-20144,CUST-8058,SESS-25144,CART-22144,1748959917460,300.91,145.43,12.58,Sports,2,Completed,Web,East,P-975,SKU-2619,150.46,10.65,24.07,New,Credit Card
ORD-20145,CUST-8059,SESS-25145,CART-22145,2023-01-28,,162.57,30.01,Electronics,4,Completed,Mobile App,North,P-279,SKU-1491,70.97,4.25,22.71,New,Credit Card
ORD-20146,CUST-8059,SESS-25146,CART-22146,2025-02-07,433.34,139.46,18.98,Electronics,2,Returned,Social Media,East,P-375,SKU-494,216.67,19.77,34.67,VIP,Debit Card
ORD-20147,CUST-8059,SESS-25147,CART-22147,2025-08-24,407.41,206.51,0.81,,2,Completed,Mobile App,East,P-424,SKU-1583,203.71,2.24,32.59,VIP,Crypto
ORD-20148,CUST-8060,SESS-25148,CART-22148,2024-07-02,48.29,23.72,31.15,Beauty,1,Pending,Web,South,P-720,SKU-3942,48.29,1.60,3.86,VIP,Debit Card
ORD-20149,CUST-8060,SESS-25149,CART-22149,2024-08-17,307.13,173.64,17.69,Home,4,Pending,Affiliate,South,P-160,SKU-2775,76.78,15.73,24.57,VIP,PayPal
ORD-20150,CUST-8061,SESS-25150,CART-22150,2023-12-12,179.64,76.14,47.46,,2,Cancelled,Affiliate,West,P-164,SKU-2737,89.82,15.16,14.37,VIP,Debit Card
ORD-20151,CUST-8061,SESS-25151,CART-22151,10/10/2025,69.26,35.08,3.96,Electronics,5,Cancelled,Mobile App,International,P-187,SKU-636,13.85,17.84,5.54,New,Debit Card
ORD-20152,CUST-8061,SESS-25152,CART-22152,2025-06-06,383.47,144.41,23.12,Electronics,1,Pending,Social Media,South,P-796,SKU-2133,383.47,5.39,30.68,VIP,Debit Card
ORD-20153,CUST-8062,SESS-25153,CART-22153,10/25/2024,361.39,135.16,9.70,Beauty,3,Returned,Web,International,P-689,SKU-1743,120.46,14.61,28.91,New,PayPal
ORD-20154,CUST-8062,SESS-25154,CART-22154,1681333486520,346.63,156.26,39.07,Sports,4,Pending,Social Media,North,P-306,SKU-320,86.66,3.14,27.73,New,PayPal
ORD-20155,CUST-8063,SESS-25155,CART-22155,2023-07-04,351.17,131.05,16.93,Home,3,Shipped,Mobile App,North,P-84,SKU-831,117.06,14.40,28.09,VIP,Credit Card
ORD-20156,CUST-8063,SESS-25156,CART-22156,2024-09-30,25.12,13.57,10.18,Electronics,4,Returned,Mobile App,North,P-905,SKU-3300,6.28,4.75,2.01,Returning,Credit Card
ORD-20157,CUST-8063,SESS-25157,CART-22157,1759272588359,49.91,18.63,3.33,Electronics,1,Shipped,Social Media,South,P-887,SKU-1344,49.91,16.11,3.99,New,PayPal
ORD-20158,CUST-8064,SESS-25158,CART-22158,2025-04-09,24.42,9.78,1.74,Electronics,3,Returned,Affiliate,South,P-525,SKU-735,8.14,0.50,1.95,Returning,Crypto
ORD-20159,CUST-8064,SESS-25159,CART-22159,2025-10-24,109.24,39.44,17.13,Fashion,3,Pending,Affiliate,West,P-978,SKU-683,36.41,8.75,8.74,New,Crypto
ORD-20160,CUST-8065,SESS-25160,CART-22160,2025-11-01,62.25,25.59,13.17,Fashion,4,Returned,Affiliate,South,P-831,SKU-1518,15.56,5.38,4.98,Returning,Credit Card
ORD-20161,CUST-8065,SESS-25161,CART-22161,2024-06-23,249.31,139.06,1.25,Fashion,2,Pending,Web,West,P-598,SKU-814,124.66,13.67,19.95,Returning,Crypto
ORD-20162,CUST-8065,SESS-25162,CART-22162,2023-05-16,379.88,172.92,22.58,Sports,NULL,Cancelled,Affiliate,North,P-610,SKU-795,126.63,12.99,30.39,New,Debit Card
ORD-20163,CUST-8066,SESS-25163,CART-22163,2023-04-25,11.38,4.03,3.83,Beauty,1,Pending,Web,South,P-635,SKU-3743,11.38,15.37,0.91,VIP,Credit Card
ORD-20164,CUST-8066,SESS-25164,CART-22164,2023-07-23,  232.51  ,69.99,6.39,Electronics,4,Returned,Affiliate,International,P-73,SKU-4652,58.13,19.27,18.60,VIP,PayPal
ORD-20165,CUST-8067,SESS-25165,CART-22165,2024-05-30,265.78,106.72,32.88,Home,3,Returned,Affiliate,West,P-953,SKU-4534,88.59,0.20,21.26,VIP,Crypto
ORD-20166,CUST-8067,SESS-25166,CART-22166,2025-04-25,468.10,177.88,39.86,Beauty,4,Shipped,Affiliate,International,P-943,SKU-3821,117.03,14.57,37.45,Returning,PayPal
ORD-20167,CUST-8067,SESS-25167,CART-22167,2024-10-19,347.99,124.73,21.74,Fashion,1,Cancelled,Mobile App,International,P-224,SKU-37,347.99,0.36,27.84,Returning,Crypto
ORD-20168,CUST-8068,SESS-25168,CART-22168,2023-08-31,482.00,155.92,18.25,Beauty,2,Cancelled,Social Media,East,P-909,SKU-232,241.00,4.67,38.56,New,PayPal
ORD-20169,CUST-8068,SESS-25169,CART-22169,2025-10-28,220.86,68.27,6.94,Fashion,3,Pending,Web,East,P-740,SKU-4111,73.62,1.31,17.67,Returning,Credit Card
ORD-20170,CUST-8069,SESS-25170,CART-22170,2023-05-25,79.82,30.01,40.75,Home,5,Returned,Mobile App,East,P-545,SKU-1718,15.96,18.58,6.39,New,Crypto
ORD-20171,CUST-8069,SESS-25171,CART-22171,2025-12-10,263.02,87.56,27.10,Electronics,5,Pending,Affiliate,East,P-420,SKU-3521,52.60,11.33,21.04,VIP,Crypto
ORD-20172,CUST-8069,SESS-25172,CART-22172,2024-03-30,181.01,61.31,3.93,Electronics,5,Cancelled,Web,West,P-991,SKU-3356,36.20,7.19,14.48,New,Credit Card
ORD-20173,CUST-8070,SESS-25173,CART-22173,2023-02-20,136.26,67.10,33.70,Electronics,4,Pending,Web,East,P-394,SKU-2352,34.06,16.79,10.90,VIP,PayPal
ORD-20174,CUST-8070,SESS-25174,CART-22174,1737121017961,499.86,191.45,25.04,Home,2,Shipped,Social Media,North,P-497,SKU-3896,249.93,10.78,39.99,VIP,PayPal
ORD-20175,CUST-8071,SESS-25175,CART-22175,2026-01-25,187.25,61.58,49.67,Fashion,4,Returned,Mobile App,South,P-731,SKU-3684,46.81,5.51,14.98,New,Debit Card
ORD-20176,CUST-8071,SESS-25176,CART-22176,2023-05-01,436.23,216.33,40.71,Home,4,Shipped,Web,East,P-74,SKU-1396,109.06,3.25,34.90,New,Debit Card
ORD-20177,CUST-8071,SESS-25177,CART-22177,2025-08-01,359.72,161.18,11.63,Home,3,Completed,Web,East,P-288,SKU-1309,119.91,11.84,28.78,VIP,Crypto
ORD-20178,CUST-8072,SESS-25178,CART-22178,2025-04-06,379.26,153.14,47.46,Beauty,5,Returned,Web,West,P-186,SKU-3346,75.85,3.46,30.34,Returning,PayPal
ORD-20179,CUST-8072,SESS-25179,CART-22179,2025-12-11,184.39,93.23,48.35,Home,4,Shipped,Mobile App,North,P-925,SKU-3175,46.10,17.21,14.75,New,PayPal
ORD-20180,CUST-8073,SESS-25180,CART-22180,2025-03-16,54.64,20.02,41.75,Fashion,2,Cancelled,Mobile App,West,P-49,SKU-3892,27.32,7.93,4.37,VIP,Debit Card
ORD-20181,CUST-8073,SESS-25181,CART-22181,2024-10-21,225.98,130.75,39.53,Electronics,2,Returned,Affiliate,West,P-544,SKU-3510,112.99,19.72,18.08,VIP,Crypto
ORD-20182,CUST-8073,SESS-25182,CART-22182,2025-06-06,117.18,39.08,35.15,Electronics,3,Pending,Social Media,North,P-285,SKU-1775,39.06,1.54,9.37,Returning,Crypto
ORD-20183,CUST-8074,SESS-25183,CART-22183,2023-01-18,67.81,25.94,15.05,Sports,2,Pending,Web,South,P-143,SKU-285,33.91,6.74,5.42,VIP,Credit Card
ORD-20184,CUST-8074,SESS-25184,CART-22184,1704245066195,13.67,7.72,22.60,Home,1,Pending,Web,East,P-136,SKU-3918,13.67,8.94,1.09,New,Debit Card
ORD-20185,CUST-8075,SESS-25185,CART-22185,2025-08-13,392.93,207.89,42.01,Sports,3,Shipped,Mobile App,West,P-428,SKU-3401,130.98,2.33,31.43,VIP,Debit Card
ORD-20186,CUST-8075,SESS-25186,CART-22186,2025-06-29,134.97,47.04,25.31,Fashion,1,Completed,Affiliate,South,P-394,SKU-3658,134.97,19.87,10.80,Returning,Crypto
ORD-20187,CUST-8075,SESS-25187,CART-22187,2023-02-25,215.40,75.87,27.48,Electronics,1,Shipped,Mobile App,South,P-860,SKU-3621,215.40,17.84,17.23,Returning,PayPal
ORD-20188,CUST-8076,SESS-25188,CART-22188,2023-09-07,382.36,183.53,25.80,Electronics,1,Pending,Web,South,P-743,SKU-3999,382.36,9.06,30.59,Returning,Crypto
ORD-20189,CUST-8076,SESS-25189,CART-22189,2024-07-02,100.01,41.05,47.50,Sports,2,Completed,Mobile App,International,P-950,SKU-199,50.01,16.95,8.00,New,Credit Card
ORD-20190,CUST-8077,SESS-25190,CART-22190,2025-07-27,286.29,163.54,11.16,Home,,Cancelled,Web,International,P-88,SKU-2899,71.57,15.24,22.90,Returning,Credit Card
ORD-20191,CUST-8077,SESS-25191,CART-22191,2024-07-28,54.99,16.69,19.52,Beauty,3,Completed,Social Media,International,P-889,SKU-525,18.33,6.42,4.40,Returning,PayPal
ORD-20192,CUST-8077,SESS-25192,CART-22192,2025-11-04,252.17,80.59,30.71,Beauty,5,Completed,Mobile App,East,P-341,SKU-4170,50.43,12.48,20.17,VIP,Debit Card
ORD-20193,CUST-8078,SESS-25193,CART-22193,5/8/2024,343.29,173.42,7.11,Beauty,1,Shipped,Social Media,South,P-544,SKU-3717,343.29,8.64,27.46,New,PayPal
ORD-20194,CUST-8078,SESS-25194,CART-22194,2025-05-14,416.80,147.70,45.08,Beauty,1,Cancelled,Social Media,South,P-221,SKU-3646,416.80,9.66,33.34,New,Crypto
ORD-20195,CUST-8079,SESS-25195,CART-22195,2024-01-09,248.85,113.23,23.93,Beauty,2,Completed,Mobile App,International,P-353,SKU-4265,124.43,8.20,19.91,New,PayPal
ORD-20196,CUST-8079,SESS-25196,CART-22196,2025-01-09,490.04,279.05,24.80,Electronics,4,Cancelled,Web,International,P-701,SKU-3309,122.51,7.19,39.20,New,Crypto
ORD-20197,CUST-8079,SESS-25197,CART-22197,2023-12-21,322.54,125.44,9.01,Home,2,Completed,Social Media,West,P-733,SKU-697,161.27,15.32,25.80,VIP,Credit Card
ORD-20198,CUST-8080,SESS-25198,CART-22198,2025-08-21,81.31,25.60,31.60,Beauty,5,Cancelled,Web,West,P-98,SKU-2449,16.26,18.71,6.50,New,Crypto
ORD-20199,CUST-8080,SESS-25199,CART-22199,2025-03-09,198.02,60.55,41.68,Fashion,2,Completed,Mobile App,South,P-100,SKU-121,99.01,19.39,15.84,New,Credit Card
ORD-20200,CUST-8081,SESS-25200,CART-22200,2024-01-18,332.36,171.96,2.22,Fashion,4,Cancelled,Social Media,South,P-792,SKU-1650,83.09,12.33,26.59,New,Debit Card
ORD-20201,CUST-8081,SESS-25201,CART-22201,2025-05-12,236.87,135.73,41.72,Sports,4,Returned,Social Media,West,P-718,SKU-3695,59.22,9.91,18.95,New,Debit Card
ORD-20202,CUST-8081,SESS-25202,CART-22202,2023-01-03,115.25,47.05,4.77,,2,Shipped,Affiliate,East,P-451,SKU-1129,57.62,5.42,9.22,VIP,Crypto
ORD-20203,CUST-8082,SESS-25203,CART-22203,2024-08-19,53.61,31.67,12.11,Fashion,3,Completed,Affiliate,West,P-909,SKU-3640,17.87,6.35,4.29,Returning,Credit Card
ORD-20204,CUST-8082,SESS-25204,CART-22204,2025-09-27,285.06,119.33,11.97,Fashion,5,Pending,Mobile App,International,P-410,SKU-2763,57.01,5.53,22.80,VIP,PayPal
ORD-20205,CUST-8083,SESS-25205,CART-22205,2024-07-02,80.95,48.13,29.16,Home,5,Returned,Affiliate,East,P-36,SKU-850,16.19,8.42,6.48,VIP,Credit Card
ORD-20206,CUST-8083,SESS-25206,CART-22206,2024-09-25,231.61,130.17,46.93,Sports,5,Shipped,Social Media,International,P-776,SKU-1541,46.32,11.45,18.53,New,Credit Card
ORD-20207,CUST-8083,SESS-25207,CART-22207,2023-11-08,113.53,41.06,33.53,  home  ,3,Returned,Social Media,North,P-99,SKU-1947,37.84,4.88,9.08,VIP,Crypto
ORD-20208,CUST-8084,SESS-25208,CART-22208,2026-01-15,505.32,223.88,36.10,Beauty,4,Cancelled,Affiliate,West,P-431,SKU-3217,126.33,11.91,40.43,Returning,Credit Card
ORD-20209,CUST-8084,SESS-25209,CART-22209,2024-10-01,21.31,7.13,14.07,Home,3,Cancelled,Web,West,P-890,SKU-2423,7.10,8.34,1.70,New,PayPal
ORD-20210,CUST-8085,SESS-25210,CART-22210,2025-11-03,253.25,139.31,25.63,Home,3,Completed,Social Media,International,P-75,SKU-1383,84.42,6.02,20.26,Returning,Credit Card
ORD-20211,CUST-8085,SESS-25211,CART-22211,2024-11-11,494.48,229.05,9.55,Home,2,Cancelled,Social Media,East,P-808,SKU-3073,247.24,11.89,39.56,Returning,Debit Card
ORD-20212,CUST-8085,SESS-25212,CART-22212,12/30/2024,112.37,52.78,18.15,Fashion,3,Returned,Social Media,South,P-241,SKU-4619,37.46,18.12,8.99,Returning,PayPal
ORD-20213,CUST-8086,SESS-25213,CART-22213,2025-12-23,123.39,69.69,11.54,Home,1,Cancelled,Affiliate,North,P-755,SKU-2337,123.39,0.94,9.87,VIP,Credit Card
ORD-20214,CUST-8086,SESS-25214,CART-22214,2025-10-13,248.16,135.21,16.93,Electronics,4,Shipped,Mobile App,North,P-983,SKU-1339,62.04,5.26,19.85,Returning,Credit Card
ORD-20215,CUST-8087,SESS-25215,CART-22215,2024-06-06,,15.35,4.80,Home,5,Pending,Mobile App,East,P-920,SKU-4069,7.67,1.48,3.07,New,Debit Card
ORD-20216,CUST-8087,SESS-25216,CART-22216,2026-01-09,215.43,92.61,2.83,Electronics,5,Completed,Mobile App,International,P-633,SKU-4099,43.09,5.46,17.23,Returning,Debit Card
ORD-20217,CUST-8087,SESS-25217,CART-22217,2025-09-08,70.41,32.66,13.30,Sports,4,Pending,Social Media,West,P-140,SKU-4523,17.60,15.71,5.63,VIP,Debit Card
ORD-20218,CUST-8088,SESS-25218,CART-22218,2025-05-22,292.68,115.35,5.08,NULL,1,Shipped,Social Media,International,P-656,SKU-769,292.68,4.26,23.41,VIP,Credit Card
ORD-20219,CUST-8088,SESS-25219,CART-22219,2023-04-05,12.29,6.38,39.81,Electronics,3,Cancelled,Affiliate,West,P-659,SKU-1316,4.10,12.83,0.98,New,Debit Card
ORD-20220,CUST-8089,SESS-25220,CART-22220,2024-06-03,100.99,50.27,41.81,Beauty,4,Returned,Mobile App,International,P-523,SKU-4800,25.25,17.24,8.08,VIP,PayPal
ORD-20221,CUST-8089,SESS-25221,CART-22221,2024-01-30,200.51,76.08,20.22,Sports,3,Cancelled,Affiliate,South,P-888,SKU-3112,66.84,3.64,16.04,VIP,Crypto
ORD-20222,CUST-8089,SESS-25222,CART-22222,2024-04-20,301.77,122.32,23.67,Home,3,Completed,Affiliate,West,P-490,SKU-1064,100.59,12.64,24.14,VIP,Debit Card
ORD-20223,CUST-8090,SESS-25223,CART-22223,10/1/2023,174.02,83.34,33.49,Electronics,1,Cancelled,Web,West,P-271,SKU-4094,174.02,16.74,13.92,Returning,Credit Card
ORD-20224,CUST-8090,SESS-25224,CART-22224,2024-10-27,184.09,65.34,45.52,Electronics,4,Shipped,Mobile App,South,P-469,SKU-3871,46.02,7.57,14.73,VIP,Crypto
ORD-20225,CUST-8091,SESS-25225,CART-22225,2023-01-22,385.34,116.02,3.27,Home,5,Pending,Mobile App,North,P-481,SKU-1141,77.07,10.73,30.83,Returning,Crypto
ORD-20226,CUST-8091,SESS-25226,CART-22226,2023-11-20,385.81,181.00,7.99,Fashion,4,Cancelled,Affiliate,International,P-961,SKU-4293,96.45,3.90,30.86,New,Debit Card
ORD-20227,CUST-8091,SESS-25227,CART-22227,2025-11-06,308.48,130.88,34.75,Fashion,2,Completed,Web,South,P-387,SKU-979,154.24,14.77,24.68,New,PayPal
ORD-20228,CUST-8092,SESS-25228,CART-22228,2023-11-29,29.01,12.28,44.17,Home,3,Pending,Web,West,P-415,SKU-1373,9.67,6.11,2.32,VIP,PayPal
ORD-20229,CUST-8092,SESS-25229,CART-22229,2025-01-28,,151.72,40.18,Sports,3,Shipped,Mobile App,South,P-559,SKU-2257,115.66,5.26,27.76,VIP,PayPal
ORD-20230,CUST-8093,SESS-25230,CART-22230,1743288012034,104.55,58.18,31.61,Home,2,Shipped,Affiliate,East,P-955,SKU-4690,52.28,0.77,8.36,VIP,Credit Card
ORD-20231,CUST-8093,SESS-25231,CART-22231,2023-06-10,101.17,57.10,26.25,  electronics  ,1,Completed,Social Media,North,P-656,SKU-4376,101.17,19.65,8.09,New,PayPal
ORD-20232,CUST-8093,SESS-25232,CART-22232,2024-02-07,476.34,158.22,25.42,Electronics,5,Shipped,Mobile App,East,P-295,SKU-4748,95.27,1.40,38.11,New,PayPal
ORD-20233,CUST-8094,SESS-25233,CART-22233,2024-10-27,NULL,10.18,8.38,Sports,4,Shipped,Affiliate,International,P-246,SKU-3031,4.85,0.52,1.55,Returning,Credit Card
ORD-20234,CUST-8094,SESS-25234,CART-22234,2024-07-26,152.49,55.72,42.30,Sports,4,Returned,Mobile App,East,P-552,SKU-1518,38.12,7.95,12.20,Returning,Crypto
ORD-20235,CUST-8095,SESS-25235,CART-22235,2026-02-22,398.18,142.07,41.18,Electronics,2,Shipped,Affiliate,South,P-907,SKU-4057,199.09,4.38,31.85,Returning,Credit Card
ORD-20236,CUST-8095,SESS-25236,CART-22236,1692796332338,136.40,77.69,21.08,Beauty,2,Cancelled,Social Media,International,P-691,SKU-4054,68.20,3.93,10.91,VIP,Crypto
ORD-20237,CUST-8095,SESS-25237,CART-22237,1678230081708,487.30,270.21,29.34,Beauty,4,Pending,Affiliate,South,P-601,SKU-2285,121.82,19.01,38.98,VIP,Crypto
ORD-20238,CUST-8096,SESS-25238,CART-22238,2025-01-26,134.33,52.09,36.21,Fashion,3,Pending,Affiliate,North,P-78,SKU-410,44.78,5.43,10.75,VIP,PayPal
ORD-20239,CUST-8096,SESS-25239,CART-22239,2024-03-29,13.25,6.49,33.99,Fashion,1,Shipped,Mobile App,West,P-952,SKU-4851,13.25,6.81,1.06,New,Credit Card
ORD-20240,CUST-8097,SESS-25240,CART-22240,2025-05-28,489.08,169.73,47.61,Sports,1,Cancelled,Social Media,East,P-923,SKU-3499,489.08,17.48,39.13,VIP,Credit Card
ORD-20241,CUST-8097,SESS-25241,CART-22241,2023-08-17,208.86,81.36,29.03,Fashion,3,Shipped,Social Media,North,P-577,SKU-3929,69.62,13.15,16.71,Returning,Debit Card
ORD-20242,CUST-8097,SESS-25242,CART-22242,2023-06-01,172.17,70.22,19.51,Sports,2,Shipped,Social Media,East,P-791,SKU-4820,86.08,7.25,13.77,VIP,PayPal
ORD-20243,CUST-8098,SESS-25243,CART-22243,2024-01-31,339.85,169.05,48.54,Home,5,Cancelled,Web,International,P-289,SKU-3384,67.97,16.90,27.19,Returning,Crypto
ORD-20244,CUST-8098,SESS-25244,CART-22244,2024-09-16,394.83,189.49,7.43,Home,1,Cancelled,Web,International,P-198,SKU-993,394.83,0.80,31.59,VIP,Debit Card
ORD-20245,CUST-8099,SESS-25245,CART-22245,2024-04-05,369.36,163.69,28.75,Fashion,3,Cancelled,Affiliate,West,P-409,SKU-3359,123.12,15.50,29.55,New,Credit Card
ORD-20246,CUST-8099,SESS-25246,CART-22246,2024-01-02,236.89,76.82,16.58,Home,3,Returned,Mobile App,North,P-197,SKU-2254,78.96,19.45,18.95,Returning,Debit Card
ORD-20247,CUST-8099,SESS-25247,CART-22247,2023-02-09,380.61,163.72,24.83,Beauty,1,Returned,Mobile App,South,P-198,SKU-175,380.61,3.27,30.45,VIP,Crypto
ORD-20248,CUST-8100,SESS-25248,CART-22248,2025-05-22,442.85,174.20,33.96,Electronics,4,Cancelled,Affiliate,North,P-55,SKU-4727,110.71,7.73,35.43,VIP,Crypto
ORD-20249,CUST-8100,SESS-25249,CART-22249,2024-01-01,482.38,265.52,1.45,Fashion,1,Returned,Mobile App,East,P-903,SKU-3379,482.38,5.27,38.59,VIP,Debit Card
ORD-20250,CUST-8101,SESS-25250,CART-22250,2025-02-03,218.43,110.41,27.62,Beauty,2,Returned,Web,International,P-73,SKU-727,109.22,7.59,17.47,VIP,Debit Card
ORD-20251,CUST-8101,SESS-25251,CART-22251,2025-08-31,123.42,47.64,6.56,Electronics,4,Returned,Web,East,P-648,SKU-338,30.86,1.47,9.87,Returning,Credit Card
ORD-20252,CUST-8101,SESS-25252,CART-22252,2025-07-04,76.47,41.01,12.11,Electronics,5,Completed,Social Media,South,P-245,SKU-4913,15.29,9.71,6.12,Returning,Debit Card
ORD-20253,CUST-8102,SESS-25253,CART-22253,2023-02-16,397.63,180.55,22.86,Beauty,3,Completed,Affiliate,International,P-105,SKU-3098,132.54,2.90,31.81,New,Crypto
ORD-20254,CUST-8102,SESS-25254,CART-22254,2023-04-26,176.70,103.99,12.72,Fashion,2,Cancelled,Mobile App,North,P-506,SKU-2894,88.35,2.01,14.14,Returning,Debit Card
ORD-20255,CUST-8103,SESS-25255,CART-22255,2023-09-12,69.14,28.57,3.03,Sports,2,Completed,Social Media,North,P-861,SKU-2133,34.57,7.18,5.53,Returning,Crypto
ORD-20256,CUST-8103,SESS-25256,CART-22256,1710183193264,397.22,187.63,47.35,Home,2,Completed,Mobile App,East,P-846,SKU-2120,198.61,7.71,31.78,New,Debit Card
ORD-20257,CUST-8103,SESS-25257,CART-22257,2024-04-20,31.27,16.16,48.80,  electronics  ,1,Completed,Mobile App,South,P-505,SKU-4027,31.27,15.76,2.50,New,PayPal
ORD-20258,CUST-8104,SESS-25258,CART-22258,2025-10-13,190.89,76.95,46.50,Sports,4,Returned,Affiliate,North,P-319,SKU-4533,47.72,18.24,15.27,New,PayPal
ORD-20259,CUST-8104,SESS-25259,CART-22259,2023-08-27,153.32,50.83,26.35,Sports,4,Shipped,Affiliate,West,P-784,SKU-3384,38.33,2.46,12.27,Returning,Crypto
ORD-20260,CUST-8105,SESS-25260,CART-22260,2024-12-31,  497.18  ,277.99,45.52,Sports,3,Shipped,Mobile App,North,P-595,SKU-24,165.73,12.52,39.77,Returning,Debit Card
ORD-20261,CUST-8105,SESS-25261,CART-22261,2023-11-16,332.83,169.78,31.51,Electronics,1,Pending,Web,North,P-430,SKU-611,332.83,16.49,26.63,VIP,PayPal
ORD-20262,CUST-8105,SESS-25262,CART-22262,2025-07-28,464.72,190.72,30.27,Electronics,4,Shipped,Web,North,P-593,SKU-1546,116.18,17.55,37.18,New,Crypto
ORD-20263,CUST-8106,SESS-25263,CART-22263,2025-06-02,448.43,249.61,40.37,Home,3,Pending,Mobile App,South,P-655,SKU-2117,149.48,18.74,35.87,New,Crypto
ORD-20264,CUST-8106,SESS-25264,CART-22264,2024-01-30,488.01,240.22,12.00,Home,3,Returned,Web,North,P-22,SKU-2153,162.67,13.55,39.04,VIP,Debit Card
ORD-20265,CUST-8107,SESS-25265,CART-22265,2025-03-20,295.97,166.08,5.93,Beauty,4,Pending,Mobile App,West,P-577,SKU-1117,73.99,6.40,23.68,VIP,Debit Card
ORD-20266,CUST-8107,SESS-25266,CART-22266,2025-01-19,501.10,255.62,45.26,Home,4,Pending,Mobile App,South,P-622,SKU-4890,125.27,14.21,40.09,Returning,Debit Card
ORD-20267,CUST-8107,SESS-25267,CART-22267,1761893291639,20.24,10.60,46.54,Fashion,4,Cancelled,Mobile App,East,P-934,SKU-2164,5.06,5.42,1.62,VIP,Crypto
ORD-20268,CUST-8108,SESS-25268,CART-22268,2025-03-15,213.21,83.51,7.93,Sports,1,Shipped,Affiliate,North,P-788,SKU-3255,213.21,10.04,17.06,New,PayPal
ORD-20269,CUST-8108,SESS-25269,CART-22269,2023-08-27,181.57,79.55,43.06,  beauty  ,4,Pending,Affiliate,West,P-885,SKU-4755,45.39,12.09,14.53,New,PayPal
ORD-20270,CUST-8109,SESS-25270,CART-22270,2025-02-25,173.26,103.44,20.89,Fashion,1,Pending,Social Media,West,P-482,SKU-1788,173.26,1.15,13.86,VIP,PayPal
ORD-20271,CUST-8109,SESS-25271,CART-22271,2023-12-06,15.59,7.62,37.53,Electronics,5,Pending,Mobile App,South,P-403,SKU-758,3.12,4.17,1.25,New,Debit Card
ORD-20272,CUST-8109,SESS-25272,CART-22272,2025-12-25,177.92,65.68,18.11,Home,5,Completed,Affiliate,International,P-866,SKU-4694,35.58,6.96,14.23,VIP,Crypto
ORD-20273,CUST-8110,SESS-25273,CART-22273,4/20/2024,328.73,130.69,41.60,Home,5,Shipped,Mobile App,North,P-569,SKU-2525,65.75,12.95,26.30,New,PayPal
ORD-20274,CUST-8110,SESS-25274,CART-22274,2026-01-12,  198.71  ,75.60,1.99,Home,2,Returned,Affiliate,West,P-349,SKU-708,99.35,13.74,15.90,Returning,Debit Card
ORD-20275,CUST-8111,SESS-25275,CART-22275,2025-12-30,407.53,178.60,36.57,Home,2,Completed,Affiliate,South,P-774,SKU-2443,203.76,3.63,32.60,Returning,Credit Card
ORD-20276,CUST-8111,SESS-25276,CART-22276,2026-02-26,300.93,149.28,30.51,Beauty,2,Pending,Web,North,P-807,SKU-2533,150.46,3.37,24.07,Returning,Crypto
ORD-20277,CUST-8111,SESS-25277,CART-22277,2023-07-01,130.89,73.58,16.49,Sports,2,Cancelled,Social Media,East,P-491,SKU-1622,65.44,19.44,10.47,VIP,Debit Card
ORD-20278,CUST-8112,SESS-25278,CART-22278,2025-06-15,31.26,12.63,31.53,Home,2,Completed,Web,East,P-997,SKU-4607,15.63,19.21,2.50,VIP,PayPal
ORD-20279,CUST-8112,SESS-25279,CART-22279,2023-10-31,83.17,27.45,14.42,Sports,3,Returned,Social Media,South,P-223,SKU-1436,27.72,10.83,6.65,New,Crypto
ORD-20280,CUST-8113,SESS-25280,CART-22280,2025-05-05,366.01,199.97,46.75,Fashion,,Pending,Affiliate,International,P-81,SKU-4561,366.01,7.00,29.28,VIP,Debit Card
ORD-20281,CUST-8113,SESS-25281,CART-22281,2024-08-30,373.30,119.76,26.46,Fashion,5,Cancelled,Affiliate,West,P-51,SKU-1232,74.66,12.62,29.86,VIP,PayPal
ORD-20282,CUST-8113,SESS-25282,CART-22282,2025-01-25,263.55,126.09,40.85,Electronics,3,Pending,Affiliate,International,P-463,SKU-3328,87.85,0.86,21.08,VIP,Debit Card
ORD-20283,CUST-8114,SESS-25283,CART-22283,2024-04-06,20.77,8.94,21.89,Beauty,2,Cancelled,Mobile App,East,P-626,SKU-2890,10.38,0.57,1.66,New,PayPal
ORD-20284,CUST-8114,SESS-25284,CART-22284,2024-06-23,304.86,127.81,47.12,,4,Pending,Web,South,P-790,SKU-4292,76.22,0.74,24.39,New,Crypto
ORD-20285,CUST-8115,SESS-25285,CART-22285,2023-05-13,354.72,178.53,40.52,Sports,4,Cancelled,Affiliate,North,P-76,SKU-4471,88.68,9.08,28.38,New,Crypto
ORD-20286,CUST-8115,SESS-25286,CART-22286,2025-05-17,467.57,187.38,27.42,Home,5,Pending,Mobile App,East,P-457,SKU-1791,93.51,13.47,37.41,Returning,Debit Card
ORD-20287,CUST-8115,SESS-25287,CART-22287,2024-02-25,284.10,134.24,7.50,Sports,3,Shipped,Social Media,West,P-499,SKU-3389,94.70,12.36,22.73,Returning,Debit Card
ORD-20288,CUST-8116,SESS-25288,CART-22288,2023-03-25,439.38,244.84,10.08,Beauty,5,Cancelled,Affiliate,International,P-890,SKU-2483,87.88,8.87,35.15,New,Credit Card
ORD-20289,CUST-8116,SESS-25289,CART-22289,2023-02-16,87.75,33.42,29.24,Beauty,2,Cancelled,Web,South,P-421,SKU-668,43.87,17.36,7.02,Returning,PayPal
ORD-20290,CUST-8117,SESS-25290,CART-22290,2025-01-13,386.68,195.59,43.59,Home,2,Pending,Mobile App,South,P-157,SKU-4155,193.34,6.27,30.93,New,Debit Card
ORD-20291,CUST-8117,SESS-25291,CART-22291,2023-11-11,316.30,138.61,49.84,Sports,1,Shipped,Web,South,P-606,SKU-4250,316.30,16.25,25.30,VIP,Crypto
ORD-20292,CUST-8117,SESS-25292,CART-22292,2024-04-15,342.50,179.57,34.19,Home,5,Pending,Web,East,P-89,SKU-1513,68.50,6.68,27.40,VIP,Credit Card
ORD-20293,CUST-8118,SESS-25293,CART-22293,1734083340018,167.67,91.53,16.89,Beauty,,Cancelled,Affiliate,East,P-87,SKU-4108,33.53,11.48,13.41,VIP,Credit Card
ORD-20294,CUST-8118,SESS-25294,CART-22294,5/26/2023,52.63,25.02,44.86,Home,5,Pending,Affiliate,West,P-740,SKU-2305,10.53,1.54,4.21,Returning,Debit Card
ORD-20295,CUST-8119,SESS-25295,CART-22295,2024-02-18,109.13,35.33,20.45,Sports,5,Pending,Affiliate,South,P-522,SKU-4581,21.83,2.67,8.73,VIP,PayPal
ORD-20296,CUST-8119,SESS-25296,CART-22296,2023-08-26,100.69,36.42,11.68,Sports,3,Pending,Web,East,P-275,SKU-293,33.56,15.74,8.06,New,Debit Card
ORD-20297,CUST-8119,SESS-25297,CART-22297,2024-12-01,235.17,88.86,29.96,Fashion,5,Completed,Social Media,West,P-311,SKU-4123,47.03,9.84,18.81,VIP,PayPal
ORD-20298,CUST-8120,SESS-25298,CART-22298,12/13/2025,141.67,50.53,38.03,Fashion,1,Shipped,Affiliate,North,P-328,SKU-3811,141.67,5.11,11.33,VIP,Crypto
ORD-20299,CUST-8120,SESS-25299,CART-22299,2026-01-18,470.16,249.02,23.40,Sports,4,Shipped,Affiliate,West,P-941,SKU-4713,117.54,3.59,37.61,New,Credit Card
ORD-20300,CUST-8121,SESS-25300,CART-22300,2025-05-27,375.94,183.88,35.67,Fashion,4,Completed,Affiliate,South,P-336,SKU-4073,93.99,4.70,30.08,New,Credit Card
ORD-20301,CUST-8121,SESS-25301,CART-22301,2024-08-17,337.69,161.16,6.26,Fashion,2,Returned,Social Media,International,P-162,SKU-3342,168.84,12.09,27.01,New,Crypto
ORD-20302,CUST-8121,SESS-25302,CART-22302,1720244881709,387.56,197.44,16.10,Home,5,Shipped,Social Media,South,P-150,SKU-2119,77.51,0.03,31.00,New,Credit Card
ORD-20303,CUST-8122,SESS-25303,CART-22303,4/30/2025,359.61,191.89,31.09,Electronics,2,Completed,Mobile App,South,P-752,SKU-927,179.80,8.37,28.77,VIP,Crypto
ORD-20304,CUST-8122,SESS-25304,CART-22304,2023-03-17,324.85,105.62,46.88,Home,2,Pending,Mobile App,West,P-733,SKU-1441,162.43,15.79,25.99,VIP,Crypto
ORD-20305,CUST-8123,SESS-25305,CART-22305,2024-12-20,58.39,33.41,2.81,Electronics,3,Returned,Web,South,P-905,SKU-1886,19.46,10.52,4.67,New,Crypto
ORD-20306,CUST-8123,SESS-25306,CART-22306,2024-06-10,393.02,149.56,33.73,Beauty,5,Shipped,Social Media,East,P-538,SKU-4629,78.60,3.40,31.44,New,Debit Card
ORD-20307,CUST-8123,SESS-25307,CART-22307,2023-01-06,460.58,194.83,35.10,Home,2,Shipped,Affiliate,North,P-51,SKU-516,230.29,16.27,36.85,New,Crypto
ORD-20308,CUST-8124,SESS-25308,CART-22308,2024-04-11,55.12,16.63,8.33,Home,5,Shipped,Social Media,North,P-38,SKU-30,11.02,2.28,4.41,VIP,Debit Card
ORD-20309,CUST-8124,SESS-25309,CART-22309,2023-03-15,17.03,8.65,21.06,Beauty,2,Shipped,Social Media,West,P-40,SKU-1777,8.52,10.82,1.36,VIP,Crypto
ORD-20310,CUST-8125,SESS-25310,CART-22310,2023-03-06,19.44,8.44,19.14,Electronics,4,Pending,Social Media,West,P-550,SKU-4232,4.86,19.69,1.56,VIP,Debit Card
ORD-20311,CUST-8125,SESS-25311,CART-22311,2025-04-04,442.78,261.45,33.54,Fashion,4,Completed,Web,North,P-343,SKU-91,110.70,15.27,35.42,New,Debit Card
ORD-20312,CUST-8125,SESS-25312,CART-22312,2024-11-24,125.93,47.07,19.66,Home,2,Shipped,Affiliate,East,P-832,SKU-505,62.96,13.83,10.07,VIP,Credit Card
ORD-20313,CUST-8126,SESS-25313,CART-22313,2023-09-12,55.00,25.52,20.87,Home,4,Pending,Social Media,West,P-321,SKU-3352,13.75,5.39,4.40,VIP,Credit Card
ORD-20314,CUST-8126,SESS-25314,CART-22314,1/1/2023,62.85,29.26,0.47,Fashion,1,Cancelled,Mobile App,International,P-280,SKU-1011,62.85,5.46,5.03,VIP,Credit Card
ORD-20315,CUST-8127,SESS-25315,CART-22315,2024-01-25,172.12,81.35,43.28,Home,5,Pending,Web,International,P-884,SKU-134,34.42,13.69,13.77,VIP,Crypto
ORD-20316,CUST-8127,SESS-25316,CART-22316,1757868086391,319.39,138.78,20.25,Beauty,1,Pending,Social Media,North,P-97,SKU-624,319.39,2.76,25.55,VIP,Crypto
ORD-20317,CUST-8127,SESS-25317,CART-22317,2025-08-16,  20.95  ,10.08,43.20,Sports,2,Returned,Social Media,East,P-124,SKU-427,10.47,3.38,1.68,Returning,PayPal
ORD-20318,CUST-8128,SESS-25318,CART-22318,2024-08-09,430.44,143.04,34.37,Fashion,3,Cancelled,Web,North,P-427,SKU-3516,143.48,15.74,34.43,Returning,Credit Card
ORD-20319,CUST-8128,SESS-25319,CART-22319,2023-11-02,186.79,85.03,27.53,Beauty,2,Pending,Web,West,P-839,SKU-950,93.39,8.79,14.94,Returning,Debit Card
ORD-20320,CUST-8129,SESS-25320,CART-22320,2025-12-06,213.13,90.37,19.95,Fashion,1,Pending,Mobile App,International,P-603,SKU-1157,213.13,5.92,17.05,New,Credit Card
ORD-20321,CUST-8129,SESS-25321,CART-22321,2024-12-03,383.52,124.60,40.70,Electronics,4,Pending,Social Media,International,P-973,SKU-131,95.88,10.39,30.68,New,PayPal
ORD-20322,CUST-8129,SESS-25322,CART-22322,1718141844407,283.23,123.21,27.59,Home,4,Completed,Web,East,P-296,SKU-1144,70.81,17.47,22.66,Returning,Crypto
ORD-20323,CUST-8130,SESS-25323,CART-22323,2025-09-13,270.66,84.27,28.64,  home  ,NULL,Completed,Web,North,P-267,SKU-3013,67.66,0.88,21.65,New,Debit Card
ORD-20324,CUST-8130,SESS-25324,CART-22324,2023-07-23,128.38,50.74,46.61,Home,1,Shipped,Affiliate,East,P-936,SKU-4110,128.38,3.56,10.27,New,Credit Card
ORD-20325,CUST-8131,SESS-25325,CART-22325,2023-01-19,301.49,109.50,4.36,Beauty,2,Returned,Mobile App,East,P-537,SKU-2246,150.74,8.42,24.12,New,Credit Card
ORD-20326,CUST-8131,SESS-25326,CART-22326,2025-01-14,203.60,93.43,25.62,Electronics,2,Cancelled,Social Media,West,P-406,SKU-1629,101.80,4.31,16.29,Returning,Credit Card
ORD-20327,CUST-8131,SESS-25327,CART-22327,2024-01-16,50.04,16.90,39.41,Home,2,Pending,Web,South,P-885,SKU-2464,25.02,15.74,4.00,Returning,Crypto
ORD-20328,CUST-8132,SESS-25328,CART-22328,2025-08-12,291.40,144.19,23.96,Home,1,Completed,Social Media,International,P-165,SKU-3537,291.40,17.26,23.31,New,Debit Card
ORD-20329,CUST-8132,SESS-25329,CART-22329,2024-04-15,,118.97,28.24,Electronics,5,Shipped,Affiliate,North,P-801,SKU-3084,61.73,19.66,24.69,Returning,Debit Card
ORD-20330,CUST-8133,SESS-25330,CART-22330,2023-05-14,24.23,12.07,46.62,Sports,2,Returned,Web,South,P-479,SKU-235,12.11,6.06,1.94,VIP,Crypto
ORD-20331,CUST-8133,SESS-25331,CART-22331,2025-09-03,480.42,183.71,45.39,,5,Completed,Web,South,P-99,SKU-237,96.08,11.02,38.43,New,Credit Card
ORD-20332,CUST-8133,SESS-25332,CART-22332,2023-08-01,306.82,144.35,5.13,Home,4,Pending,Web,West,P-110,SKU-1629,76.70,3.20,24.55,New,PayPal
ORD-20333,CUST-8134,SESS-25333,CART-22333,2025-11-06,161.21,86.79,48.41,Home,2,Pending,Mobile App,East,P-760,SKU-4117,80.61,6.85,12.90,Returning,PayPal
ORD-20334,CUST-8134,SESS-25334,CART-22334,2025-03-07,141.53,63.45,10.68,Home,3,Completed,Affiliate,West,P-559,SKU-2624,47.18,2.31,11.32,Returning,Crypto
ORD-20335,CUST-8135,SESS-25335,CART-22335,2024-08-28,316.53,123.08,19.63,  home  ,4,Completed,Social Media,North,P-670,SKU-2098,79.13,0.56,25.32,Returning,PayPal
ORD-20336,CUST-8135,SESS-25336,CART-22336,2025-07-17,116.73,47.15,23.46,NULL,1,Cancelled,Social Media,International,P-838,SKU-1868,116.73,11.92,9.34,VIP,PayPal
ORD-20337,CUST-8135,SESS-25337,CART-22337,2026-02-27,217.77,126.69,27.65,Beauty,5,Shipped,Mobile App,International,P-941,SKU-2735,43.55,2.83,17.42,New,PayPal
ORD-20338,CUST-8136,SESS-25338,CART-22338,2023-10-24,NULL,73.24,14.91,Home,5,Completed,Social Media,International,P-101,SKU-1624,24.61,13.78,9.84,Returning,Debit Card
ORD-20339,CUST-8136,SESS-25339,CART-22339,2023-03-15,344.25,122.67,37.72,NULL,4,Shipped,Social Media,East,P-598,SKU-4051,86.06,16.02,27.54,Returning,Credit Card
ORD-20340,CUST-8137,SESS-25340,CART-22340,2024-06-10,25.53,11.08,13.25,Fashion,5,Pending,Affiliate,International,P-955,SKU-1400,5.11,10.64,2.04,Returning,Crypto
ORD-20341,CUST-8137,SESS-25341,CART-22341,2023-08-11,346.85,164.04,32.56,,3,Cancelled,Web,East,P-835,SKU-3158,115.62,15.74,27.75,Returning,Debit Card
ORD-20342,CUST-8137,SESS-25342,CART-22342,1685077345320,196.76,115.52,2.44,Fashion,4,Returned,Social Media,East,P-455,SKU-3145,49.19,8.71,15.74,Returning,Crypto
ORD-20343,CUST-8138,SESS-25343,CART-22343,2023-01-15,207.84,100.29,42.74,Electronics,2,Returned,Affiliate,International,P-19,SKU-832,103.92,16.83,16.63,New,Credit Card
ORD-20344,CUST-8138,SESS-25344,CART-22344,2024-04-12,288.84,108.19,7.20,Electronics,1,Shipped,Social Media,West,P-472,SKU-2209,288.84,3.53,23.11,Returning,Debit Card
ORD-20345,CUST-8139,SESS-25345,CART-22345,2024-08-02,189.28,85.28,1.23,Sports,3,Shipped,Social Media,South,P-294,SKU-2018,63.09,14.76,15.14,Returning,Debit Card
ORD-20346,CUST-8139,SESS-25346,CART-22346,2023-06-04,303.05,107.93,18.90,Beauty,1,Cancelled,Web,International,P-750,SKU-1286,303.05,0.41,24.24,Returning,Credit Card
ORD-20347,CUST-8139,SESS-25347,CART-22347,2025-01-21,196.48,59.51,45.69,Beauty,1,Pending,Social Media,International,P-684,SKU-2279,196.48,4.03,15.72,New,Crypto
ORD-20348,CUST-8140,SESS-25348,CART-22348,2023-06-17,NULL,120.74,29.52,Electronics,1,Pending,Social Media,International,P-421,SKU-4796,265.94,14.72,21.27,VIP,Credit Card
ORD-20349,CUST-8140,SESS-25349,CART-22349,2025-09-01,49.95,23.16,0.76,Fashion,3,Shipped,Web,South,P-869,SKU-4110,16.65,12.61,4.00,New,Crypto
ORD-20350,CUST-8141,SESS-25350,CART-22350,2023-04-18,  377.87  ,159.51,8.43,Fashion,5,Pending,Social Media,South,P-462,SKU-3572,75.57,2.83,30.23,VIP,Credit Card
ORD-20351,CUST-8141,SESS-25351,CART-22351,2024-06-08,372.25,210.84,8.59,Sports,2,Returned,Affiliate,International,P-44,SKU-2959,186.12,13.21,29.78,New,Crypto
ORD-20352,CUST-8141,SESS-25352,CART-22352,2023-10-22,58.84,17.80,9.58,Fashion,3,Returned,Web,West,P-524,SKU-3404,19.61,16.59,4.71,Returning,PayPal
ORD-20353,CUST-8142,SESS-25353,CART-22353,2024-08-12,479.11,211.37,31.81,Sports,3,Returned,Affiliate,South,P-532,SKU-3969,159.70,4.12,38.33,VIP,Debit Card
ORD-20354,CUST-8142,SESS-25354,CART-22354,2024-07-28,482.42,144.85,26.40,Electronics,4,Shipped,Social Media,East,P-117,SKU-2681,120.60,19.80,38.59,VIP,PayPal
ORD-20355,CUST-8143,SESS-25355,CART-22355,2023-12-03,194.60,78.40,23.99,Electronics,3,Shipped,Mobile App,West,P-640,SKU-918,64.87,17.98,15.57,New,Crypto
ORD-20356,CUST-8143,SESS-25356,CART-22356,1731701260287,255.92,77.55,16.85,Electronics,2,Returned,Social Media,West,P-51,SKU-4413,127.96,10.98,20.47,Returning,PayPal
ORD-20357,CUST-8143,SESS-25357,CART-22357,2023-07-08,135.95,42.73,18.01,Home,5,Pending,Affiliate,International,P-451,SKU-450,27.19,16.74,10.88,VIP,Crypto
ORD-20358,CUST-8144,SESS-25358,CART-22358,2023-12-08,454.07,253.81,1.51,Home,3,Completed,Affiliate,International,P-761,SKU-54,151.36,12.00,36.33,New,Crypto
ORD-20359,CUST-8144,SESS-25359,CART-22359,6/13/2025,176.69,84.97,0.68,Beauty,5,Completed,Affiliate,International,P-82,SKU-4604,35.34,13.95,14.14,New,PayPal
ORD-20360,CUST-8145,SESS-25360,CART-22360,2023-04-30,384.09,221.09,0.25,Beauty,5,Returned,Mobile App,East,P-226,SKU-2542,76.82,6.29,30.73,VIP,Credit Card
ORD-20361,CUST-8145,SESS-25361,CART-22361,6/5/2023,351.13,122.87,40.96,Electronics,5,Completed,Affiliate,South,P-969,SKU-3557,70.23,14.81,28.09,VIP,Debit Card
ORD-20362,CUST-8145,SESS-25362,CART-22362,2023-11-08,28.23,14.85,36.45,,5,Completed,Social Media,South,P-631,SKU-1086,5.65,0.23,2.26,Returning,Crypto
ORD-20363,CUST-8146,SESS-25363,CART-22363,2023-04-06,469.10,186.23,29.36,Fashion,1,Pending,Web,North,P-161,SKU-1162,469.10,7.98,37.53,VIP,Credit Card
ORD-20364,CUST-8146,SESS-25364,CART-22364,2024-12-25,99.16,35.78,2.03,Electronics,5,Returned,Affiliate,East,P-208,SKU-3138,19.83,11.12,7.93,New,Crypto
ORD-20365,CUST-8147,SESS-25365,CART-22365,2025-08-30,101.58,46.59,0.42,Sports,5,Pending,Web,North,P-760,SKU-1975,20.32,5.15,8.13,VIP,Debit Card
ORD-20366,CUST-8147,SESS-25366,CART-22366,2024-01-28,296.04,152.79,25.65,Sports,3,Shipped,Affiliate,International,P-834,SKU-2407,98.68,9.44,23.68,VIP,Crypto
ORD-20367,CUST-8147,SESS-25367,CART-22367,2023-07-06,42.35,20.89,30.76,Fashion,3,Returned,Mobile App,West,P-62,SKU-3202,14.12,18.89,3.39,Returning,Crypto
ORD-20368,CUST-8148,SESS-25368,CART-22368,2023-04-05,460.97,221.94,36.54,Electronics,3,Shipped,Social Media,West,P-649,SKU-260,153.66,18.35,36.88,Returning,Debit Card
ORD-20369,CUST-8148,SESS-25369,CART-22369,2023-10-27,294.81,112.77,14.51,Fashion,1,Pending,Mobile App,South,P-278,SKU-4339,294.81,10.88,23.59,New,Crypto
ORD-20370,CUST-8149,SESS-25370,CART-22370,2023-01-11,314.57,160.28,0.20,Sports,4,Pending,Web,North,P-918,SKU-545,78.64,14.61,25.17,VIP,Credit Card
ORD-20371,CUST-8149,SESS-25371,CART-22371,9/18/2024,201.54,95.20,4.60,Fashion,2,Shipped,Web,East,P-515,SKU-2336,100.77,19.14,16.12,VIP,Debit Card
ORD-20372,CUST-8149,SESS-25372,CART-22372,2025-08-06,314.29,104.92,34.23,Sports,1,Returned,Mobile App,North,P-420,SKU-1341,314.29,10.86,25.14,New,PayPal
ORD-20373,CUST-8150,SESS-25373,CART-22373,1769098040503,79.31,39.37,38.35,Fashion,2,Cancelled,Web,East,P-889,SKU-1126,39.65,6.31,6.34,Returning,Credit Card
ORD-20374,CUST-8150,SESS-25374,CART-22374,2023-07-16,  286.97  ,133.52,47.34,Beauty,2,Shipped,Affiliate,International,P-174,SKU-795,143.48,8.29,22.96,New,PayPal
ORD-20375,CUST-8151,SESS-25375,CART-22375,2025-05-20,394.71,207.06,6.63,Beauty,1,Shipped,Mobile App,West,P-240,SKU-1648,394.71,7.76,31.58,VIP,Crypto
ORD-20376,CUST-8151,SESS-25376,CART-22376,2025-03-09,100.09,30.88,35.60,Sports,5,Pending,Web,East,P-351,SKU-488,20.02,2.46,8.01,Returning,Credit Card
ORD-20377,CUST-8151,SESS-25377,CART-22377,2023-01-31,392.38,224.20,7.62,Sports,NULL,Pending,Web,East,P-959,SKU-3121,130.79,4.27,31.39,VIP,Crypto
ORD-20378,CUST-8152,SESS-25378,CART-22378,4/7/2024,152.32,57.33,10.41,Sports,5,Shipped,Mobile App,South,P-499,SKU-4897,30.46,18.49,12.19,Returning,Debit Card
ORD-20379,CUST-8152,SESS-25379,CART-22379,2023-07-04,132.13,73.22,17.33,Home,5,Cancelled,Web,East,P-264,SKU-2520,26.43,7.76,10.57,VIP,PayPal
ORD-20380,CUST-8153,SESS-25380,CART-22380,2025-08-26,341.42,194.01,42.90,Home,NULL,Cancelled,Mobile App,West,P-619,SKU-2891,68.28,19.08,27.31,New,Debit Card
ORD-20381,CUST-8153,SESS-25381,CART-22381,2026-02-01,416.03,126.43,44.97,Electronics,5,Pending,Affiliate,East,P-871,SKU-2449,83.21,7.98,33.28,New,PayPal
ORD-20382,CUST-8153,SESS-25382,CART-22382,2025-09-07,348.12,196.94,36.81,Home,2,Completed,Web,North,P-447,SKU-3580,174.06,5.88,27.85,Returning,Credit Card
ORD-20383,CUST-8154,SESS-25383,CART-22383,2025-07-18,119.89,45.44,35.68,Electronics,4,Shipped,Mobile App,West,P-81,SKU-2021,29.97,3.36,9.59,New,Debit Card
ORD-20384,CUST-8154,SESS-25384,CART-22384,2025-06-29,471.76,171.32,44.71,Sports,2,Pending,Mobile App,South,P-586,SKU-4700,235.88,8.61,37.74,New,PayPal
ORD-20385,CUST-8155,SESS-25385,CART-22385,2023-02-11,317.41,153.04,7.50,Electronics,4,Cancelled,Web,North,P-702,SKU-1239,79.35,6.66,25.39,VIP,Crypto
ORD-20386,CUST-8155,SESS-25386,CART-22386,2025-12-27,347.72,107.22,24.10,Beauty,4,Returned,Mobile App,West,P-112,SKU-3772,86.93,15.21,27.82,VIP,Crypto
ORD-20387,CUST-8155,SESS-25387,CART-22387,2023-02-28,358.74,205.84,38.22,Sports,4,Cancelled,Affiliate,North,P-996,SKU-369,89.69,1.01,28.70,New,Crypto
ORD-20388,CUST-8156,SESS-25388,CART-22388,2024-02-16,248.74,90.04,19.73,Fashion,1,Shipped,Social Media,North,P-363,SKU-4759,248.74,9.64,19.90,New,Credit Card
ORD-20389,CUST-8156,SESS-25389,CART-22389,2025-04-18,105.65,31.78,14.99,Home,4,Pending,Social Media,East,P-566,SKU-3370,26.41,11.92,8.45,VIP,Credit Card
ORD-20390,CUST-8157,SESS-25390,CART-22390,2026-01-14,283.05,117.59,0.26,Electronics,5,Shipped,Social Media,South,P-696,SKU-153,56.61,10.80,22.64,New,Debit Card
ORD-20391,CUST-8157,SESS-25391,CART-22391,2025-08-17,81.39,42.03,20.01,Electronics,,Completed,Social Media,East,P-859,SKU-3567,16.28,8.35,6.51,VIP,Crypto
ORD-20392,CUST-8157,SESS-25392,CART-22392,2023-08-25,243.48,129.96,25.99,Sports,3,Cancelled,Mobile App,North,P-393,SKU-3455,81.16,0.83,19.48,Returning,Credit Card
ORD-20393,CUST-8158,SESS-25393,CART-22393,2025-10-20,464.68,195.51,3.24,Beauty,5,Returned,Mobile App,North,P-2,SKU-3013,92.94,12.41,37.17,Returning,Debit Card
ORD-20394,CUST-8158,SESS-25394,CART-22394,2025-05-08,340.21,189.94,6.90,Electronics,1,Cancelled,Mobile App,West,P-922,SKU-4418,340.21,19.34,27.22,VIP,Credit Card
ORD-20395,CUST-8159,SESS-25395,CART-22395,6/1/2025,10.14,4.34,7.77,Home,1,Completed,Web,South,P-519,SKU-3731,10.14,12.51,0.81,Returning,Debit Card
ORD-20396,CUST-8159,SESS-25396,CART-22396,7/28/2025,275.50,150.10,22.22,Beauty,4,Pending,Mobile App,West,P-845,SKU-4946,68.88,15.17,22.04,VIP,Crypto
ORD-20397,CUST-8159,SESS-25397,CART-22397,2025-07-15,273.93,122.24,20.59,Home,1,Shipped,Social Media,East,P-485,SKU-353,273.93,12.86,21.91,Returning,PayPal
ORD-20398,CUST-8160,SESS-25398,CART-22398,2026-03-10,162.18,50.82,11.87,Home,3,Completed,Affiliate,North,P-748,SKU-3326,54.06,18.55,12.97,Returning,Crypto
ORD-20399,CUST-8160,SESS-25399,CART-22399,2025-09-10,464.84,271.99,12.37,Fashion,4,Pending,Mobile App,International,P-373,SKU-1273,116.21,10.89,37.19,VIP,Crypto
ORD-20400,CUST-8161,SESS-25400,CART-22400,2023-08-19,372.12,211.37,42.35,Beauty,1,Cancelled,Web,South,P-851,SKU-157,372.12,19.31,29.77,New,PayPal
ORD-20401,CUST-8161,SESS-25401,CART-22401,2024-12-11,273.49,133.68,19.46,Fashion,4,Pending,Affiliate,East,P-688,SKU-2179,68.37,13.30,21.88,New,Crypto
ORD-20402,CUST-8161,SESS-25402,CART-22402,2025-02-12,149.29,83.28,11.92,Electronics,1,Completed,Affiliate,North,P-400,SKU-1313,149.29,11.50,11.94,Returning,Debit Card
ORD-20403,CUST-8162,SESS-25403,CART-22403,2025-07-11,414.50,204.58,43.17,Electronics,2,Pending,Mobile App,West,P-688,SKU-2673,207.25,13.20,33.16,Returning,PayPal
ORD-20404,CUST-8162,SESS-25404,CART-22404,2023-12-20,248.54,133.15,6.58,Home,4,Cancelled,Social Media,South,P-97,SKU-1107,62.13,9.85,19.88,Returning,Debit Card
ORD-20405,CUST-8163,SESS-25405,CART-22405,2023-08-09,110.93,56.97,23.01,Home,4,Pending,Web,South,P-768,SKU-2947,27.73,4.20,8.87,Returning,Crypto
ORD-20406,CUST-8163,SESS-25406,CART-22406,2025-12-27,312.76,170.07,47.36,Fashion,5,Completed,Social Media,South,P-636,SKU-580,62.55,3.97,25.02,VIP,PayPal
ORD-20407,CUST-8163,SESS-25407,CART-22407,2025-10-28,359.70,202.96,46.14,  beauty  ,2,Returned,Affiliate,International,P-813,SKU-2558,179.85,13.74,28.78,Returning,PayPal
ORD-20408,CUST-8164,SESS-25408,CART-22408,2023-12-12,286.24,127.91,45.13,Home,1,Pending,Affiliate,East,P-298,SKU-4363,286.24,19.88,22.90,New,Crypto
ORD-20409,CUST-8164,SESS-25409,CART-22409,2023-05-23,  51.58  ,27.85,40.40,Home,2,Cancelled,Social Media,West,P-106,SKU-4381,25.79,16.93,4.13,VIP,Debit Card
ORD-20410,CUST-8165,SESS-25410,CART-22410,2025-03-14,58.67,19.41,20.56,Electronics,2,Pending,Mobile App,International,P-879,SKU-1510,29.33,7.40,4.69,New,Debit Card
ORD-20411,CUST-8165,SESS-25411,CART-22411,2023-07-04,504.71,207.12,46.07,Beauty,1,Shipped,Affiliate,East,P-381,SKU-3196,504.71,11.83,40.38,Returning,Debit Card
ORD-20412,CUST-8165,SESS-25412,CART-22412,2023-03-24,302.54,101.58,1.71,Electronics,3,Shipped,Mobile App,East,P-430,SKU-800,100.85,18.42,24.20,VIP,Crypto
ORD-20413,CUST-8166,SESS-25413,CART-22413,2023-02-19,207.84,103.72,36.83,Home,4,Completed,Mobile App,South,P-102,SKU-1456,51.96,9.88,16.63,VIP,Credit Card
ORD-20414,CUST-8166,SESS-25414,CART-22414,2024-08-28,331.38,151.75,7.21,Home,5,Cancelled,Mobile App,North,P-6,SKU-239,66.28,3.67,26.51,VIP,Crypto
ORD-20415,CUST-8167,SESS-25415,CART-22415,2024-02-21,352.86,201.61,9.95,Fashion,3,Completed,Affiliate,East,P-264,SKU-836,117.62,17.07,28.23,Returning,PayPal
ORD-20416,CUST-8167,SESS-25416,CART-22416,2025-03-07,157.88,65.97,9.10,Fashion,,Shipped,Affiliate,East,P-145,SKU-4622,31.58,7.94,12.63,VIP,PayPal
ORD-20417,CUST-8167,SESS-25417,CART-22417,2026-02-03,260.29,104.27,29.59,Home,4,Pending,Web,International,P-280,SKU-3584,65.07,4.90,20.82,Returning,Debit Card
ORD-20418,CUST-8168,SESS-25418,CART-22418,2023-05-24,44.78,26.03,18.06,Fashion,1,Returned,Affiliate,North,P-692,SKU-1162,44.78,16.13,3.58,VIP,Debit Card
ORD-20419,CUST-8168,SESS-25419,CART-22419,2025-05-12,374.96,179.24,31.91,Home,5,Completed,Social Media,South,P-731,SKU-1172,74.99,3.26,30.00,VIP,Crypto
ORD-20420,CUST-8169,SESS-25420,CART-22420,2023-08-01,450.50,216.32,36.98,Fashion,5,Returned,Mobile App,International,P-605,SKU-833,90.10,15.88,36.04,New,PayPal
ORD-20421,CUST-8169,SESS-25421,CART-22421,2025-10-31,  196.96  ,104.03,25.38,Electronics,5,Shipped,Social Media,West,P-469,SKU-3428,39.39,19.92,15.76,New,Debit Card
ORD-20422,CUST-8169,SESS-25422,CART-22422,2024-12-28,NULL,225.02,6.40,Fashion,5,Shipped,Social Media,North,P-779,SKU-174,88.13,0.55,35.25,VIP,PayPal
ORD-20423,CUST-8170,SESS-25423,CART-22423,2024-12-02,151.51,84.42,13.65,Fashion,1,Pending,Mobile App,International,P-679,SKU-397,151.51,17.24,12.12,VIP,Credit Card
ORD-20424,CUST-8170,SESS-25424,CART-22424,2023-04-01,85.13,26.90,4.25,Sports,3,Shipped,Affiliate,West,P-2,SKU-4609,28.38,3.41,6.81,VIP,PayPal
ORD-20425,CUST-8171,SESS-25425,CART-22425,1770538632206,499.01,170.87,49.43,Sports,3,Returned,Web,West,P-246,SKU-1192,166.34,11.03,39.92,VIP,Debit Card
ORD-20426,CUST-8171,SESS-25426,CART-22426,2025-08-28,35.85,15.32,46.97,Beauty,5,Completed,Affiliate,East,P-306,SKU-3400,7.17,15.85,2.87,VIP,Debit Card
ORD-20427,CUST-8171,SESS-25427,CART-22427,2023-01-08,148.54,79.99,42.67,Electronics,1,Pending,Mobile App,East,P-534,SKU-1662,148.54,0.13,11.88,VIP,Crypto
ORD-20428,CUST-8172,SESS-25428,CART-22428,2025-10-04,274.16,112.50,47.84,Sports,3,Completed,Mobile App,East,P-836,SKU-2778,91.39,14.86,21.93,Returning,PayPal
ORD-20429,CUST-8172,SESS-25429,CART-22429,2025-01-14,478.12,186.43,43.33,Electronics,3,Cancelled,Web,North,P-939,SKU-1898,159.37,18.37,38.25,Returning,PayPal
ORD-20430,CUST-8173,SESS-25430,CART-22430,2023-06-04,112.56,55.49,4.76,Sports,2,Returned,Social Media,West,P-568,SKU-2136,56.28,10.88,9.01,VIP,Crypto
ORD-20431,CUST-8173,SESS-25431,CART-22431,2024-02-12,237.59,86.15,46.16,Home,4,Returned,Social Media,South,P-952,SKU-2060,59.40,19.69,19.01,Returning,Credit Card
ORD-20432,CUST-8173,SESS-25432,CART-22432,2025-09-25,NULL,67.24,22.49,  home  ,5,Returned,Social Media,North,P-489,SKU-3937,29.75,2.60,11.90,New,PayPal
ORD-20433,CUST-8174,SESS-25433,CART-22433,1746780309084,188.63,64.24,44.42,Electronics,3,Returned,Affiliate,South,P-898,SKU-612,62.88,12.79,15.09,Returning,Debit Card
ORD-20434,CUST-8174,SESS-25434,CART-22434,2025-05-24,275.30,160.89,19.86,Fashion,2,Pending,Affiliate,West,P-93,SKU-2599,137.65,15.99,22.02,Returning,Credit Card
ORD-20435,CUST-8175,SESS-25435,CART-22435,2024-06-02,123.40,45.36,19.20,Sports,2,Pending,Mobile App,South,P-127,SKU-1404,61.70,1.25,9.87,New,PayPal
ORD-20436,CUST-8175,SESS-25436,CART-22436,2023-09-10,477.09,153.19,20.46,Beauty,4,Returned,Affiliate,North,P-67,SKU-949,119.27,18.80,38.17,New,Debit Card
ORD-20437,CUST-8175,SESS-25437,CART-22437,2024-04-26,149.63,59.58,1.46,Sports,4,Returned,Mobile App,International,P-571,SKU-4535,37.41,18.96,11.97,New,PayPal
ORD-20438,CUST-8176,SESS-25438,CART-22438,2023-08-17,427.21,219.73,16.64,Fashion,2,Completed,Affiliate,South,P-162,SKU-233,213.60,0.25,34.18,Returning,Debit Card
ORD-20439,CUST-8176,SESS-25439,CART-22439,2023-11-24,292.03,115.56,24.28,NULL,2,Completed,Social Media,International,P-583,SKU-881,146.02,12.01,23.36,New,Debit Card
ORD-20440,CUST-8177,SESS-25440,CART-22440,2024-09-04,218.08,130.52,5.14,Fashion,2,Completed,Web,West,P-133,SKU-2229,109.04,2.63,17.45,Returning,Crypto
ORD-20441,CUST-8177,SESS-25441,CART-22441,2024-10-19,263.62,111.03,47.62,Fashion,4,Shipped,Mobile App,South,P-503,SKU-3091,65.90,13.45,21.09,Returning,Debit Card
ORD-20442,CUST-8177,SESS-25442,CART-22442,2023-05-14,,118.23,13.77,Fashion,5,Cancelled,Affiliate,East,P-136,SKU-4254,47.28,4.16,18.91,New,Credit Card
ORD-20443,CUST-8178,SESS-25443,CART-22443,2023-11-07,326.59,127.45,27.05,NULL,,Cancelled,Mobile App,South,P-472,SKU-2972,65.32,7.07,26.13,VIP,Crypto
ORD-20444,CUST-8178,SESS-25444,CART-22444,2026-01-15,325.31,106.13,46.34,Home,1,Completed,Mobile App,West,P-374,SKU-1027,325.31,1.71,26.02,VIP,Credit Card
ORD-20445,CUST-8179,SESS-25445,CART-22445,2024-06-28,  95.13  ,38.16,50.00,Beauty,1,Pending,Web,South,P-433,SKU-2221,95.13,10.69,7.61,VIP,PayPal
ORD-20446,CUST-8179,SESS-25446,CART-22446,2025-01-19,461.10,156.67,23.71,Fashion,5,Cancelled,Affiliate,East,P-884,SKU-1129,92.22,8.54,36.89,New,Crypto
ORD-20447,CUST-8179,SESS-25447,CART-22447,2026-01-04,205.21,103.81,17.28,Beauty,1,Pending,Mobile App,North,P-438,SKU-1230,205.21,12.37,16.42,Returning,PayPal
ORD-20448,CUST-8180,SESS-25448,CART-22448,2023-07-16,495.68,268.96,48.21,Home,4,Cancelled,Mobile App,West,P-914,SKU-2817,123.92,12.87,39.65,Returning,PayPal
ORD-20449,CUST-8180,SESS-25449,CART-22449,2023-02-16,103.72,46.55,10.51,Electronics,3,Completed,Social Media,South,P-979,SKU-2422,34.57,19.11,8.30,VIP,Credit Card
ORD-20450,CUST-8181,SESS-25450,CART-22450,2026-01-08,14.47,5.81,10.83,Home,4,Completed,Social Media,North,P-701,SKU-1823,3.62,11.46,1.16,VIP,Credit Card
ORD-20451,CUST-8181,SESS-25451,CART-22451,2024-01-22,456.68,245.34,45.42,Beauty,4,Returned,Mobile App,West,P-798,SKU-3517,114.17,7.98,36.53,New,Debit Card
ORD-20452,CUST-8181,SESS-25452,CART-22452,2024-09-30,179.07,67.25,33.01,Sports,1,Returned,Affiliate,South,P-495,SKU-3537,179.07,1.65,14.33,Returning,Credit Card
ORD-20453,CUST-8182,SESS-25453,CART-22453,12/30/2025,164.51,68.17,34.92,Sports,1,Shipped,Web,International,P-511,SKU-2201,164.51,14.11,13.16,VIP,Debit Card
ORD-20454,CUST-8182,SESS-25454,CART-22454,2023-06-14,325.35,159.29,36.74,Beauty,5,Completed,Mobile App,International,P-482,SKU-3792,65.07,13.61,26.03,VIP,Credit Card
ORD-20455,CUST-8183,SESS-25455,CART-22455,2023-06-26,116.72,41.93,16.95,Fashion,3,Pending,Affiliate,International,P-705,SKU-3543,38.91,9.73,9.34,VIP,Credit Card
ORD-20456,CUST-8183,SESS-25456,CART-22456,2025-03-15,335.65,138.55,14.98,Home,3,Pending,Affiliate,West,P-313,SKU-4147,111.88,3.28,26.85,New,PayPal
ORD-20457,CUST-8183,SESS-25457,CART-22457,2024-08-24,268.64,90.99,48.69,Electronics,2,Completed,Social Media,International,P-918,SKU-4342,134.32,13.95,21.49,VIP,Debit Card
ORD-20458,CUST-8184,SESS-25458,CART-22458,2024-12-24,  361.29  ,157.74,46.49,Sports,5,Completed,Affiliate,North,P-474,SKU-3487,72.26,13.49,28.90,VIP,Crypto
ORD-20459,CUST-8184,SESS-25459,CART-22459,2024-09-10,132.23,65.81,2.71,Beauty,2,Pending,Mobile App,West,P-462,SKU-2079,66.11,15.23,10.58,New,PayPal
ORD-20460,CUST-8185,SESS-25460,CART-22460,2024-02-14,289.98,109.00,29.83,Electronics,5,Shipped,Affiliate,International,P-219,SKU-3359,58.00,16.26,23.20,Returning,Debit Card
ORD-20461,CUST-8185,SESS-25461,CART-22461,2024-06-27,216.57,129.22,31.23,Electronics,,Completed,Affiliate,International,P-928,SKU-1553,72.19,15.63,17.33,New,Debit Card
ORD-20462,CUST-8185,SESS-25462,CART-22462,2026-03-07,336.19,145.08,13.73,Beauty,1,Cancelled,Web,International,P-903,SKU-3504,336.19,15.68,26.89,Returning,PayPal
ORD-20463,CUST-8186,SESS-25463,CART-22463,2023-03-23,208.67,75.72,48.92,Sports,5,Shipped,Web,North,P-26,SKU-1584,41.73,11.88,16.69,New,Credit Card
ORD-20464,CUST-8186,SESS-25464,CART-22464,2024-01-27,212.94,96.71,10.58,Electronics,1,Pending,Social Media,South,P-393,SKU-1043,212.94,0.89,17.04,New,PayPal
ORD-20465,CUST-8187,SESS-25465,CART-22465,1727171920050,80.95,26.32,20.16,Home,1,Completed,Mobile App,North,P-953,SKU-1282,80.95,18.62,6.48,New,Credit Card
ORD-20466,CUST-8187,SESS-25466,CART-22466,2025-07-19,234.13,110.57,40.85,Home,,Cancelled,Social Media,North,P-335,SKU-3742,46.83,17.69,18.73,VIP,Debit Card
ORD-20467,CUST-8187,SESS-25467,CART-22467,2025-07-15,222.12,106.30,24.34,  home  ,2,Returned,Social Media,International,P-215,SKU-2752,111.06,0.86,17.77,New,PayPal
ORD-20468,CUST-8188,SESS-25468,CART-22468,1/24/2024,121.59,51.55,33.50,Home,4,Completed,Mobile App,North,P-157,SKU-4630,30.40,6.85,9.73,VIP,Credit Card
ORD-20469,CUST-8188,SESS-25469,CART-22469,2023-05-02,472.08,162.33,44.47,Beauty,2,Completed,Mobile App,South,P-810,SKU-2039,236.04,11.97,37.77,Returning,Credit Card
ORD-20470,CUST-8189,SESS-25470,CART-22470,2024-03-14,336.00,192.48,43.36,Sports,2,Returned,Mobile App,East,P-884,SKU-3349,168.00,10.23,26.88,Returning,Credit Card
ORD-20471,CUST-8189,SESS-25471,CART-22471,2026-02-17,418.75,238.95,39.36,Sports,1,Returned,Mobile App,South,P-247,SKU-2886,418.75,6.34,33.50,Returning,Credit Card
ORD-20472,CUST-8189,SESS-25472,CART-22472,2023-03-20,93.42,48.08,8.60,Home,4,Cancelled,Mobile App,East,P-918,SKU-494,23.35,19.34,7.47,VIP,PayPal
ORD-20473,CUST-8190,SESS-25473,CART-22473,2024-05-25,356.34,145.54,5.69,Home,3,Shipped,Web,South,P-371,SKU-4288,118.78,11.11,28.51,New,Crypto
ORD-20474,CUST-8190,SESS-25474,CART-22474,2023-08-16,382.51,205.09,11.47,Fashion,2,Cancelled,Social Media,South,P-570,SKU-3630,191.26,17.20,30.60,Returning,Debit Card
ORD-20475,CUST-8191,SESS-25475,CART-22475,2025-11-16,216.41,94.20,44.75,Home,2,Completed,Affiliate,South,P-96,SKU-4529,108.20,0.09,17.31,VIP,Crypto
ORD-20476,CUST-8191,SESS-25476,CART-22476,2023-09-09,62.93,29.55,44.36,Electronics,2,Cancelled,Social Media,North,P-151,SKU-4566,31.46,14.95,5.03,VIP,Debit Card
ORD-20477,CUST-8191,SESS-25477,CART-22477,2024-02-27,416.42,177.48,9.09,Electronics,1,Completed,Social Media,North,P-385,SKU-2968,416.42,14.05,33.31,New,PayPal
ORD-20478,CUST-8192,SESS-25478,CART-22478,2025-11-18,385.58,215.90,15.13,Home,1,Completed,Affiliate,South,P-713,SKU-4591,385.58,7.95,30.85,VIP,Crypto
ORD-20479,CUST-8192,SESS-25479,CART-22479,2023-08-28,238.16,110.88,24.04,Beauty,3,Cancelled,Web,East,P-88,SKU-37,79.39,4.83,19.05,Returning,Credit Card
ORD-20480,CUST-8193,SESS-25480,CART-22480,2024-07-11,225.51,94.20,42.66,Electronics,1,Shipped,Affiliate,East,P-633,SKU-1470,225.51,1.14,18.04,Returning,Crypto
ORD-20481,CUST-8193,SESS-25481,CART-22481,2023-09-03,227.92,113.76,27.27,Home,3,Returned,Web,East,P-577,SKU-261,75.97,17.01,18.23,VIP,Debit Card
ORD-20482,CUST-8193,SESS-25482,CART-22482,2024-10-08,480.30,253.51,43.22,Home,4,Pending,Web,North,P-768,SKU-3367,120.07,16.28,38.42,VIP,Credit Card
ORD-20483,CUST-8194,SESS-25483,CART-22483,2025-02-14,251.52,109.29,13.34,Sports,2,Pending,Web,West,P-945,SKU-4391,125.76,13.91,20.12,VIP,Credit Card
ORD-20484,CUST-8194,SESS-25484,CART-22484,2025-06-28,290.02,118.83,37.40,Home,5,Completed,Web,International,P-529,SKU-4925,58.00,6.31,23.20,VIP,Credit Card
ORD-20485,CUST-8195,SESS-25485,CART-22485,2023-05-04,119.07,68.74,32.47,NULL,5,Shipped,Affiliate,East,P-435,SKU-4473,23.81,7.28,9.53,Returning,PayPal
ORD-20486,CUST-8195,SESS-25486,CART-22486,2024-12-05,132.13,50.32,1.51,Electronics,1,Pending,Web,West,P-199,SKU-2348,132.13,14.58,10.57,VIP,Credit Card
ORD-20487,CUST-8195,SESS-25487,CART-22487,2023-04-07,152.66,53.96,10.87,Sports,5,Shipped,Social Media,East,P-529,SKU-2873,30.53,1.47,12.21,New,Debit Card
ORD-20488,CUST-8196,SESS-25488,CART-22488,2025-08-16,104.36,51.64,14.16,Electronics,2,Completed,Affiliate,North,P-338,SKU-2888,52.18,0.28,8.35,Returning,Credit Card
ORD-20489,CUST-8196,SESS-25489,CART-22489,2023-07-20,,123.71,24.73,Fashion,2,Completed,Web,International,P-826,SKU-379,143.63,13.55,22.98,New,Crypto
ORD-20490,CUST-8197,SESS-25490,CART-22490,2023-12-23,415.30,246.47,7.21,Fashion,3,Returned,Mobile App,North,P-541,SKU-1651,138.43,15.33,33.22,Returning,Debit Card
ORD-20491,CUST-8197,SESS-25491,CART-22491,2024-07-27,112.45,60.17,12.32,Fashion,1,Completed,Social Media,East,P-331,SKU-1784,112.45,11.51,9.00,VIP,Debit Card
ORD-20492,CUST-8197,SESS-25492,CART-22492,2023-11-26,442.98,231.39,37.86,Sports,1,Pending,Affiliate,East,P-144,SKU-2224,442.98,12.57,35.44,VIP,Credit Card
ORD-20493,CUST-8198,SESS-25493,CART-22493,2025-11-24,220.28,80.21,32.42,Home,2,Pending,Web,West,P-891,SKU-641,110.14,18.98,17.62,VIP,Crypto
ORD-20494,CUST-8198,SESS-25494,CART-22494,2023-12-26,463.23,197.58,9.28,Beauty,5,Completed,Web,South,P-993,SKU-1305,92.65,5.82,37.06,New,Debit Card
ORD-20495,CUST-8199,SESS-25495,CART-22495,2023-07-21,129.30,62.80,30.55,Home,4,Cancelled,Social Media,North,P-461,SKU-1956,32.33,8.36,10.34,VIP,Credit Card
ORD-20496,CUST-8199,SESS-25496,CART-22496,2025-08-08,212.04,102.69,15.20,Home,1,Cancelled,Affiliate,West,P-56,SKU-1753,212.04,14.38,16.96,VIP,Debit Card
ORD-20497,CUST-8199,SESS-25497,CART-22497,2025-03-11,348.28,151.70,28.38,Sports,2,Shipped,Affiliate,International,P-56,SKU-3304,174.14,1.46,27.86,New,Debit Card
ORD-20498,CUST-8200,SESS-25498,CART-22498,1746982060438,344.42,147.71,18.49,Sports,2,Shipped,Social Media,West,P-716,SKU-85,172.21,0.47,27.55,New,PayPal
ORD-20499,CUST-8200,SESS-25499,CART-22499,2025-09-03,135.46,72.81,14.27,Electronics,1,Returned,Social Media,North,P-111,SKU-2836,135.46,5.06,10.84,New,PayPal
ORD-20500,CUST-8201,SESS-25500,CART-22500,2025-08-09,331.37,162.67,11.97,,,Completed,Web,East,P-690,SKU-1518,66.27,11.87,26.51,VIP,Debit Card
ORD-20501,CUST-8201,SESS-25501,CART-22501,2026-02-11,147.57,63.16,13.51,,4,Cancelled,Affiliate,West,P-272,SKU-2758,36.89,13.21,11.81,Returning,PayPal
ORD-20502,CUST-8201,SESS-25502,CART-22502,2025-04-25,NULL,181.32,7.28,Beauty,4,Completed,Affiliate,East,P-668,SKU-1624,91.58,2.14,29.30,VIP,Debit Card
ORD-20503,CUST-8202,SESS-25503,CART-22503,2023-07-11,439.96,191.33,1.33,Beauty,4,Pending,Web,East,P-924,SKU-3768,109.99,14.73,35.20,VIP,Credit Card
ORD-20504,CUST-8202,SESS-25504,CART-22504,12/12/2024,228.82,125.80,5.91,Sports,4,Cancelled,Mobile App,West,P-671,SKU-3921,57.20,7.87,18.31,VIP,Credit Card
ORD-20505,CUST-8203,SESS-25505,CART-22505,2025-09-14,416.13,171.95,44.75,Sports,4,Shipped,Affiliate,East,P-229,SKU-2926,104.03,11.28,33.29,Returning,Credit Card
ORD-20506,CUST-8203,SESS-25506,CART-22506,2025-02-02,234.87,95.63,7.90,Home,2,Cancelled,Affiliate,West,P-641,SKU-647,117.43,2.97,18.79,VIP,Credit Card
ORD-20507,CUST-8203,SESS-25507,CART-22507,2023-01-26,125.13,74.70,42.13,Fashion,5,Shipped,Mobile App,East,P-515,SKU-1605,25.03,17.66,10.01,New,Credit Card
ORD-20508,CUST-8204,SESS-25508,CART-22508,2023-12-11,25.08,10.17,1.34,Home,2,Shipped,Affiliate,West,P-780,SKU-3539,12.54,14.73,2.01,New,Crypto
ORD-20509,CUST-8204,SESS-25509,CART-22509,2023-12-12,249.24,83.16,33.01,Sports,1,Shipped,Social Media,East,P-13,SKU-3233,249.24,9.30,19.94,New,PayPal
ORD-20510,CUST-8205,SESS-25510,CART-22510,2025-02-23,62.50,28.89,38.49,Beauty,2,Shipped,Social Media,East,P-324,SKU-307,31.25,8.27,5.00,Returning,Debit Card
ORD-20511,CUST-8205,SESS-25511,CART-22511,2023-12-02,416.30,169.75,23.22,Beauty,4,Cancelled,Web,South,P-444,SKU-800,104.08,1.85,33.30,New,PayPal
ORD-20512,CUST-8205,SESS-25512,CART-22512,2023-10-16,170.42,68.13,29.39,Home,2,Returned,Social Media,West,P-805,SKU-360,85.21,7.58,13.63,Returning,PayPal
ORD-20513,CUST-8206,SESS-25513,CART-22513,2025-02-02,430.00,188.76,17.86,Home,4,Shipped,Affiliate,South,P-515,SKU-1687,107.50,8.25,34.40,New,Debit Card
ORD-20514,CUST-8206,SESS-25514,CART-22514,2025-04-03,341.51,154.61,21.48,Home,5,Pending,Web,South,P-979,SKU-4465,68.30,19.75,27.32,New,PayPal
ORD-20515,CUST-8207,SESS-25515,CART-22515,2025-04-19,440.15,173.46,23.51,Beauty,2,Pending,Mobile App,International,P-938,SKU-4715,220.07,7.27,35.21,New,Credit Card
ORD-20516,CUST-8207,SESS-25516,CART-22516,2024-08-17,299.27,123.43,34.50,Beauty,5,Returned,Affiliate,West,P-103,SKU-2980,59.85,15.13,23.94,Returning,PayPal
ORD-20517,CUST-8207,SESS-25517,CART-22517,2024-04-21,225.24,110.51,21.06,Sports,5,Pending,Mobile App,East,P-654,SKU-3223,45.05,11.76,18.02,New,Credit Card
ORD-20518,CUST-8208,SESS-25518,CART-22518,2026-01-12,100.67,42.59,43.79,Fashion,3,Completed,Web,East,P-981,SKU-996,33.56,5.76,8.05,New,PayPal
ORD-20519,CUST-8208,SESS-25519,CART-22519,2024-06-13,504.53,194.09,7.42,Fashion,1,Pending,Affiliate,International,P-31,SKU-38,504.53,8.14,40.36,Returning,Debit Card
ORD-20520,CUST-8209,SESS-25520,CART-22520,2025-06-03,151.24,62.84,40.57,Electronics,3,Cancelled,Social Media,North,P-361,SKU-2956,50.41,8.48,12.10,VIP,Crypto
ORD-20521,CUST-8209,SESS-25521,CART-22521,2023-07-31,211.64,75.29,35.03,Sports,2,Shipped,Affiliate,West,P-816,SKU-2539,105.82,1.37,16.93,New,Debit Card
ORD-20522,CUST-8209,SESS-25522,CART-22522,2025-06-26,150.98,50.18,8.79,Electronics,4,Cancelled,Affiliate,North,P-75,SKU-3562,37.75,6.61,12.08,Returning,Debit Card
ORD-20523,CUST-8210,SESS-25523,CART-22523,2023-06-08,448.99,172.78,2.26,Sports,4,Cancelled,Mobile App,International,P-542,SKU-3751,112.25,11.83,35.92,VIP,PayPal
ORD-20524,CUST-8210,SESS-25524,CART-22524,2025-09-01,61.05,32.03,8.77,Fashion,3,Shipped,Web,North,P-368,SKU-1285,20.35,2.45,4.88,Returning,Debit Card
ORD-20525,CUST-8211,SESS-25525,CART-22525,2026-02-26,285.61,129.17,0.23,Sports,1,Returned,Mobile App,International,P-741,SKU-2722,285.61,17.50,22.85,New,Credit Card
ORD-20526,CUST-8211,SESS-25526,CART-22526,2024-03-19,224.06,79.00,3.10,Fashion,2,Completed,Mobile App,East,P-227,SKU-1492,112.03,14.14,17.92,New,Debit Card
ORD-20527,CUST-8211,SESS-25527,CART-22527,2025-07-10,199.70,85.60,46.20,Electronics,5,Completed,Mobile App,International,P-645,SKU-257,39.94,18.24,15.98,New,Credit Card
ORD-20528,CUST-8212,SESS-25528,CART-22528,2024-12-02,490.33,226.25,33.16,Fashion,3,Completed,Affiliate,West,P-891,SKU-4927,163.44,6.88,39.23,New,Crypto
ORD-20529,CUST-8212,SESS-25529,CART-22529,2025-11-01,319.98,125.09,22.34,Beauty,2,Pending,Social Media,South,P-565,SKU-3197,159.99,7.40,25.60,New,PayPal
ORD-20530,CUST-8213,SESS-25530,CART-22530,2023-12-05,277.27,131.56,17.75,Beauty,2,Pending,Affiliate,West,P-121,SKU-4177,138.63,2.79,22.18,VIP,Debit Card
ORD-20531,CUST-8213,SESS-25531,CART-22531,2023-12-10,413.12,222.24,2.64,Fashion,2,Returned,Web,South,P-89,SKU-2957,206.56,3.30,33.05,Returning,Debit Card
ORD-20532,CUST-8213,SESS-25532,CART-22532,2024-05-14,298.81,152.80,13.17,Fashion,4,Returned,Mobile App,South,P-742,SKU-1089,74.70,5.61,23.90,Returning,Debit Card
ORD-20533,CUST-8214,SESS-25533,CART-22533,2023-08-22,203.45,96.57,47.72,Home,2,Cancelled,Affiliate,International,P-689,SKU-94,101.72,4.31,16.28,Returning,Crypto
ORD-20534,CUST-8214,SESS-25534,CART-22534,2025-02-27,183.46,56.28,41.15,Fashion,2,Completed,Web,International,P-916,SKU-3060,91.73,10.11,14.68,VIP,PayPal
ORD-20535,CUST-8215,SESS-25535,CART-22535,2025-11-01,403.78,225.67,44.42,Fashion,4,Cancelled,Mobile App,East,P-617,SKU-4368,100.95,10.60,32.30,New,PayPal
ORD-20536,CUST-8215,SESS-25536,CART-22536,2023-09-19,119.21,44.66,42.17,Beauty,2,Pending,Affiliate,International,P-20,SKU-4244,59.61,1.53,9.54,New,Crypto
ORD-20537,CUST-8215,SESS-25537,CART-22537,2023-12-03,348.26,189.71,45.56,Fashion,1,Returned,Mobile App,South,P-812,SKU-2574,348.26,14.66,27.86,Returning,Crypto
ORD-20538,CUST-8216,SESS-25538,CART-22538,2023-10-28,342.31,169.99,34.71,Home,5,Completed,Web,East,P-643,SKU-931,68.46,10.59,27.38,Returning,Credit Card
ORD-20539,CUST-8216,SESS-25539,CART-22539,2023-08-13,125.63,74.56,47.58,Fashion,5,Shipped,Web,West,P-303,SKU-3638,25.13,19.68,10.05,VIP,PayPal
ORD-20540,CUST-8217,SESS-25540,CART-22540,2023-10-05,208.95,69.83,43.16,Beauty,4,Completed,Web,International,P-531,SKU-4369,52.24,11.53,16.72,Returning,Debit Card
ORD-20541,CUST-8217,SESS-25541,CART-22541,1702452282707,25.65,8.24,32.28,Home,3,Cancelled,Mobile App,West,P-829,SKU-2293,8.55,18.45,2.05,New,Debit Card
ORD-20542,CUST-8217,SESS-25542,CART-22542,2023-12-24,62.58,30.23,16.82,Beauty,4,Cancelled,Affiliate,West,P-226,SKU-1403,15.64,18.47,5.01,New,PayPal
ORD-20543,CUST-8218,SESS-25543,CART-22543,1696200419069,131.16,49.68,39.89,Beauty,1,Returned,Social Media,West,P-422,SKU-850,131.16,12.23,10.49,New,Credit Card
ORD-20544,CUST-8218,SESS-25544,CART-22544,2024-07-22,324.94,152.80,42.42,  sports  ,3,Pending,Mobile App,South,P-724,SKU-2732,108.31,4.47,26.00,New,PayPal
ORD-20545,CUST-8219,SESS-25545,CART-22545,2023-11-15,417.08,233.78,16.51,Fashion,3,Pending,Social Media,North,P-176,SKU-1152,139.03,13.21,33.37,Returning,Debit Card
ORD-20546,CUST-8219,SESS-25546,CART-22546,2025-08-22,256.12,145.85,9.52,Sports,2,Completed,Web,West,P-58,SKU-4405,128.06,13.49,20.49,VIP,Debit Card
ORD-20547,CUST-8219,SESS-25547,CART-22547,2025-06-14,212.96,80.06,44.49,Electronics,2,Shipped,Web,West,P-565,SKU-2825,106.48,17.32,17.04,VIP,Credit Card
ORD-20548,CUST-8220,SESS-25548,CART-22548,2023-08-07,45.13,20.46,21.81,Sports,2,Pending,Affiliate,East,P-20,SKU-1873,22.56,14.26,3.61,Returning,Debit Card
ORD-20549,CUST-8220,SESS-25549,CART-22549,2023-10-20,,92.44,36.14,Electronics,1,Completed,Social Media,West,P-173,SKU-124,161.40,11.93,12.91,VIP,Debit Card
ORD-20550,CUST-8221,SESS-25550,CART-22550,2025-05-12,338.06,196.91,11.72,Home,5,Returned,Affiliate,West,P-888,SKU-2498,67.61,4.72,27.05,New,PayPal
ORD-20551,CUST-8221,SESS-25551,CART-22551,1745309930374,NULL,12.34,1.55,Home,3,Completed,Web,West,P-409,SKU-1096,9.64,0.24,2.31,New,Crypto
ORD-20552,CUST-8221,SESS-25552,CART-22552,2023-03-25,507.49,237.96,2.69,Home,5,Cancelled,Social Media,South,P-130,SKU-4587,101.50,8.71,40.60,VIP,Debit Card
ORD-20553,CUST-8222,SESS-25553,CART-22553,2023-06-17,476.67,196.32,36.21,Beauty,1,Pending,Web,International,P-572,SKU-3996,476.67,19.29,38.13,New,Credit Card
ORD-20554,CUST-8222,SESS-25554,CART-22554,2024-05-13,61.92,35.82,4.06,Electronics,2,Cancelled,Social Media,South,P-320,SKU-4346,30.96,19.54,4.95,New,Debit Card
ORD-20555,CUST-8223,SESS-25555,CART-22555,1748635282285,140.88,56.32,5.06,Electronics,2,Pending,Social Media,North,P-470,SKU-3868,70.44,14.12,11.27,Returning,Debit Card
ORD-20556,CUST-8223,SESS-25556,CART-22556,2025-12-04,200.62,92.51,44.59,Electronics,5,Cancelled,Web,South,P-489,SKU-1474,40.12,14.90,16.05,VIP,Credit Card
ORD-20557,CUST-8223,SESS-25557,CART-22557,2/28/2023,309.24,99.11,31.08,Electronics,2,Shipped,Social Media,South,P-771,SKU-1480,154.62,7.57,24.74,VIP,Credit Card
ORD-20558,CUST-8224,SESS-25558,CART-22558,2023-09-11,291.79,155.98,30.45,Beauty,1,Cancelled,Web,North,P-692,SKU-4322,291.79,11.00,23.34,Returning,PayPal
ORD-20559,CUST-8224,SESS-25559,CART-22559,2025-11-13,NULL,128.31,33.24,Fashion,3,Shipped,Web,East,P-515,SKU-1695,113.89,19.52,27.33,New,Credit Card
ORD-20560,CUST-8225,SESS-25560,CART-22560,2025-12-10,335.93,146.20,7.75,Electronics,3,Completed,Social Media,North,P-977,SKU-4637,111.98,10.63,26.87,VIP,PayPal
ORD-20561,CUST-8225,SESS-25561,CART-22561,1707053348485,439.95,163.87,25.63,Beauty,2,Cancelled,Affiliate,South,P-78,SKU-659,219.98,10.38,35.20,Returning,PayPal
ORD-20562,CUST-8225,SESS-25562,CART-22562,2024-07-06,410.91,157.98,7.47,Sports,5,Pending,Affiliate,International,P-853,SKU-4517,82.18,17.84,32.87,New,PayPal
ORD-20563,CUST-8226,SESS-25563,CART-22563,2025-01-11,67.16,38.65,28.00,Home,4,Cancelled,Web,West,P-464,SKU-1694,16.79,18.71,5.37,New,Credit Card
ORD-20564,CUST-8226,SESS-25564,CART-22564,2025-04-12,478.42,247.00,21.72,Home,5,Pending,Mobile App,International,P-11,SKU-487,95.68,15.68,38.27,Returning,Debit Card
ORD-20565,CUST-8227,SESS-25565,CART-22565,2025-07-22,359.69,120.65,30.51,Beauty,3,Pending,Web,North,P-293,SKU-4514,119.90,17.97,28.77,New,Crypto
ORD-20566,CUST-8227,SESS-25566,CART-22566,2025-04-06,285.91,111.94,29.47,Beauty,3,Completed,Affiliate,North,P-701,SKU-2644,95.30,16.60,22.87,New,Debit Card
ORD-20567,CUST-8227,SESS-25567,CART-22567,2023-04-06,113.31,44.96,20.88,Sports,3,Completed,Social Media,West,P-512,SKU-2946,37.77,15.72,9.07,Returning,Credit Card
ORD-20568,CUST-8228,SESS-25568,CART-22568,2024-10-13,236.41,112.98,41.25,Sports,1,Returned,Affiliate,East,P-886,SKU-4511,236.41,7.07,18.91,New,Debit Card
ORD-20569,CUST-8228,SESS-25569,CART-22569,2023-12-28,77.76,30.71,1.07,Fashion,4,Cancelled,Social Media,South,P-302,SKU-4270,19.44,13.55,6.22,New,Crypto
ORD-20570,CUST-8229,SESS-25570,CART-22570,2023-01-24,59.53,30.69,5.02,Fashion,1,Pending,Web,South,P-310,SKU-2172,59.53,11.69,4.76,Returning,Crypto
ORD-20571,CUST-8229,SESS-25571,CART-22571,2024-11-11,324.32,125.80,38.34,Electronics,2,Shipped,Affiliate,West,P-435,SKU-4622,162.16,14.04,25.95,Returning,Credit Card
ORD-20572,CUST-8229,SESS-25572,CART-22572,2024-02-11,304.18,144.17,33.43,Home,5,Shipped,Affiliate,International,P-523,SKU-1739,60.84,14.39,24.33,Returning,Crypto
ORD-20573,CUST-8230,SESS-25573,CART-22573,2025-12-13,500.18,177.80,23.54,Home,4,Cancelled,Social Media,North,P-325,SKU-1676,125.05,19.64,40.01,Returning,Debit Card
ORD-20574,CUST-8230,SESS-25574,CART-22574,2024-09-12,353.67,184.91,39.67,Electronics,3,Pending,Social Media,North,P-993,SKU-2046,117.89,6.27,28.29,New,Debit Card
ORD-20575,CUST-8231,SESS-25575,CART-22575,2025-04-09,381.73,222.49,41.67,Electronics,3,Cancelled,Mobile App,South,P-414,SKU-4200,127.24,7.43,30.54,Returning,Credit Card
ORD-20576,CUST-8231,SESS-25576,CART-22576,2025-05-29,152.13,80.63,45.14,Beauty,2,Shipped,Affiliate,South,P-75,SKU-1354,76.07,5.77,12.17,Returning,PayPal
ORD-20577,CUST-8231,SESS-25577,CART-22577,2025-08-16,404.53,222.58,31.66,Fashion,4,Shipped,Affiliate,International,P-982,SKU-4884,101.13,18.75,32.36,VIP,Debit Card
ORD-20578,CUST-8232,SESS-25578,CART-22578,2023-03-10,288.97,128.23,39.69,Sports,4,Shipped,Web,North,P-414,SKU-4019,72.24,19.02,23.12,New,PayPal
ORD-20579,CUST-8232,SESS-25579,CART-22579,2025-09-04,177.77,74.07,39.24,Electronics,4,Returned,Affiliate,West,P-529,SKU-2130,44.44,0.11,14.22,Returning,Crypto
ORD-20580,CUST-8233,SESS-25580,CART-22580,2023-09-22,369.59,152.57,25.03,Fashion,5,Shipped,Affiliate,International,P-441,SKU-1547,73.92,0.26,29.57,New,PayPal
ORD-20581,CUST-8233,SESS-25581,CART-22581,2023-11-14,240.72,106.80,21.50,Sports,4,Cancelled,Mobile App,West,P-795,SKU-758,60.18,17.53,19.26,VIP,Debit Card
ORD-20582,CUST-8233,SESS-25582,CART-22582,2025-09-19,256.74,146.53,16.73,Sports,3,Returned,Social Media,International,P-740,SKU-3095,85.58,12.91,20.54,VIP,Crypto
ORD-20583,CUST-8234,SESS-25583,CART-22583,2024-12-07,153.14,59.23,9.77,Home,1,Shipped,Affiliate,West,P-36,SKU-402,153.14,0.88,12.25,Returning,Debit Card
ORD-20584,CUST-8234,SESS-25584,CART-22584,2023-07-04,327.00,194.07,34.00,Beauty,1,Shipped,Mobile App,International,P-517,SKU-281,327.00,9.56,26.16,Returning,Crypto
ORD-20585,CUST-8235,SESS-25585,CART-22585,2025-04-13,420.98,199.02,14.09,Beauty,4,Completed,Social Media,International,P-375,SKU-1164,105.25,9.56,33.68,VIP,Debit Card
ORD-20586,CUST-8235,SESS-25586,CART-22586,2026-03-11,  289.46  ,93.53,31.32,Home,5,Pending,Affiliate,North,P-851,SKU-1054,57.89,14.57,23.16,VIP,PayPal
ORD-20587,CUST-8235,SESS-25587,CART-22587,1765191559845,76.46,31.49,35.81,Electronics,4,Pending,Web,West,P-756,SKU-3252,19.11,6.65,6.12,New,Debit Card
ORD-20588,CUST-8236,SESS-25588,CART-22588,2024-09-30,417.45,175.17,9.36,Sports,4,Shipped,Mobile App,South,P-740,SKU-4207,104.36,5.23,33.40,Returning,Crypto
ORD-20589,CUST-8236,SESS-25589,CART-22589,2024-11-21,342.72,107.03,15.09,Fashion,4,Completed,Web,International,P-204,SKU-953,85.68,18.53,27.42,New,PayPal
ORD-20590,CUST-8237,SESS-25590,CART-22590,2024-07-02,462.38,277.09,40.00,Fashion,5,Returned,Social Media,West,P-913,SKU-1469,92.48,18.78,36.99,VIP,Credit Card
ORD-20591,CUST-8237,SESS-25591,CART-22591,2024-01-18,NULL,131.19,33.64,Electronics,1,Returned,Mobile App,West,P-603,SKU-2418,329.13,7.03,26.33,Returning,Crypto
ORD-20592,CUST-8237,SESS-25592,CART-22592,2023-12-11,52.91,25.32,32.66,Fashion,3,Completed,Mobile App,East,P-275,SKU-168,17.64,11.19,4.23,New,Crypto
ORD-20593,CUST-8238,SESS-25593,CART-22593,2025-07-17,112.32,66.97,11.49,Fashion,1,Shipped,Affiliate,South,P-572,SKU-3134,112.32,9.72,8.99,New,PayPal
ORD-20594,CUST-8238,SESS-25594,CART-22594,2023-03-15,310.39,130.07,36.17,Beauty,1,Returned,Mobile App,East,P-937,SKU-3028,310.39,18.72,24.83,VIP,Credit Card
ORD-20595,CUST-8239,SESS-25595,CART-22595,2023-11-12,302.38,149.53,8.36,Sports,2,Completed,Affiliate,East,P-460,SKU-102,151.19,18.22,24.19,VIP,Crypto
ORD-20596,CUST-8239,SESS-25596,CART-22596,2025-01-07,320.30,148.70,8.14,Sports,5,Pending,Social Media,International,P-424,SKU-141,64.06,5.23,25.62,New,Crypto
ORD-20597,CUST-8239,SESS-25597,CART-22597,2023-03-22,193.92,69.27,45.90,Fashion,1,Pending,Web,East,P-153,SKU-4391,193.92,17.50,15.51,New,Debit Card
ORD-20598,CUST-8240,SESS-25598,CART-22598,2024-05-08,508.22,222.02,18.12,Home,NULL,Returned,Web,West,P-633,SKU-2627,169.41,9.26,40.66,Returning,PayPal
ORD-20599,CUST-8240,SESS-25599,CART-22599,2024-02-12,432.04,201.65,42.82,Beauty,3,Cancelled,Affiliate,North,P-37,SKU-337,144.01,14.96,34.56,VIP,Debit Card
ORD-20600,CUST-8241,SESS-25600,CART-22600,2024-11-16,444.15,263.14,37.25,Electronics,3,Returned,Web,West,P-225,SKU-2483,148.05,19.32,35.53,New,Crypto
ORD-20601,CUST-8241,SESS-25601,CART-22601,2024-09-15,245.83,97.20,45.88,Electronics,4,Shipped,Mobile App,East,P-519,SKU-617,61.46,4.98,19.67,VIP,Crypto
ORD-20602,CUST-8241,SESS-25602,CART-22602,2023-11-03,406.21,175.13,18.49,Electronics,2,Shipped,Web,International,P-571,SKU-2281,203.10,11.51,32.50,VIP,Credit Card
ORD-20603,CUST-8242,SESS-25603,CART-22603,2025-09-02,329.58,137.50,30.28,Home,1,Cancelled,Mobile App,North,P-843,SKU-4095,329.58,0.47,26.37,Returning,Credit Card
ORD-20604,CUST-8242,SESS-25604,CART-22604,2025-07-16,227.50,102.87,40.71,Electronics,2,Returned,Social Media,North,P-3,SKU-2437,113.75,5.48,18.20,New,PayPal
ORD-20605,CUST-8243,SESS-25605,CART-22605,2023-07-02,469.56,164.70,10.25,Beauty,1,Returned,Affiliate,North,P-928,SKU-1554,469.56,18.61,37.56,Returning,Debit Card
ORD-20606,CUST-8243,SESS-25606,CART-22606,1743574472241,51.03,20.56,5.32,Home,2,Cancelled,Affiliate,International,P-409,SKU-2042,25.51,1.41,4.08,Returning,Debit Card
ORD-20607,CUST-8243,SESS-25607,CART-22607,2023-09-22,235.36,98.35,26.23,Beauty,1,Pending,Affiliate,International,P-9,SKU-3362,235.36,2.07,18.83,Returning,Debit Card
ORD-20608,CUST-8244,SESS-25608,CART-22608,6/2/2023,111.82,66.49,42.27,Beauty,NULL,Pending,Mobile App,International,P-874,SKU-4957,111.82,11.15,8.95,Returning,Crypto
ORD-20609,CUST-8244,SESS-25609,CART-22609,1739526976123,247.46,131.80,39.48,Sports,3,Pending,Affiliate,North,P-674,SKU-186,82.49,10.17,19.80,VIP,Credit Card
ORD-20610,CUST-8245,SESS-25610,CART-22610,2023-12-29,42.17,17.44,18.62,Electronics,2,Returned,Mobile App,International,P-390,SKU-4472,21.09,18.55,3.37,VIP,Credit Card
ORD-20611,CUST-8245,SESS-25611,CART-22611,2024-09-08,465.85,140.84,5.84,Beauty,1,Shipped,Mobile App,East,P-641,SKU-497,465.85,18.28,37.27,VIP,Debit Card
ORD-20612,CUST-8245,SESS-25612,CART-22612,2023-01-19,105.23,50.59,20.66,Electronics,2,Returned,Social Media,West,P-277,SKU-2254,52.62,4.16,8.42,VIP,Debit Card
ORD-20613,CUST-8246,SESS-25613,CART-22613,2023-12-25,78.25,33.43,38.74,,5,Shipped,Social Media,North,P-777,SKU-193,15.65,8.81,6.26,Returning,Crypto
ORD-20614,CUST-8246,SESS-25614,CART-22614,2023-03-10,102.73,59.72,15.42,Fashion,5,Cancelled,Social Media,North,P-597,SKU-1221,20.55,3.03,8.22,Returning,Crypto
ORD-20615,CUST-8247,SESS-25615,CART-22615,2024-02-23,309.21,161.19,9.74,Electronics,,Returned,Mobile App,East,P-970,SKU-4367,154.61,6.95,24.74,VIP,Crypto
ORD-20616,CUST-8247,SESS-25616,CART-22616,2023-04-13,57.71,18.23,4.96,Electronics,5,Returned,Web,North,P-859,SKU-1557,11.54,8.75,4.62,Returning,Credit Card
ORD-20617,CUST-8247,SESS-25617,CART-22617,6/2/2025,  468.49  ,227.40,8.90,Electronics,1,Shipped,Web,International,P-96,SKU-406,468.49,1.13,37.48,Returning,Crypto
ORD-20618,CUST-8248,SESS-25618,CART-22618,2023-12-12,31.30,15.41,43.49,Home,3,Cancelled,Web,North,P-228,SKU-108,10.43,9.17,2.50,Returning,PayPal
ORD-20619,CUST-8248,SESS-25619,CART-22619,2025-12-15,71.84,40.29,32.52,Sports,1,Shipped,Web,North,P-549,SKU-1211,71.84,15.48,5.75,New,Crypto
ORD-20620,CUST-8249,SESS-25620,CART-22620,2023-01-27,392.23,163.71,19.99,Home,NULL,Cancelled,Mobile App,East,P-223,SKU-3606,196.12,12.29,31.38,VIP,PayPal
ORD-20621,CUST-8249,SESS-25621,CART-22621,2023-12-21,29.53,14.66,35.41,Fashion,4,Returned,Web,West,P-972,SKU-61,7.38,1.95,2.36,VIP,Credit Card
ORD-20622,CUST-8249,SESS-25622,CART-22622,2024-02-09,402.83,145.02,13.50,Home,1,Shipped,Web,North,P-748,SKU-4886,402.83,16.47,32.23,New,Credit Card
ORD-20623,CUST-8250,SESS-25623,CART-22623,2024-09-18,350.88,176.02,16.65,Home,1,Cancelled,Social Media,International,P-381,SKU-3682,350.88,10.72,28.07,VIP,PayPal
ORD-20624,CUST-8250,SESS-25624,CART-22624,2024-03-08,505.22,186.07,46.71,Home,2,Shipped,Web,International,P-168,SKU-206,252.61,2.90,40.42,VIP,PayPal
ORD-20625,CUST-8251,SESS-25625,CART-22625,2024-12-10,501.49,293.44,12.21,Fashion,1,Pending,Social Media,West,P-823,SKU-3582,501.49,2.12,40.12,VIP,Debit Card
ORD-20626,CUST-8251,SESS-25626,CART-22626,2025-02-10,423.02,252.29,41.39,Home,3,Pending,Mobile App,South,P-547,SKU-4943,141.01,4.09,33.84,New,PayPal
ORD-20627,CUST-8251,SESS-25627,CART-22627,1711181743764,98.47,32.68,3.71,Beauty,4,Shipped,Mobile App,East,P-290,SKU-311,24.62,6.35,7.88,New,PayPal
ORD-20628,CUST-8252,SESS-25628,CART-22628,2025-09-27,128.99,39.86,7.66,Home,4,Cancelled,Affiliate,North,P-611,SKU-365,32.25,15.92,10.32,New,Debit Card
ORD-20629,CUST-8252,SESS-25629,CART-22629,2024-05-07,424.42,193.95,44.08,Fashion,1,Returned,Web,International,P-582,SKU-3577,424.42,19.33,33.95,Returning,Credit Card
ORD-20630,CUST-8253,SESS-25630,CART-22630,2024-05-05,422.68,136.68,42.57,Beauty,3,Returned,Web,North,P-484,SKU-3432,140.89,15.28,33.81,Returning,Crypto
ORD-20631,CUST-8253,SESS-25631,CART-22631,1688116271987,339.84,119.19,17.25,Electronics,2,Cancelled,Affiliate,South,P-57,SKU-3374,169.92,11.15,27.19,Returning,Credit Card
ORD-20632,CUST-8253,SESS-25632,CART-22632,2024-08-19,337.37,165.74,47.34,Fashion,4,Shipped,Web,South,P-527,SKU-2825,84.34,2.15,26.99,VIP,PayPal
ORD-20633,CUST-8254,SESS-25633,CART-22633,1674162263023,274.72,105.76,21.14,Fashion,2,Shipped,Social Media,International,P-945,SKU-4006,137.36,17.72,21.98,VIP,Credit Card
ORD-20634,CUST-8254,SESS-25634,CART-22634,2024-08-18,108.77,60.91,5.02,Sports,3,Pending,Web,West,P-783,SKU-465,36.26,4.14,8.70,Returning,PayPal
ORD-20635,CUST-8255,SESS-25635,CART-22635,2024-03-28,63.19,23.64,1.91,Beauty,4,Shipped,Web,North,P-823,SKU-2721,15.80,1.38,5.05,Returning,Credit Card
ORD-20636,CUST-8255,SESS-25636,CART-22636,2025-06-22,497.09,191.23,15.02,  electronics  ,4,Returned,Affiliate,East,P-773,SKU-2428,124.27,6.95,39.77,VIP,Credit Card
ORD-20637,CUST-8255,SESS-25637,CART-22637,2025-10-09,466.33,162.16,18.03,Home,2,Pending,Web,South,P-789,SKU-2054,233.16,4.56,37.31,Returning,PayPal
ORD-20638,CUST-8256,SESS-25638,CART-22638,2025-10-21,327.28,179.77,16.51,Home,3,Completed,Mobile App,North,P-865,SKU-2694,109.09,10.51,26.18,VIP,Crypto
ORD-20639,CUST-8256,SESS-25639,CART-22639,2025-02-04,489.79,181.21,26.32,Home,,Cancelled,Affiliate,West,P-618,SKU-637,122.45,0.91,39.18,New,Debit Card
ORD-20640,CUST-8257,SESS-25640,CART-22640,2024-08-09,395.35,220.15,23.26,Fashion,3,Cancelled,Mobile App,International,P-538,SKU-4196,131.78,12.87,31.63,VIP,Crypto
ORD-20641,CUST-8257,SESS-25641,CART-22641,2024-11-24,452.65,152.03,46.57,Electronics,4,Cancelled,Web,North,P-965,SKU-2883,113.16,11.58,36.21,New,Debit Card
ORD-20642,CUST-8257,SESS-25642,CART-22642,2025-06-08,416.10,223.94,6.77,Electronics,4,Pending,Social Media,West,P-81,SKU-2989,104.02,3.57,33.29,VIP,Credit Card
ORD-20643,CUST-8258,SESS-25643,CART-22643,2026-03-09,312.09,119.86,25.62,Fashion,1,Completed,Web,North,P-923,SKU-3396,312.09,16.97,24.97,New,Credit Card
ORD-20644,CUST-8258,SESS-25644,CART-22644,2023-12-20,313.21,176.87,10.79,Sports,4,Returned,Web,South,P-16,SKU-696,78.30,2.88,25.06,VIP,PayPal
ORD-20645,CUST-8259,SESS-25645,CART-22645,2023-07-10,339.76,154.39,40.79,Home,2,Shipped,Social Media,West,P-48,SKU-4234,169.88,3.01,27.18,Returning,Credit Card
ORD-20646,CUST-8259,SESS-25646,CART-22646,2025-03-23,160.03,82.47,49.12,Electronics,3,Shipped,Social Media,East,P-473,SKU-4527,53.34,14.56,12.80,Returning,Credit Card
ORD-20647,CUST-8259,SESS-25647,CART-22647,2025-04-28,87.74,36.98,2.37,Electronics,1,Returned,Social Media,South,P-72,SKU-4830,87.74,6.16,7.02,Returning,Crypto
ORD-20648,CUST-8260,SESS-25648,CART-22648,2024-03-07,503.86,259.87,9.48,Sports,5,Returned,Affiliate,West,P-646,SKU-3343,100.77,4.97,40.31,Returning,Crypto
ORD-20649,CUST-8260,SESS-25649,CART-22649,10/7/2024,412.51,125.26,22.69,Electronics,3,Returned,Social Media,West,P-420,SKU-1892,137.50,11.68,33.00,Returning,Debit Card
ORD-20650,CUST-8261,SESS-25650,CART-22650,2023-03-15,342.90,131.97,28.99,Electronics,2,Shipped,Social Media,International,P-695,SKU-4445,171.45,3.03,27.43,New,Credit Card
ORD-20651,CUST-8261,SESS-25651,CART-22651,2025-07-09,152.74,74.26,42.58,Sports,4,Returned,Social Media,North,P-778,SKU-4079,38.19,8.97,12.22,VIP,Crypto
ORD-20652,CUST-8261,SESS-25652,CART-22652,2025-01-24,114.66,35.83,5.54,Electronics,1,Cancelled,Mobile App,North,P-657,SKU-1191,114.66,14.21,9.17,New,Crypto
ORD-20653,CUST-8262,SESS-25653,CART-22653,2025-03-13,120.56,39.19,13.49,Beauty,5,Shipped,Mobile App,North,P-680,SKU-3438,24.11,14.07,9.64,New,PayPal
ORD-20654,CUST-8262,SESS-25654,CART-22654,2024-08-30,156.58,65.20,32.89,Fashion,2,Shipped,Affiliate,West,P-194,SKU-1932,78.29,5.03,12.53,Returning,PayPal
ORD-20655,CUST-8263,SESS-25655,CART-22655,2025-08-14,295.47,152.25,19.45,Sports,5,Cancelled,Web,International,P-575,SKU-2670,59.09,17.99,23.64,VIP,Debit Card
ORD-20656,CUST-8263,SESS-25656,CART-22656,2025-12-10,164.35,81.19,24.51,Electronics,4,Pending,Web,South,P-81,SKU-4440,41.09,7.96,13.15,VIP,Credit Card
ORD-20657,CUST-8263,SESS-25657,CART-22657,2024-12-30,52.37,31.21,41.43,Home,4,Shipped,Affiliate,South,P-171,SKU-1540,13.09,0.44,4.19,New,Crypto
ORD-20658,CUST-8264,SESS-25658,CART-22658,2023-04-25,362.51,116.74,28.26,Electronics,1,Shipped,Affiliate,West,P-692,SKU-1828,362.51,0.06,29.00,VIP,Crypto
ORD-20659,CUST-8264,SESS-25659,CART-22659,2023-10-01,391.30,220.55,32.61,Beauty,4,Shipped,Affiliate,North,P-191,SKU-3510,97.82,11.85,31.30,New,Credit Card
ORD-20660,CUST-8265,SESS-25660,CART-22660,2025-09-02,289.23,109.26,39.68,Home,5,Shipped,Web,International,P-963,SKU-1735,57.85,3.72,23.14,New,Crypto
ORD-20661,CUST-8265,SESS-25661,CART-22661,2025-07-28,72.95,27.35,7.27,  fashion  ,5,Shipped,Social Media,South,P-313,SKU-3854,14.59,18.09,5.84,New,Crypto
ORD-20662,CUST-8265,SESS-25662,CART-22662,2024-03-30,420.41,203.19,15.13,Sports,4,Pending,Web,South,P-320,SKU-839,105.10,1.45,33.63,VIP,Credit Card
ORD-20663,CUST-8266,SESS-25663,CART-22663,7/11/2024,,42.48,0.09,Beauty,3,Shipped,Mobile App,North,P-155,SKU-4831,40.42,3.30,9.70,Returning,Credit Card
ORD-20664,CUST-8266,SESS-25664,CART-22664,2025-06-05,122.69,71.75,20.97,Home,2,Shipped,Affiliate,West,P-393,SKU-4426,61.34,9.03,9.81,New,Debit Card
ORD-20665,CUST-8267,SESS-25665,CART-22665,2025-11-18,70.27,24.92,34.46,Beauty,3,Completed,Mobile App,West,P-134,SKU-721,23.42,11.37,5.62,New,Debit Card
ORD-20666,CUST-8267,SESS-25666,CART-22666,2025-01-27,  437.00  ,148.44,46.88,Electronics,2,Pending,Social Media,West,P-65,SKU-3259,218.50,15.86,34.96,New,Debit Card
ORD-20667,CUST-8267,SESS-25667,CART-22667,2025-12-11,430.13,238.53,19.25,Fashion,3,Returned,Affiliate,West,P-64,SKU-616,143.38,3.84,34.41,VIP,Credit Card
ORD-20668,CUST-8268,SESS-25668,CART-22668,2025-08-11,360.94,126.73,16.96,Fashion,5,Shipped,Mobile App,International,P-861,SKU-1243,72.19,19.41,28.88,VIP,Crypto
ORD-20669,CUST-8268,SESS-25669,CART-22669,2023-12-01,325.15,175.21,34.32,Electronics,1,Cancelled,Social Media,South,P-857,SKU-3902,325.15,16.26,26.01,VIP,PayPal
ORD-20670,CUST-8269,SESS-25670,CART-22670,2025-07-27,149.11,57.32,14.82,Fashion,5,Completed,Mobile App,West,P-512,SKU-996,29.82,8.77,11.93,Returning,PayPal
ORD-20671,CUST-8269,SESS-25671,CART-22671,2024-11-01,394.57,188.32,40.02,Sports,4,Returned,Mobile App,East,P-831,SKU-3270,98.64,9.79,31.57,VIP,PayPal
ORD-20672,CUST-8269,SESS-25672,CART-22672,2023-07-08,112.02,37.24,23.43,Sports,1,Shipped,Social Media,West,P-968,SKU-732,112.02,14.73,8.96,New,PayPal
ORD-20673,CUST-8270,SESS-25673,CART-22673,2025-11-08,416.77,208.75,32.70,Fashion,2,Returned,Web,North,P-727,SKU-4425,208.39,12.20,33.34,New,Crypto
ORD-20674,CUST-8270,SESS-25674,CART-22674,2025-07-17,144.22,56.21,30.24,Electronics,1,Cancelled,Web,South,P-178,SKU-3385,144.22,17.71,11.54,VIP,PayPal
ORD-20675,CUST-8271,SESS-25675,CART-22675,2023-02-28,253.45,96.63,43.75,Beauty,5,Cancelled,Social Media,East,P-456,SKU-4246,50.69,12.70,20.28,Returning,PayPal
ORD-20676,CUST-8271,SESS-25676,CART-22676,2025-12-06,139.98,68.25,43.32,Fashion,4,Shipped,Affiliate,International,P-253,SKU-1590,35.00,3.35,11.20,VIP,Debit Card
ORD-20677,CUST-8271,SESS-25677,CART-22677,2024-07-20,416.88,240.19,32.45,Beauty,1,Shipped,Affiliate,East,P-230,SKU-103,416.88,15.31,33.35,VIP,PayPal
ORD-20678,CUST-8272,SESS-25678,CART-22678,2025-01-26,108.55,64.64,31.46,Home,3,Completed,Affiliate,South,P-625,SKU-1043,36.18,3.46,8.68,VIP,Debit Card
ORD-20679,CUST-8272,SESS-25679,CART-22679,2026-03-10,463.75,263.81,4.35,Home,1,Shipped,Social Media,International,P-340,SKU-341,463.75,10.83,37.10,VIP,Debit Card
ORD-20680,CUST-8273,SESS-25680,CART-22680,2023-10-03,79.65,41.17,42.31,Fashion,1,Pending,Social Media,South,P-773,SKU-4901,79.65,1.07,6.37,Returning,Credit Card
ORD-20681,CUST-8273,SESS-25681,CART-22681,2025-01-09,423.29,155.45,5.73,Electronics,3,Shipped,Mobile App,West,P-309,SKU-3246,141.10,4.13,33.86,Returning,Crypto
ORD-20682,CUST-8273,SESS-25682,CART-22682,2026-02-19,121.42,55.25,34.92,Beauty,5,Cancelled,Mobile App,East,P-155,SKU-1995,24.28,1.24,9.71,Returning,Crypto
ORD-20683,CUST-8274,SESS-25683,CART-22683,7/31/2023,457.60,253.80,43.87,Fashion,1,Completed,Mobile App,West,P-273,SKU-2882,457.60,19.84,36.61,New,Credit Card
ORD-20684,CUST-8274,SESS-25684,CART-22684,12/29/2023,100.23,44.66,12.46,Electronics,1,Shipped,Mobile App,North,P-870,SKU-395,100.23,1.31,8.02,New,Credit Card
ORD-20685,CUST-8275,SESS-25685,CART-22685,2026-02-02,403.04,124.88,23.99,Electronics,3,Pending,Mobile App,West,P-317,SKU-3714,134.35,17.62,32.24,VIP,Credit Card
ORD-20686,CUST-8275,SESS-25686,CART-22686,2025-04-17,455.13,231.44,36.16,Home,3,Completed,Affiliate,South,P-878,SKU-2589,151.71,16.61,36.41,New,Debit Card
ORD-20687,CUST-8275,SESS-25687,CART-22687,2025-07-26,452.00,153.42,29.85,Home,1,Shipped,Affiliate,West,P-323,SKU-4483,452.00,3.74,36.16,VIP,Credit Card
ORD-20688,CUST-8276,SESS-25688,CART-22688,2026-02-09,80.94,33.45,35.71,Beauty,3,Cancelled,Social Media,South,P-346,SKU-4464,26.98,6.82,6.48,Returning,Crypto
ORD-20689,CUST-8276,SESS-25689,CART-22689,6/2/2025,391.58,143.81,13.19,Beauty,5,Returned,Mobile App,East,P-214,SKU-4781,78.32,14.71,31.33,VIP,Credit Card
ORD-20690,CUST-8277,SESS-25690,CART-22690,2024-07-30,405.31,134.56,45.93,Fashion,2,Cancelled,Mobile App,West,P-526,SKU-2411,202.66,15.29,32.43,VIP,Credit Card
ORD-20691,CUST-8277,SESS-25691,CART-22691,2024-03-04,297.98,90.69,9.40,Electronics,3,Returned,Web,East,P-303,SKU-4748,99.33,5.69,23.84,VIP,Debit Card
ORD-20692,CUST-8277,SESS-25692,CART-22692,5/7/2024,448.10,135.12,29.07,Sports,4,Completed,Web,West,P-72,SKU-1306,112.03,19.65,35.85,VIP,Crypto
ORD-20693,CUST-8278,SESS-25693,CART-22693,2024-06-16,209.38,103.62,43.76,NULL,5,Returned,Mobile App,North,P-92,SKU-1191,41.88,12.35,16.75,VIP,Debit Card
ORD-20694,CUST-8278,SESS-25694,CART-22694,2024-10-18,121.72,39.35,15.35,Beauty,5,Completed,Social Media,International,P-586,SKU-2521,24.34,19.11,9.74,New,Debit Card
ORD-20695,CUST-8279,SESS-25695,CART-22695,2024-12-29,40.13,12.48,46.52,Beauty,3,Cancelled,Social Media,International,P-523,SKU-2517,13.38,6.50,3.21,New,Debit Card
ORD-20696,CUST-8279,SESS-25696,CART-22696,2023-06-21,34.46,14.18,4.46,Sports,1,Cancelled,Affiliate,West,P-205,SKU-265,34.46,15.88,2.76,Returning,Crypto
ORD-20697,CUST-8279,SESS-25697,CART-22697,2025-03-25,106.53,38.86,24.49,Beauty,2,Shipped,Affiliate,East,P-109,SKU-3933,53.26,5.04,8.52,VIP,Credit Card
ORD-20698,CUST-8280,SESS-25698,CART-22698,2025-04-27,96.29,41.02,24.65,Home,4,Completed,Affiliate,South,P-352,SKU-2182,24.07,11.42,7.70,New,Crypto
ORD-20699,CUST-8280,SESS-25699,CART-22699,2025-12-01,123.83,62.24,38.18,Sports,5,Pending,Affiliate,South,P-780,SKU-274,24.77,8.60,9.91,Returning,PayPal
ORD-20700,CUST-8281,SESS-25700,CART-22700,2023-07-27,426.45,142.55,31.42,Sports,4,Completed,Web,East,P-750,SKU-317,106.61,17.05,34.12,VIP,PayPal
ORD-20701,CUST-8281,SESS-25701,CART-22701,2025-03-01,24.42,12.43,19.73,Sports,4,Cancelled,Web,East,P-6,SKU-2271,6.10,14.66,1.95,VIP,PayPal
ORD-20702,CUST-8281,SESS-25702,CART-22702,2025-10-04,204.92,98.88,38.54,Beauty,2,Shipped,Affiliate,West,P-95,SKU-4369,102.46,8.12,16.39,VIP,Credit Card
ORD-20703,CUST-8282,SESS-25703,CART-22703,2025-01-28,300.91,125.24,36.28,Beauty,1,Pending,Social Media,International,P-212,SKU-3122,300.91,18.60,24.07,VIP,Credit Card
ORD-20704,CUST-8282,SESS-25704,CART-22704,2023-09-08,56.61,33.96,43.24,Fashion,5,Shipped,Affiliate,International,P-223,SKU-3956,11.32,17.88,4.53,VIP,PayPal
ORD-20705,CUST-8283,SESS-25705,CART-22705,2024-05-16,40.54,22.31,17.47,Electronics,5,Completed,Mobile App,West,P-603,SKU-1955,8.11,17.96,3.24,VIP,Crypto
ORD-20706,CUST-8283,SESS-25706,CART-22706,2023-02-16,105.85,47.10,44.87,Sports,1,Pending,Mobile App,North,P-661,SKU-1846,105.85,7.11,8.47,VIP,Credit Card
ORD-20707,CUST-8283,SESS-25707,CART-22707,2023-01-18,275.19,85.34,20.98,Home,1,Cancelled,Web,South,P-749,SKU-2433,275.19,12.79,22.01,New,Credit Card
ORD-20708,CUST-8284,SESS-25708,CART-22708,2025-06-02,271.72,135.29,0.71,Fashion,1,Completed,Affiliate,International,P-853,SKU-693,271.72,18.18,21.74,VIP,Debit Card
ORD-20709,CUST-8284,SESS-25709,CART-22709,2024-07-13,426.21,240.44,36.20,Beauty,4,Completed,Mobile App,West,P-657,SKU-2184,106.55,4.91,34.10,New,Credit Card
ORD-20710,CUST-8285,SESS-25710,CART-22710,1766775519755,365.78,139.90,36.83,Electronics,3,Completed,Social Media,West,P-778,SKU-4394,121.93,14.25,29.26,Returning,Debit Card
ORD-20711,CUST-8285,SESS-25711,CART-22711,2024-09-09,228.72,134.78,23.44,Beauty,4,Shipped,Mobile App,West,P-995,SKU-2674,57.18,14.07,18.30,VIP,Credit Card
ORD-20712,CUST-8285,SESS-25712,CART-22712,2026-02-17,119.70,71.01,27.62,Sports,5,Completed,Social Media,North,P-835,SKU-3636,23.94,4.77,9.58,New,PayPal
ORD-20713,CUST-8286,SESS-25713,CART-22713,2024-02-07,119.19,40.31,29.58,Electronics,4,Pending,Affiliate,South,P-54,SKU-4784,29.80,16.92,9.54,Returning,Debit Card
ORD-20714,CUST-8286,SESS-25714,CART-22714,2024-12-17,  398.51  ,122.14,14.52,Beauty,4,Completed,Mobile App,North,P-690,SKU-2857,99.63,8.87,31.88,VIP,Crypto
ORD-20715,CUST-8287,SESS-25715,CART-22715,2023-10-29,477.04,241.78,19.66,Beauty,5,Pending,Web,South,P-415,SKU-1044,95.41,3.85,38.16,VIP,PayPal
ORD-20716,CUST-8287,SESS-25716,CART-22716,2024-06-26,413.70,152.87,21.51,Electronics,1,Returned,Mobile App,North,P-374,SKU-3698,413.70,8.74,33.10,New,PayPal
ORD-20717,CUST-8287,SESS-25717,CART-22717,2024-11-23,60.73,19.14,19.69,Beauty,3,Pending,Affiliate,West,P-781,SKU-3497,20.24,0.31,4.86,VIP,Credit Card
ORD-20718,CUST-8288,SESS-25718,CART-22718,2024-07-17,108.89,55.57,8.23,Beauty,3,Returned,Affiliate,East,P-422,SKU-571,36.30,4.10,8.71,VIP,Crypto
ORD-20719,CUST-8288,SESS-25719,CART-22719,2023-10-03,450.30,201.59,3.28,Electronics,5,Completed,Affiliate,East,P-952,SKU-2106,90.06,6.98,36.02,VIP,Debit Card
ORD-20720,CUST-8289,SESS-25720,CART-22720,2025-06-08,344.22,164.67,11.58,Fashion,1,Shipped,Web,West,P-852,SKU-4528,344.22,6.25,27.54,New,Debit Card
ORD-20721,CUST-8289,SESS-25721,CART-22721,2024-08-11,49.70,21.86,19.35,Sports,4,Pending,Affiliate,East,P-362,SKU-4771,12.42,12.48,3.98,VIP,PayPal
ORD-20722,CUST-8289,SESS-25722,CART-22722,2023-01-25,416.34,193.47,17.82,Electronics,1,Returned,Affiliate,West,P-956,SKU-2042,416.34,12.53,33.31,New,Debit Card
ORD-20723,CUST-8290,SESS-25723,CART-22723,2025-06-27,456.13,252.65,11.15,Electronics,1,Cancelled,Web,South,P-13,SKU-4822,456.13,17.34,36.49,New,Credit Card
ORD-20724,CUST-8290,SESS-25724,CART-22724,2024-02-14,263.32,105.72,44.68,Sports,4,Cancelled,Web,West,P-980,SKU-504,65.83,8.98,21.07,VIP,PayPal
ORD-20725,CUST-8291,SESS-25725,CART-22725,6/1/2024,445.59,142.96,49.19,Sports,2,Shipped,Social Media,West,P-62,SKU-3659,222.80,17.93,35.65,VIP,Crypto
ORD-20726,CUST-8291,SESS-25726,CART-22726,2025-06-01,278.77,94.08,15.78,Fashion,5,Completed,Mobile App,West,P-400,SKU-4170,55.75,0.33,22.30,New,Crypto
ORD-20727,CUST-8291,SESS-25727,CART-22727,2024-04-13,453.30,252.26,41.68,Home,1,Cancelled,Affiliate,South,P-96,SKU-178,453.30,6.68,36.26,Returning,Credit Card
ORD-20728,CUST-8292,SESS-25728,CART-22728,2023-09-17,418.45,218.25,9.82,Sports,NULL,Completed,Social Media,South,P-899,SKU-804,418.45,12.58,33.48,VIP,Debit Card
ORD-20729,CUST-8292,SESS-25729,CART-22729,2026-01-04,397.57,226.32,39.18,Fashion,2,Shipped,Affiliate,North,P-249,SKU-2410,198.78,6.70,31.81,VIP,Crypto
ORD-20730,CUST-8293,SESS-25730,CART-22730,2025-11-16,379.53,186.41,24.59,Electronics,1,Completed,Social Media,East,P-1000,SKU-1204,379.53,0.81,30.36,New,PayPal
ORD-20731,CUST-8293,SESS-25731,CART-22731,2023-04-06,473.73,223.80,29.40,Beauty,5,Completed,Mobile App,North,P-181,SKU-3105,94.75,14.89,37.90,New,Crypto
ORD-20732,CUST-8293,SESS-25732,CART-22732,2024-08-28,43.20,16.01,15.44,Home,1,Pending,Social Media,North,P-422,SKU-1882,43.20,6.18,3.46,Returning,Crypto
ORD-20733,CUST-8294,SESS-25733,CART-22733,2024-09-02,420.53,164.76,49.08,Electronics,4,Returned,Mobile App,International,P-847,SKU-254,105.13,17.78,33.64,Returning,Credit Card
ORD-20734,CUST-8294,SESS-25734,CART-22734,2025-06-02,98.38,33.44,37.12,Fashion,4,Shipped,Social Media,International,P-322,SKU-2456,24.59,7.03,7.87,VIP,Credit Card
ORD-20735,CUST-8295,SESS-25735,CART-22735,2025-12-25,249.22,109.60,17.15,Beauty,4,Returned,Social Media,North,P-700,SKU-800,62.30,15.66,19.94,VIP,Debit Card
ORD-20736,CUST-8295,SESS-25736,CART-22736,2025-12-16,213.84,92.52,20.58,  fashion  ,4,Returned,Social Media,East,P-76,SKU-1560,53.46,18.81,17.11,Returning,Credit Card
ORD-20737,CUST-8295,SESS-25737,CART-22737,2025-06-03,174.38,72.72,9.27,Home,2,Shipped,Mobile App,South,P-73,SKU-820,87.19,7.38,13.95,Returning,Debit Card
ORD-20738,CUST-8296,SESS-25738,CART-22738,2025-05-26,319.76,130.37,23.42,Electronics,NULL,Returned,Mobile App,International,P-642,SKU-2505,79.94,1.67,25.58,VIP,PayPal
ORD-20739,CUST-8296,SESS-25739,CART-22739,2024-04-08,304.03,169.82,14.02,Home,3,Shipped,Affiliate,West,P-159,SKU-2855,101.34,16.49,24.32,Returning,PayPal
ORD-20740,CUST-8297,SESS-25740,CART-22740,2025-07-27,230.98,100.56,2.83,Fashion,5,Pending,Affiliate,International,P-835,SKU-1198,46.20,11.30,18.48,Returning,PayPal
ORD-20741,CUST-8297,SESS-25741,CART-22741,5/22/2025,225.51,120.26,22.03,Sports,5,Completed,Mobile App,International,P-539,SKU-4376,45.10,2.85,18.04,VIP,PayPal
ORD-20742,CUST-8297,SESS-25742,CART-22742,2025-02-07,331.21,181.70,8.01,Home,3,Completed,Web,East,P-246,SKU-3148,110.40,11.05,26.50,New,PayPal
ORD-20743,CUST-8298,SESS-25743,CART-22743,2023-03-31,211.69,68.86,39.47,Sports,5,Returned,Mobile App,North,P-705,SKU-3805,42.34,14.49,16.94,Returning,PayPal
ORD-20744,CUST-8298,SESS-25744,CART-22744,2025-10-13,97.06,43.01,49.46,Home,5,Completed,Affiliate,West,P-994,SKU-3655,19.41,7.76,7.77,VIP,Credit Card
ORD-20745,CUST-8299,SESS-25745,CART-22745,11/21/2023,311.34,145.34,11.92,Beauty,1,Completed,Mobile App,International,P-59,SKU-3362,311.34,8.45,24.91,Returning,Debit Card
ORD-20746,CUST-8299,SESS-25746,CART-22746,2023-09-30,175.57,102.47,2.84,Sports,5,Cancelled,Mobile App,South,P-962,SKU-2884,35.11,10.95,14.05,VIP,Debit Card
ORD-20747,CUST-8299,SESS-25747,CART-22747,2026-02-12,  54.24  ,16.98,18.41,Beauty,4,Returned,Web,West,P-689,SKU-2463,13.56,13.08,4.34,VIP,Crypto
ORD-20748,CUST-8300,SESS-25748,CART-22748,2025-07-20,416.16,188.87,14.18,Beauty,4,Shipped,Social Media,East,P-441,SKU-80,104.04,8.32,33.29,New,PayPal
ORD-20749,CUST-8300,SESS-25749,CART-22749,2025-01-07,463.02,157.14,42.31,Fashion,3,Completed,Affiliate,West,P-431,SKU-4149,154.34,7.03,37.04,VIP,Debit Card
ORD-20750,CUST-8301,SESS-25750,CART-22750,2023-06-04,68.96,26.32,1.03,Electronics,5,Returned,Affiliate,North,P-418,SKU-4406,13.79,13.90,5.52,VIP,Credit Card
ORD-20751,CUST-8301,SESS-25751,CART-22751,2025-07-27,449.36,262.83,11.13,,3,Completed,Web,West,P-523,SKU-4476,149.79,6.83,35.95,VIP,Debit Card
ORD-20752,CUST-8301,SESS-25752,CART-22752,1/23/2024,48.61,19.18,35.39,Beauty,,Pending,Web,International,P-15,SKU-4300,16.20,14.63,3.89,Returning,Credit Card
ORD-20753,CUST-8302,SESS-25753,CART-22753,2024-10-27,16.00,7.88,43.84,Sports,3,Shipped,Social Media,International,P-811,SKU-2506,5.33,18.20,1.28,VIP,Credit Card
ORD-20754,CUST-8302,SESS-25754,CART-22754,2025-12-18,23.05,11.71,14.08,Beauty,4,Pending,Mobile App,East,P-692,SKU-335,5.76,17.49,1.84,New,Crypto
ORD-20755,CUST-8303,SESS-25755,CART-22755,2023-05-26,60.51,21.94,0.43,,3,Pending,Affiliate,International,P-949,SKU-3089,20.17,11.08,4.84,New,Credit Card
ORD-20756,CUST-8303,SESS-25756,CART-22756,2025-07-16,110.22,53.67,4.36,Beauty,1,Completed,Mobile App,International,P-828,SKU-4710,110.22,17.82,8.82,Returning,PayPal
ORD-20757,CUST-8303,SESS-25757,CART-22757,2026-02-06,192.95,58.67,6.09,Fashion,5,Returned,Web,West,P-453,SKU-19,38.59,17.02,15.44,Returning,Crypto
ORD-20758,CUST-8304,SESS-25758,CART-22758,2023-07-11,450.30,213.81,25.81,Sports,1,Returned,Web,International,P-313,SKU-4067,450.30,18.89,36.02,Returning,PayPal
ORD-20759,CUST-8304,SESS-25759,CART-22759,2025-06-20,403.67,148.10,44.68,Home,4,Pending,Mobile App,South,P-612,SKU-155,100.92,8.98,32.29,VIP,PayPal
ORD-20760,CUST-8305,SESS-25760,CART-22760,2026-03-11,41.95,21.84,7.93,Fashion,3,Shipped,Affiliate,South,P-719,SKU-2177,13.98,4.77,3.36,New,Credit Card
ORD-20761,CUST-8305,SESS-25761,CART-22761,2023-06-13,465.87,232.07,27.55,Home,4,Pending,Mobile App,West,P-170,SKU-1597,116.47,15.26,37.27,New,Debit Card
ORD-20762,CUST-8305,SESS-25762,CART-22762,2024-06-17,NULL,181.54,34.45,Fashion,2,Pending,Affiliate,North,P-131,SKU-2174,183.64,12.81,29.38,New,PayPal
ORD-20763,CUST-8306,SESS-25763,CART-22763,2023-10-24,375.94,152.19,30.35,Sports,3,Completed,Affiliate,East,P-666,SKU-644,125.31,12.04,30.08,Returning,Debit Card
ORD-20764,CUST-8306,SESS-25764,CART-22764,2024-11-22,17.23,6.89,42.73,Electronics,1,Completed,Web,North,P-7,SKU-3526,17.23,11.69,1.38,New,Crypto
ORD-20765,CUST-8307,SESS-25765,CART-22765,2024-05-09,252.96,124.16,28.12,Electronics,4,Cancelled,Mobile App,International,P-805,SKU-2933,63.24,1.83,20.24,VIP,Debit Card
ORD-20766,CUST-8307,SESS-25766,CART-22766,2023-02-28,69.40,32.35,7.96,Home,5,Pending,Affiliate,West,P-466,SKU-576,13.88,11.85,5.55,Returning,Debit Card
ORD-20767,CUST-8307,SESS-25767,CART-22767,2025-01-03,399.54,137.48,23.92,Fashion,5,Cancelled,Social Media,South,P-2,SKU-764,79.91,4.48,31.96,New,Credit Card
ORD-20768,CUST-8308,SESS-25768,CART-22768,2025-02-17,315.41,182.86,38.78,Beauty,5,Shipped,Web,North,P-391,SKU-989,63.08,7.60,25.23,Returning,Debit Card
ORD-20769,CUST-8308,SESS-25769,CART-22769,2/12/2026,137.11,67.86,10.65,Fashion,1,Pending,Mobile App,West,P-768,SKU-1311,137.11,7.36,10.97,New,Debit Card
ORD-20770,CUST-8309,SESS-25770,CART-22770,2026-01-14,188.62,59.41,29.05,Electronics,1,Returned,Mobile App,East,P-251,SKU-3758,188.62,15.89,15.09,New,Credit Card
ORD-20771,CUST-8309,SESS-25771,CART-22771,2025-06-29,477.38,250.61,43.18,Beauty,1,Shipped,Mobile App,International,P-291,SKU-2174,477.38,3.58,38.19,VIP,Credit Card
ORD-20772,CUST-8309,SESS-25772,CART-22772,2025-03-19,204.27,94.46,47.48,Fashion,4,Returned,Web,International,P-580,SKU-3490,51.07,17.47,16.34,Returning,PayPal
ORD-20773,CUST-8310,SESS-25773,CART-22773,2025-02-05,468.69,198.71,25.25,Beauty,4,Completed,Web,International,P-112,SKU-4427,117.17,12.10,37.50,New,PayPal
ORD-20774,CUST-8310,SESS-25774,CART-22774,2023-03-13,249.59,125.05,43.86,Home,1,Pending,Mobile App,International,P-337,SKU-2069,249.59,16.23,19.97,Returning,Crypto
ORD-20775,CUST-8311,SESS-25775,CART-22775,2025-02-04,51.04,24.74,17.60,Sports,1,Shipped,Web,West,P-718,SKU-1180,51.04,13.61,4.08,VIP,Debit Card
ORD-20776,CUST-8311,SESS-25776,CART-22776,2025-05-20,491.11,160.93,34.31,Home,4,Shipped,Web,International,P-10,SKU-1049,122.78,3.26,39.29,Returning,PayPal
ORD-20777,CUST-8311,SESS-25777,CART-22777,2025-12-03,286.28,166.47,42.10,Home,3,Shipped,Social Media,East,P-878,SKU-1181,95.43,8.83,22.90,Returning,PayPal
ORD-20778,CUST-8312,SESS-25778,CART-22778,2025-05-21,419.56,220.60,37.33,Electronics,4,Shipped,Affiliate,East,P-565,SKU-3347,104.89,11.99,33.56,Returning,Credit Card
ORD-20779,CUST-8312,SESS-25779,CART-22779,2024-07-09,210.48,124.57,45.44,Beauty,1,Pending,Mobile App,North,P-80,SKU-1117,210.48,12.75,16.84,VIP,PayPal
ORD-20780,CUST-8313,SESS-25780,CART-22780,2024-05-24,83.16,41.92,2.29,Electronics,4,Shipped,Social Media,International,P-74,SKU-2091,20.79,10.82,6.65,VIP,Debit Card
ORD-20781,CUST-8313,SESS-25781,CART-22781,2024-07-18,290.05,133.32,5.58,Fashion,4,Cancelled,Social Media,International,P-763,SKU-3274,72.51,9.82,23.20,Returning,Credit Card
ORD-20782,CUST-8313,SESS-25782,CART-22782,2024-11-17,428.53,151.50,12.43,  beauty  ,4,Returned,Mobile App,South,P-299,SKU-3918,107.13,7.72,34.28,New,Crypto
ORD-20783,CUST-8314,SESS-25783,CART-22783,6/25/2025,440.46,264.17,16.23,Electronics,2,Shipped,Affiliate,International,P-737,SKU-961,220.23,15.13,35.24,VIP,Crypto
ORD-20784,CUST-8314,SESS-25784,CART-22784,2023-11-11,197.93,95.01,6.07,Home,1,Completed,Social Media,East,P-984,SKU-4455,197.93,11.45,15.83,New,Crypto
ORD-20785,CUST-8315,SESS-25785,CART-22785,2025-04-14,144.52,44.68,30.19,Fashion,1,Returned,Social Media,North,P-970,SKU-1501,144.52,1.18,11.56,VIP,Credit Card
ORD-20786,CUST-8315,SESS-25786,CART-22786,2025-05-20,348.54,196.27,24.70,Beauty,4,Pending,Social Media,South,P-851,SKU-2450,87.14,5.21,27.88,New,Debit Card
ORD-20787,CUST-8315,SESS-25787,CART-22787,2025-05-04,445.26,134.62,38.54,Electronics,4,Returned,Mobile App,West,P-123,SKU-59,111.31,8.83,35.62,VIP,Credit Card
ORD-20788,CUST-8316,SESS-25788,CART-22788,1681720359620,411.02,136.88,28.75,Electronics,1,Pending,Mobile App,West,P-46,SKU-3099,411.02,9.93,32.88,VIP,PayPal
ORD-20789,CUST-8316,SESS-25789,CART-22789,2023-08-07,475.56,171.68,33.47,Beauty,2,Shipped,Web,South,P-73,SKU-2551,237.78,1.75,38.04,VIP,PayPal
ORD-20790,CUST-8317,SESS-25790,CART-22790,2023-01-25,53.10,30.50,17.78,Fashion,5,Shipped,Social Media,South,P-385,SKU-4377,10.62,16.62,4.25,Returning,Crypto
ORD-20791,CUST-8317,SESS-25791,CART-22791,2023-07-17,81.28,27.67,21.94,Sports,5,Returned,Social Media,West,P-734,SKU-1344,16.26,15.94,6.50,New,Credit Card
ORD-20792,CUST-8317,SESS-25792,CART-22792,2025-10-09,446.51,182.14,38.61,Fashion,1,Returned,Web,North,P-318,SKU-131,446.51,8.60,35.72,Returning,Crypto
ORD-20793,CUST-8318,SESS-25793,CART-22793,2025-01-08,169.72,71.77,7.98,Fashion,1,Completed,Web,South,P-40,SKU-169,169.72,11.04,13.58,New,Crypto
ORD-20794,CUST-8318,SESS-25794,CART-22794,2025-10-23,358.12,189.75,15.93,Beauty,4,Shipped,Affiliate,North,P-758,SKU-866,89.53,17.95,28.65,New,Debit Card
ORD-20795,CUST-8319,SESS-25795,CART-22795,2025-06-22,457.29,167.97,14.38,Fashion,2,Returned,Mobile App,West,P-332,SKU-320,228.65,19.85,36.58,Returning,Crypto
ORD-20796,CUST-8319,SESS-25796,CART-22796,2023-10-25,252.20,141.48,0.81,Sports,2,Shipped,Web,West,P-557,SKU-1961,126.10,12.23,20.18,Returning,PayPal
ORD-20797,CUST-8319,SESS-25797,CART-22797,2024-05-25,475.93,187.53,17.98,Electronics,1,Pending,Social Media,West,P-158,SKU-4919,475.93,4.66,38.07,Returning,Crypto
ORD-20798,CUST-8320,SESS-25798,CART-22798,2023-05-22,288.85,103.39,22.03,Home,5,Pending,Web,South,P-110,SKU-4497,57.77,4.97,23.11,Returning,Credit Card
ORD-20799,CUST-8320,SESS-25799,CART-22799,2025-09-19,72.10,37.11,6.51,Electronics,3,Shipped,Social Media,East,P-333,SKU-3132,24.03,13.63,5.77,New,Crypto
ORD-20800,CUST-8321,SESS-25800,CART-22800,2025-01-06,416.19,233.92,41.66,Electronics,1,Completed,Web,North,P-464,SKU-3606,416.19,13.89,33.29,Returning,Crypto
ORD-20801,CUST-8321,SESS-25801,CART-22801,2026-01-04,360.42,194.17,19.01,Beauty,3,Returned,Social Media,East,P-753,SKU-4427,120.14,11.01,28.83,New,Debit Card
ORD-20802,CUST-8321,SESS-25802,CART-22802,2024-10-18,462.47,167.16,33.88,Fashion,5,Returned,Social Media,South,P-793,SKU-2726,92.49,13.56,37.00,Returning,Debit Card
ORD-20803,CUST-8322,SESS-25803,CART-22803,2023-10-14,151.92,65.28,20.17,Home,3,Pending,Web,North,P-518,SKU-1455,50.64,3.93,12.15,VIP,PayPal
ORD-20804,CUST-8322,SESS-25804,CART-22804,2025-03-07,30.32,11.81,26.40,Fashion,4,Completed,Affiliate,West,P-117,SKU-826,7.58,14.54,2.43,VIP,Credit Card
ORD-20805,CUST-8323,SESS-25805,CART-22805,1761793720886,427.57,157.24,29.25,Electronics,3,Shipped,Social Media,East,P-892,SKU-368,142.52,18.29,34.21,New,Credit Card
ORD-20806,CUST-8323,SESS-25806,CART-22806,2025-02-14,500.17,245.37,20.80,Fashion,1,Completed,Web,North,P-414,SKU-3615,500.17,1.58,40.01,VIP,PayPal
ORD-20807,CUST-8323,SESS-25807,CART-22807,2025-11-15,85.59,50.00,44.02,Electronics,5,Returned,Mobile App,West,P-486,SKU-2643,17.12,9.82,6.85,Returning,Debit Card
ORD-20808,CUST-8324,SESS-25808,CART-22808,2023-08-19,90.85,36.28,16.24,Sports,3,Completed,Affiliate,East,P-843,SKU-2906,30.28,4.29,7.27,VIP,Crypto
ORD-20809,CUST-8324,SESS-25809,CART-22809,2024-02-09,341.00,146.15,41.86,Fashion,1,Cancelled,Social Media,International,P-867,SKU-1961,341.00,14.90,27.28,New,Debit Card
ORD-20810,CUST-8325,SESS-25810,CART-22810,10/19/2023,419.15,217.77,31.85,Sports,4,Pending,Affiliate,South,P-79,SKU-1930,104.79,5.60,33.53,New,Debit Card
ORD-20811,CUST-8325,SESS-25811,CART-22811,1706206671494,20.79,7.44,19.30,Sports,1,Cancelled,Affiliate,International,P-238,SKU-2758,20.79,15.08,1.66,VIP,Credit Card
ORD-20812,CUST-8325,SESS-25812,CART-22812,2024-09-18,297.69,104.28,1.80,Electronics,5,Pending,Affiliate,South,P-117,SKU-2291,59.54,1.46,23.82,Returning,Crypto
ORD-20813,CUST-8326,SESS-25813,CART-22813,2023-01-04,134.98,68.05,13.67,Electronics,1,Cancelled,Affiliate,West,P-443,SKU-1543,134.98,0.47,10.80,Returning,Debit Card
ORD-20814,CUST-8326,SESS-25814,CART-22814,2023-06-05,345.57,173.59,1.42,Fashion,3,Shipped,Social Media,International,P-268,SKU-2961,115.19,15.40,27.65,New,PayPal
ORD-20815,CUST-8327,SESS-25815,CART-22815,2026-02-08,145.56,64.87,8.76,Electronics,3,Cancelled,Web,East,P-683,SKU-601,48.52,13.24,11.65,Returning,Debit Card
ORD-20816,CUST-8327,SESS-25816,CART-22816,2023-02-02,,56.82,13.73,Sports,5,Completed,Web,International,P-838,SKU-771,32.37,19.95,12.95,Returning,Crypto
ORD-20817,CUST-8327,SESS-25817,CART-22817,3/5/2024,481.10,233.02,26.76,Electronics,5,Completed,Web,International,P-920,SKU-449,96.22,3.73,38.49,New,Crypto
ORD-20818,CUST-8328,SESS-25818,CART-22818,2025-06-09,NULL,59.70,22.57,Sports,3,Cancelled,Web,West,P-749,SKU-2185,42.71,13.34,10.25,New,Credit Card
ORD-20819,CUST-8328,SESS-25819,CART-22819,2023-06-28,503.21,299.95,35.18,Fashion,1,Completed,Affiliate,East,P-490,SKU-4819,503.21,15.91,40.26,Returning,PayPal
ORD-20820,CUST-8329,SESS-25820,CART-22820,2024-07-31,151.52,88.57,35.11,Sports,2,Shipped,Mobile App,International,P-631,SKU-4704,75.76,13.17,12.12,Returning,PayPal
ORD-20821,CUST-8329,SESS-25821,CART-22821,2025-02-06,315.69,167.53,9.86,Beauty,4,Cancelled,Web,South,P-450,SKU-3765,78.92,15.45,25.26,Returning,Crypto
ORD-20822,CUST-8329,SESS-25822,CART-22822,2025-03-07,  489.71  ,262.01,30.88,Fashion,1,Pending,Social Media,International,P-520,SKU-3309,489.71,8.93,39.18,New,Crypto
ORD-20823,CUST-8330,SESS-25823,CART-22823,2025-06-29,284.18,166.26,48.55,Beauty,5,Returned,Affiliate,West,P-469,SKU-4362,56.84,3.64,22.73,VIP,Credit Card
ORD-20824,CUST-8330,SESS-25824,CART-22824,2024-10-09,10.68,4.21,14.41,Sports,4,Completed,Affiliate,East,P-447,SKU-4265,2.67,1.70,0.85,Returning,PayPal
ORD-20825,CUST-8331,SESS-25825,CART-22825,2024-09-20,12.50,6.34,25.92,Fashion,5,Pending,Social Media,International,P-74,SKU-44,2.50,19.84,1.00,New,Crypto
ORD-20826,CUST-8331,SESS-25826,CART-22826,1733243720358,427.95,217.83,20.57,Sports,5,Pending,Web,International,P-46,SKU-1980,85.59,10.20,34.24,VIP,Debit Card
ORD-20827,CUST-8331,SESS-25827,CART-22827,2025-03-27,115.13,53.64,7.09,Sports,3,Returned,Web,North,P-467,SKU-3802,38.38,10.02,9.21,VIP,PayPal
ORD-20828,CUST-8332,SESS-25828,CART-22828,2025-02-08,13.82,6.73,16.28,Fashion,1,Cancelled,Mobile App,North,P-553,SKU-26,13.82,17.07,1.11,New,Debit Card
ORD-20829,CUST-8332,SESS-25829,CART-22829,2026-02-01,295.04,135.17,18.85,Home,4,Cancelled,Web,West,P-704,SKU-3436,73.76,9.17,23.60,Returning,Credit Card
ORD-20830,CUST-8333,SESS-25830,CART-22830,2024-02-10,192.66,77.51,32.09,Sports,2,Shipped,Mobile App,International,P-732,SKU-1883,96.33,8.18,15.41,New,Credit Card
ORD-20831,CUST-8333,SESS-25831,CART-22831,2023-11-23,247.15,74.87,1.40,Electronics,4,Completed,Affiliate,South,P-225,SKU-1335,61.79,15.97,19.77,VIP,Crypto
ORD-20832,CUST-8333,SESS-25832,CART-22832,2023-11-15,426.39,152.81,16.23,Electronics,2,Completed,Affiliate,West,P-299,SKU-1965,213.19,16.79,34.11,Returning,Credit Card
ORD-20833,CUST-8334,SESS-25833,CART-22833,2024-11-27,270.03,135.33,15.33,Sports,4,Returned,Social Media,North,P-666,SKU-1491,67.51,4.54,21.60,VIP,Crypto
ORD-20834,CUST-8334,SESS-25834,CART-22834,1758559742430,336.29,186.72,29.63,Fashion,3,Cancelled,Social Media,West,P-713,SKU-3401,112.10,15.26,26.90,New,Credit Card
ORD-20835,CUST-8335,SESS-25835,CART-22835,2023-04-18,313.13,150.96,21.47,Electronics,1,Pending,Affiliate,East,P-3,SKU-925,313.13,15.12,25.05,VIP,Credit Card
ORD-20836,CUST-8335,SESS-25836,CART-22836,2024-01-09,,155.54,40.96,Beauty,2,Shipped,Affiliate,West,P-886,SKU-1784,210.80,18.59,33.73,Returning,Crypto
ORD-20837,CUST-8335,SESS-25837,CART-22837,2023-11-12,86.95,42.15,46.78,Fashion,5,Pending,Mobile App,North,P-869,SKU-1554,17.39,6.57,6.96,New,Credit Card
ORD-20838,CUST-8336,SESS-25838,CART-22838,2023-02-09,130.25,57.18,33.35,Home,5,Returned,Social Media,North,P-428,SKU-2227,26.05,15.89,10.42,New,PayPal
ORD-20839,CUST-8336,SESS-25839,CART-22839,2023-05-15,236.61,109.33,17.69,Home,2,Pending,Web,West,P-969,SKU-2745,118.30,5.20,18.93,Returning,PayPal
ORD-20840,CUST-8337,SESS-25840,CART-22840,2025-11-16,479.22,200.10,47.56,Home,1,Cancelled,Web,West,P-822,SKU-3246,479.22,11.53,38.34,Returning,Crypto
ORD-20841,CUST-8337,SESS-25841,CART-22841,6/2/2025,322.65,160.55,18.21,Electronics,5,Pending,Web,North,P-456,SKU-956,64.53,6.50,25.81,VIP,Credit Card
ORD-20842,CUST-8337,SESS-25842,CART-22842,2025-10-08,481.93,174.03,31.10,Electronics,5,Returned,Social Media,East,P-290,SKU-538,96.39,9.58,38.55,New,Credit Card
ORD-20843,CUST-8338,SESS-25843,CART-22843,2024-01-15,449.42,208.65,37.11,Sports,3,Cancelled,Social Media,East,P-981,SKU-3458,149.81,5.65,35.95,New,Crypto
ORD-20844,CUST-8338,SESS-25844,CART-22844,2025-03-28,476.45,199.36,17.36,Electronics,4,Completed,Web,East,P-744,SKU-300,119.11,1.78,38.12,New,PayPal
ORD-20845,CUST-8339,SESS-25845,CART-22845,2024-12-26,249.75,131.02,40.72,Sports,3,Completed,Web,North,P-372,SKU-4791,83.25,17.33,19.98,New,Crypto
ORD-20846,CUST-8339,SESS-25846,CART-22846,2023-03-30,133.13,54.46,23.22,Electronics,5,Pending,Social Media,West,P-549,SKU-4477,26.63,5.71,10.65,New,Crypto
ORD-20847,CUST-8339,SESS-25847,CART-22847,2026-02-03,  138.91  ,69.94,47.80,NULL,1,Completed,Mobile App,West,P-296,SKU-2012,138.91,0.41,11.11,VIP,PayPal
ORD-20848,CUST-8340,SESS-25848,CART-22848,2023-11-20,122.01,42.83,27.49,Fashion,NULL,Returned,Web,South,P-389,SKU-2234,24.40,19.28,9.76,Returning,Debit Card
ORD-20849,CUST-8340,SESS-25849,CART-22849,2023-10-19,314.43,95.34,33.07,Fashion,2,Pending,Web,West,P-254,SKU-3809,157.21,2.14,25.15,Returning,Credit Card
ORD-20850,CUST-8341,SESS-25850,CART-22850,12/8/2024,486.39,246.63,36.22,Beauty,5,Returned,Social Media,West,P-27,SKU-935,97.28,14.62,38.91,Returning,Crypto
ORD-20851,CUST-8341,SESS-25851,CART-22851,2023-04-24,197.23,97.63,47.18,Sports,4,Cancelled,Social Media,East,P-271,SKU-2234,49.31,4.80,15.78,Returning,PayPal
ORD-20852,CUST-8341,SESS-25852,CART-22852,2025-06-29,188.96,61.68,45.74,Sports,1,Cancelled,Web,North,P-386,SKU-1819,188.96,18.97,15.12,New,Debit Card
ORD-20853,CUST-8342,SESS-25853,CART-22853,2023-02-01,469.42,177.94,35.58,Electronics,,Shipped,Web,South,P-123,SKU-4333,156.47,17.18,37.55,Returning,Debit Card
ORD-20854,CUST-8342,SESS-25854,CART-22854,2024-03-23,314.86,118.74,42.39,Fashion,5,Shipped,Web,North,P-279,SKU-4919,62.97,3.87,25.19,VIP,PayPal
ORD-20855,CUST-8343,SESS-25855,CART-22855,2025-09-11,325.08,140.20,9.34,Sports,1,Cancelled,Social Media,East,P-547,SKU-170,325.08,13.26,26.01,New,Crypto
ORD-20856,CUST-8343,SESS-25856,CART-22856,2023-10-09,196.08,115.00,7.37,Fashion,4,Completed,Mobile App,International,P-267,SKU-1319,49.02,4.83,15.69,Returning,PayPal
ORD-20857,CUST-8343,SESS-25857,CART-22857,2024-06-29,50.09,19.12,10.80,Fashion,4,Returned,Social Media,International,P-85,SKU-1317,12.52,2.28,4.01,New,PayPal
ORD-20858,CUST-8344,SESS-25858,CART-22858,2023-07-31,34.03,15.10,25.53,Home,1,Shipped,Social Media,East,P-812,SKU-1184,34.03,17.13,2.72,New,Crypto
ORD-20859,CUST-8344,SESS-25859,CART-22859,2025-06-24,290.52,104.40,22.92,Home,2,Pending,Social Media,West,P-885,SKU-769,145.26,14.61,23.24,New,Credit Card
ORD-20860,CUST-8345,SESS-25860,CART-22860,2024-01-03,137.36,82.08,12.22,Sports,1,Shipped,Mobile App,East,P-723,SKU-1219,137.36,12.27,10.99,New,Crypto
ORD-20861,CUST-8345,SESS-25861,CART-22861,2024-03-18,40.98,18.64,31.20,Sports,4,Cancelled,Social Media,South,P-974,SKU-509,10.25,3.42,3.28,VIP,Debit Card
ORD-20862,CUST-8345,SESS-25862,CART-22862,9/3/2023,166.88,56.45,16.54,Beauty,3,Pending,Mobile App,East,P-371,SKU-3198,55.63,0.74,13.35,New,Credit Card
ORD-20863,CUST-8346,SESS-25863,CART-22863,3/11/2023,181.56,63.38,46.96,Fashion,3,Returned,Mobile App,North,P-378,SKU-2462,60.52,2.52,14.53,New,Debit Card
ORD-20864,CUST-8346,SESS-25864,CART-22864,2023-07-31,431.29,182.12,4.93,Fashion,2,Pending,Affiliate,North,P-237,SKU-1237,215.65,17.97,34.50,VIP,PayPal
ORD-20865,CUST-8347,SESS-25865,CART-22865,2024-08-23,41.66,24.93,38.19,Electronics,5,Returned,Mobile App,East,P-842,SKU-1909,8.33,17.36,3.33,VIP,Credit Card
ORD-20866,CUST-8347,SESS-25866,CART-22866,2024-08-25,227.80,69.72,1.18,Sports,1,Completed,Mobile App,East,P-228,SKU-989,227.80,6.09,18.22,Returning,PayPal
ORD-20867,CUST-8347,SESS-25867,CART-22867,2024-07-26,158.05,76.25,27.49,Fashion,5,Shipped,Social Media,North,P-442,SKU-2998,31.61,15.27,12.64,Returning,Credit Card
ORD-20868,CUST-8348,SESS-25868,CART-22868,2025-08-28,246.94,110.38,2.39,Electronics,4,Cancelled,Affiliate,International,P-122,SKU-1132,61.74,18.97,19.76,New,Crypto
ORD-20869,CUST-8348,SESS-25869,CART-22869,2025-05-22,204.45,110.94,34.55,Beauty,2,Returned,Web,North,P-772,SKU-152,102.23,0.62,16.36,Returning,Credit Card
ORD-20870,CUST-8349,SESS-25870,CART-22870,2024-09-19,113.01,38.67,24.83,Fashion,3,Cancelled,Affiliate,East,P-614,SKU-3578,37.67,18.48,9.04,Returning,Debit Card
ORD-20871,CUST-8349,SESS-25871,CART-22871,2024-10-27,74.22,41.16,22.23,Beauty,2,Returned,Affiliate,East,P-988,SKU-3931,37.11,0.48,5.94,VIP,Credit Card
ORD-20872,CUST-8349,SESS-25872,CART-22872,2024-10-13,459.15,147.43,12.38,Sports,,Completed,Affiliate,South,P-157,SKU-2889,229.58,0.21,36.73,New,Credit Card
ORD-20873,CUST-8350,SESS-25873,CART-22873,2025-09-12,NULL,199.77,5.63,Sports,4,Shipped,Mobile App,East,P-593,SKU-4151,95.83,5.61,30.67,VIP,Crypto
ORD-20874,CUST-8350,SESS-25874,CART-22874,2024-01-01,136.39,44.70,5.34,Sports,2,Completed,Affiliate,West,P-686,SKU-2128,68.20,0.61,10.91,VIP,PayPal
ORD-20875,CUST-8351,SESS-25875,CART-22875,2024-04-24,272.99,162.63,30.31,Fashion,5,Pending,Web,South,P-525,SKU-1558,54.60,9.31,21.84,VIP,Credit Card
ORD-20876,CUST-8351,SESS-25876,CART-22876,2024-06-30,151.07,60.36,11.91,Fashion,5,Shipped,Social Media,West,P-816,SKU-4928,30.21,18.94,12.09,New,Crypto
ORD-20877,CUST-8351,SESS-25877,CART-22877,2023-11-05,338.95,140.33,24.09,Fashion,NULL,Cancelled,Web,International,P-858,SKU-2303,67.79,3.85,27.12,VIP,Debit Card
ORD-20878,CUST-8352,SESS-25878,CART-22878,2023-10-27,,167.74,41.04,Beauty,2,Shipped,Web,South,P-91,SKU-2208,171.34,17.88,27.41,VIP,PayPal
ORD-20879,CUST-8352,SESS-25879,CART-22879,2024-11-01,499.81,247.07,9.91,Beauty,5,Returned,Mobile App,International,P-319,SKU-389,99.96,10.90,39.98,Returning,PayPal
ORD-20880,CUST-8353,SESS-25880,CART-22880,2023-05-12,258.26,95.52,17.47,Electronics,4,Returned,Web,South,P-811,SKU-2812,64.56,17.98,20.66,VIP,Debit Card
ORD-20881,CUST-8353,SESS-25881,CART-22881,2026-02-08,413.46,201.65,1.28,Sports,5,Cancelled,Mobile App,West,P-519,SKU-3239,82.69,13.68,33.08,New,Debit Card
ORD-20882,CUST-8353,SESS-25882,CART-22882,2023-05-15,503.12,156.87,17.37,Beauty,1,Returned,Web,East,P-337,SKU-864,503.12,5.00,40.25,Returning,Crypto
ORD-20883,CUST-8354,SESS-25883,CART-22883,9/23/2025,471.98,153.67,2.81,Electronics,5,Shipped,Affiliate,North,P-747,SKU-2415,94.40,4.03,37.76,Returning,PayPal
ORD-20884,CUST-8354,SESS-25884,CART-22884,2023-06-03,270.45,120.57,24.59,Electronics,5,Cancelled,Mobile App,North,P-796,SKU-3341,54.09,0.98,21.64,Returning,PayPal
ORD-20885,CUST-8355,SESS-25885,CART-22885,2023-06-23,48.75,20.28,2.94,Electronics,3,Shipped,Mobile App,North,P-306,SKU-3547,16.25,16.08,3.90,VIP,Debit Card
ORD-20886,CUST-8355,SESS-25886,CART-22886,1719997317303,85.15,47.07,5.79,Sports,5,Returned,Web,North,P-546,SKU-758,17.03,5.51,6.81,Returning,PayPal
ORD-20887,CUST-8355,SESS-25887,CART-22887,2023-04-13,163.44,84.54,4.48,Beauty,3,Completed,Web,South,P-677,SKU-2570,54.48,2.10,13.07,Returning,Debit Card
ORD-20888,CUST-8356,SESS-25888,CART-22888,2026-03-11,414.46,158.19,31.12,Home,4,Pending,Mobile App,East,P-203,SKU-817,103.61,11.09,33.16,New,Debit Card
ORD-20889,CUST-8356,SESS-25889,CART-22889,2023-09-12,461.16,256.76,25.16,Beauty,2,Pending,Mobile App,South,P-798,SKU-4013,230.58,3.01,36.89,Returning,Credit Card
ORD-20890,CUST-8357,SESS-25890,CART-22890,2023-06-08,207.27,110.55,22.68,Beauty,4,Returned,Web,East,P-739,SKU-421,51.82,18.48,16.58,New,Debit Card
ORD-20891,CUST-8357,SESS-25891,CART-22891,2024-09-03,406.34,181.01,22.29,Beauty,3,Cancelled,Mobile App,West,P-715,SKU-4723,135.45,3.68,32.51,Returning,Crypto
ORD-20892,CUST-8357,SESS-25892,CART-22892,1689809178063,59.74,19.68,31.30,Electronics,5,Pending,Affiliate,East,P-803,SKU-3246,11.95,6.51,4.78,Returning,Crypto
ORD-20893,CUST-8358,SESS-25893,CART-22893,2023-10-30,99.46,50.50,26.70,Electronics,5,Returned,Web,West,P-647,SKU-2830,19.89,16.17,7.96,Returning,PayPal
ORD-20894,CUST-8358,SESS-25894,CART-22894,2024-01-16,495.76,239.01,42.73,Electronics,3,Shipped,Affiliate,East,P-827,SKU-1173,165.25,5.91,39.66,Returning,Debit Card
ORD-20895,CUST-8359,SESS-25895,CART-22895,2025-01-07,83.70,35.49,25.71,Electronics,2,Pending,Affiliate,North,P-330,SKU-3367,41.85,2.43,6.70,VIP,Credit Card
ORD-20896,CUST-8359,SESS-25896,CART-22896,2024-01-19,506.51,272.11,13.07,Fashion,2,Shipped,Affiliate,West,P-161,SKU-98,253.25,9.35,40.52,VIP,Crypto
ORD-20897,CUST-8359,SESS-25897,CART-22897,2023-04-21,148.97,74.25,14.05,Electronics,2,Cancelled,Mobile App,West,P-711,SKU-337,74.49,16.93,11.92,VIP,Debit Card
ORD-20898,CUST-8360,SESS-25898,CART-22898,2025-08-05,144.01,48.08,6.99,Home,4,Cancelled,Mobile App,West,P-319,SKU-189,36.00,13.73,11.52,VIP,Debit Card
ORD-20899,CUST-8360,SESS-25899,CART-22899,2024-11-02,306.72,180.72,4.41,Sports,5,Pending,Social Media,West,P-900,SKU-2230,61.34,16.52,24.54,New,Crypto
ORD-20900,CUST-8361,SESS-25900,CART-22900,2023-12-12,239.99,118.39,33.84,Sports,1,Returned,Web,International,P-890,SKU-3285,239.99,0.80,19.20,Returning,Credit Card
ORD-20901,CUST-8361,SESS-25901,CART-22901,2024-12-16,102.78,57.88,35.90,Beauty,5,Pending,Affiliate,South,P-179,SKU-4161,20.56,18.71,8.22,Returning,Crypto
ORD-20902,CUST-8361,SESS-25902,CART-22902,1722231975620,329.94,168.09,18.10,Home,5,Pending,Affiliate,North,P-18,SKU-4406,65.99,12.37,26.40,Returning,Debit Card
ORD-20903,CUST-8362,SESS-25903,CART-22903,2024-10-02,109.98,53.08,24.51,Fashion,2,Returned,Affiliate,North,P-924,SKU-2740,54.99,2.36,8.80,VIP,PayPal
ORD-20904,CUST-8362,SESS-25904,CART-22904,2024-05-05,419.03,128.34,28.52,Beauty,4,Shipped,Web,North,P-37,SKU-1794,104.76,9.53,33.52,Returning,Crypto
ORD-20905,CUST-8363,SESS-25905,CART-22905,2024-07-10,67.57,21.04,38.25,Fashion,1,Pending,Social Media,East,P-213,SKU-4727,67.57,5.98,5.41,Returning,Credit Card
ORD-20906,CUST-8363,SESS-25906,CART-22906,2026-01-11,89.36,40.62,39.92,Electronics,1,Pending,Web,East,P-574,SKU-3048,89.36,6.03,7.15,Returning,PayPal
ORD-20907,CUST-8363,SESS-25907,CART-22907,2025-01-13,379.73,204.31,39.43,Sports,NULL,Completed,Affiliate,West,P-604,SKU-263,126.58,15.50,30.38,New,Debit Card
ORD-20908,CUST-8364,SESS-25908,CART-22908,2025-05-29,361.35,120.26,30.59,Fashion,2,Cancelled,Mobile App,North,P-906,SKU-440,180.68,18.10,28.91,New,Debit Card
ORD-20909,CUST-8364,SESS-25909,CART-22909,2024-12-02,221.64,116.51,40.12,Fashion,2,Shipped,Web,East,P-996,SKU-2537,110.82,13.58,17.73,Returning,Credit Card
ORD-20910,CUST-8365,SESS-25910,CART-22910,2025-11-09,97.09,43.64,4.66,Electronics,4,Cancelled,Web,International,P-331,SKU-2285,24.27,19.24,7.77,VIP,Crypto
ORD-20911,CUST-8365,SESS-25911,CART-22911,1762650054289,124.68,44.04,9.22,Sports,1,Returned,Web,North,P-216,SKU-2195,124.68,13.63,9.97,New,PayPal
ORD-20912,CUST-8365,SESS-25912,CART-22912,2024-11-22,181.35,62.91,19.72,Home,,Shipped,Affiliate,West,P-366,SKU-626,36.27,12.82,14.51,New,Crypto
ORD-20913,CUST-8366,SESS-25913,CART-22913,2023-03-22,161.56,52.48,23.83,Sports,4,Pending,Web,North,P-757,SKU-4032,40.39,18.28,12.92,New,PayPal
ORD-20914,CUST-8366,SESS-25914,CART-22914,2025-03-10,310.09,106.31,27.63,Home,5,Cancelled,Social Media,North,P-340,SKU-3798,62.02,10.57,24.81,Returning,Credit Card
ORD-20915,CUST-8367,SESS-25915,CART-22915,2025-12-31,360.73,138.70,21.94,Fashion,3,Shipped,Mobile App,West,P-209,SKU-884,120.24,10.41,28.86,Returning,Debit Card
ORD-20916,CUST-8367,SESS-25916,CART-22916,2023-08-15,219.12,68.67,22.16,Electronics,1,Cancelled,Web,International,P-798,SKU-4864,219.12,4.03,17.53,Returning,Debit Card
ORD-20917,CUST-8367,SESS-25917,CART-22917,1768947172375,422.90,247.04,49.02,Home,2,Pending,Social Media,South,P-793,SKU-4687,211.45,5.34,33.83,VIP,PayPal
ORD-20918,CUST-8368,SESS-25918,CART-22918,2025-05-09,460.47,219.67,42.46,Electronics,1,Pending,Mobile App,East,P-558,SKU-4154,460.47,0.68,36.84,Returning,Credit Card
ORD-20919,CUST-8368,SESS-25919,CART-22919,2024-02-17,86.52,36.57,24.31,Home,1,Cancelled,Web,North,P-165,SKU-2290,86.52,13.49,6.92,Returning,Crypto
ORD-20920,CUST-8369,SESS-25920,CART-22920,2024-06-12,95.39,52.57,40.37,Fashion,3,Completed,Affiliate,East,P-68,SKU-789,31.80,5.47,7.63,Returning,Credit Card
ORD-20921,CUST-8369,SESS-25921,CART-22921,2025-10-28,380.86,189.47,37.05,Home,2,Shipped,Affiliate,International,P-845,SKU-4988,190.43,2.47,30.47,Returning,Debit Card
ORD-20922,CUST-8369,SESS-25922,CART-22922,2023-03-23,467.86,202.76,39.34,Fashion,1,Pending,Social Media,West,P-50,SKU-1386,467.86,7.67,37.43,Returning,PayPal
ORD-20923,CUST-8370,SESS-25923,CART-22923,8/15/2025,249.63,122.29,20.84,Fashion,3,Cancelled,Mobile App,International,P-311,SKU-911,83.21,13.90,19.97,Returning,Debit Card
ORD-20924,CUST-8370,SESS-25924,CART-22924,1773256695417,291.88,154.44,46.81,Fashion,2,Cancelled,Mobile App,North,P-966,SKU-3684,145.94,5.42,23.35,New,PayPal
ORD-20925,CUST-8371,SESS-25925,CART-22925,11/26/2023,45.61,16.73,32.56,Sports,2,Cancelled,Affiliate,North,P-162,SKU-3808,22.81,0.81,3.65,VIP,Crypto
ORD-20926,CUST-8371,SESS-25926,CART-22926,2024-08-26,97.53,30.63,22.18,Sports,1,Cancelled,Social Media,South,P-503,SKU-1013,97.53,11.11,7.80,Returning,Credit Card
ORD-20927,CUST-8371,SESS-25927,CART-22927,1676837273087,219.72,71.55,24.84,Sports,3,Cancelled,Web,International,P-841,SKU-4493,73.24,3.89,17.58,Returning,Credit Card
ORD-20928,CUST-8372,SESS-25928,CART-22928,2025-10-02,391.61,162.28,31.49,Sports,1,Cancelled,Affiliate,International,P-353,SKU-3061,391.61,0.67,31.33,Returning,Debit Card
ORD-20929,CUST-8372,SESS-25929,CART-22929,2023-01-26,483.51,179.00,7.16,Fashion,1,Completed,Affiliate,South,P-35,SKU-1361,483.51,10.54,38.68,Returning,Crypto
ORD-20930,CUST-8373,SESS-25930,CART-22930,2025-11-07,310.08,151.74,22.66,Sports,4,Shipped,Affiliate,East,P-798,SKU-105,77.52,6.26,24.81,VIP,Debit Card
ORD-20931,CUST-8373,SESS-25931,CART-22931,2023-08-23,386.55,218.61,28.80,Electronics,4,Cancelled,Affiliate,International,P-930,SKU-4700,96.64,8.11,30.92,New,Crypto
ORD-20932,CUST-8373,SESS-25932,CART-22932,2023-12-10,370.21,213.98,9.30,Beauty,3,Shipped,Affiliate,East,P-148,SKU-4568,123.40,11.55,29.62,New,Crypto
ORD-20933,CUST-8374,SESS-25933,CART-22933,2024-08-21,123.55,70.60,42.06,Beauty,2,Returned,Affiliate,East,P-629,SKU-1544,61.77,8.21,9.88,VIP,Debit Card
ORD-20934,CUST-8374,SESS-25934,CART-22934,2023-03-07,254.16,139.78,43.43,Electronics,3,Returned,Web,South,P-356,SKU-3342,84.72,3.74,20.33,VIP,Credit Card
ORD-20935,CUST-8375,SESS-25935,CART-22935,2024-12-04,503.10,208.56,39.82,Home,5,Pending,Mobile App,South,P-898,SKU-70,100.62,7.87,40.25,New,Credit Card
ORD-20936,CUST-8375,SESS-25936,CART-22936,2026-03-01,138.68,66.00,12.67,Beauty,2,Cancelled,Web,International,P-255,SKU-2972,69.34,18.80,11.09,VIP,Credit Card
ORD-20937,CUST-8375,SESS-25937,CART-22937,2023-12-03,188.81,91.51,20.53,Fashion,1,Shipped,Social Media,South,P-589,SKU-2031,188.81,2.00,15.10,Returning,Credit Card
ORD-20938,CUST-8376,SESS-25938,CART-22938,2024-02-27,333.53,103.29,8.01,Fashion,4,Completed,Mobile App,West,P-543,SKU-1861,83.38,13.70,26.68,New,Credit Card
ORD-20939,CUST-8376,SESS-25939,CART-22939,2023-05-17,357.97,198.41,17.67,Fashion,1,Shipped,Web,International,P-94,SKU-2894,357.97,2.07,28.64,Returning,PayPal
ORD-20940,CUST-8377,SESS-25940,CART-22940,2024-06-13,NULL,217.68,38.22,Sports,5,Pending,Social Media,West,P-749,SKU-4747,94.59,7.74,37.84,New,Crypto
ORD-20941,CUST-8377,SESS-25941,CART-22941,2025-03-04,93.81,51.15,27.88,Sports,3,Completed,Affiliate,North,P-728,SKU-2845,31.27,6.09,7.50,New,Crypto
ORD-20942,CUST-8377,SESS-25942,CART-22942,1684525684334,495.48,150.95,15.11,Sports,5,Pending,Social Media,North,P-789,SKU-3185,99.10,8.26,39.64,VIP,Crypto
ORD-20943,CUST-8378,SESS-25943,CART-22943,3/17/2025,383.35,116.66,23.03,Home,1,Completed,Web,West,P-207,SKU-1068,383.35,11.74,30.67,New,Debit Card
ORD-20944,CUST-8378,SESS-25944,CART-22944,2023-12-14,377.50,202.55,38.10,Beauty,5,Returned,Web,South,P-848,SKU-957,75.50,0.90,30.20,New,PayPal
ORD-20945,CUST-8379,SESS-25945,CART-22945,2025-04-07,505.78,219.97,11.22,Home,3,Shipped,Social Media,West,P-794,SKU-3414,168.59,0.45,40.46,Returning,Crypto
ORD-20946,CUST-8379,SESS-25946,CART-22946,2024-09-13,101.43,40.16,17.83,  electronics  ,4,Pending,Mobile App,International,P-264,SKU-2834,25.36,18.67,8.11,Returning,Crypto
ORD-20947,CUST-8379,SESS-25947,CART-22947,2023-02-04,256.28,125.39,14.57,Beauty,4,Pending,Mobile App,North,P-409,SKU-2638,64.07,2.66,20.50,VIP,PayPal
ORD-20948,CUST-8380,SESS-25948,CART-22948,2023-06-29,201.33,84.70,38.34,Beauty,3,Pending,Affiliate,West,P-97,SKU-3803,67.11,12.12,16.11,New,Crypto
ORD-20949,CUST-8380,SESS-25949,CART-22949,2024-02-29,351.74,123.10,40.90,Home,5,Returned,Social Media,East,P-172,SKU-3906,70.35,19.22,28.14,VIP,Crypto
ORD-20950,CUST-8381,SESS-25950,CART-22950,2025-12-20,62.61,32.89,6.15,Fashion,5,Returned,Affiliate,North,P-895,SKU-280,12.52,12.54,5.01,New,PayPal
ORD-20951,CUST-8381,SESS-25951,CART-22951,2024-06-30,339.13,119.58,3.09,Fashion,1,Pending,Mobile App,West,P-134,SKU-509,339.13,12.60,27.13,New,Crypto
ORD-20952,CUST-8381,SESS-25952,CART-22952,2023-06-03,160.54,72.78,9.48,Fashion,3,Pending,Mobile App,West,P-500,SKU-4084,53.51,1.19,12.84,Returning,Crypto
ORD-20953,CUST-8382,SESS-25953,CART-22953,2023-06-09,40.88,13.30,6.43,Home,4,Returned,Social Media,North,P-469,SKU-1691,10.22,13.82,3.27,Returning,Credit Card
ORD-20954,CUST-8382,SESS-25954,CART-22954,2023-07-23,349.34,146.27,38.85,Fashion,1,Cancelled,Web,North,P-770,SKU-1438,349.34,0.04,27.95,New,Credit Card
ORD-20955,CUST-8383,SESS-25955,CART-22955,2023-03-04,NULL,225.19,3.23,Beauty,3,Cancelled,Affiliate,North,P-485,SKU-1797,166.08,10.44,39.86,New,PayPal
ORD-20956,CUST-8383,SESS-25956,CART-22956,2025-11-08,500.70,223.88,12.06,Electronics,4,Completed,Affiliate,East,P-698,SKU-4264,125.18,4.59,40.06,VIP,Debit Card
ORD-20957,CUST-8383,SESS-25957,CART-22957,2025-12-13,426.68,247.23,20.35,Beauty,,Cancelled,Mobile App,North,P-627,SKU-1736,106.67,15.83,34.13,Returning,PayPal
ORD-20958,CUST-8384,SESS-25958,CART-22958,4/15/2024,298.37,128.17,38.20,Electronics,2,Pending,Affiliate,East,P-191,SKU-200,149.18,18.42,23.87,VIP,Debit Card
ORD-20959,CUST-8384,SESS-25959,CART-22959,2025-01-10,126.04,68.73,13.53,Electronics,4,Pending,Mobile App,South,P-135,SKU-1790,31.51,5.64,10.08,Returning,PayPal
ORD-20960,CUST-8385,SESS-25960,CART-22960,2024-12-07,77.19,30.15,4.68,Sports,5,Pending,Web,South,P-924,SKU-704,15.44,15.78,6.18,Returning,Crypto
ORD-20961,CUST-8385,SESS-25961,CART-22961,2026-01-19,421.18,146.78,6.76,Fashion,3,Returned,Mobile App,International,P-196,SKU-340,140.39,10.77,33.69,VIP,Credit Card
ORD-20962,CUST-8385,SESS-25962,CART-22962,2026-01-09,431.71,173.04,37.06,Fashion,3,Cancelled,Affiliate,East,P-725,SKU-2898,143.90,0.80,34.54,VIP,Crypto
ORD-20963,CUST-8386,SESS-25963,CART-22963,2023-08-02,244.01,118.57,24.79,NULL,1,Shipped,Web,East,P-47,SKU-3911,244.01,7.68,19.52,Returning,PayPal
ORD-20964,CUST-8386,SESS-25964,CART-22964,2023-03-16,349.78,116.58,27.92,Sports,4,Completed,Affiliate,East,P-615,SKU-4373,87.44,11.54,27.98,VIP,PayPal
ORD-20965,CUST-8387,SESS-25965,CART-22965,2024-05-07,77.16,38.18,21.51,Beauty,2,Completed,Affiliate,East,P-617,SKU-1310,38.58,8.93,6.17,Returning,Credit Card
ORD-20966,CUST-8387,SESS-25966,CART-22966,2024-03-19,219.20,93.69,43.89,Fashion,3,Cancelled,Social Media,East,P-7,SKU-869,73.07,12.04,17.54,Returning,Debit Card
ORD-20967,CUST-8387,SESS-25967,CART-22967,2024-05-12,475.91,183.63,43.05,Electronics,5,Returned,Mobile App,West,P-342,SKU-815,95.18,19.73,38.07,VIP,Debit Card
ORD-20968,CUST-8388,SESS-25968,CART-22968,2024-09-23,458.87,157.79,32.61,Home,5,Pending,Web,International,P-914,SKU-4886,91.77,16.61,36.71,VIP,Debit Card
ORD-20969,CUST-8388,SESS-25969,CART-22969,2025-11-18,246.73,107.90,44.55,Home,1,Completed,Social Media,South,P-498,SKU-3639,246.73,19.55,19.74,VIP,Debit Card
ORD-20970,CUST-8389,SESS-25970,CART-22970,2025-11-23,367.97,199.20,20.51,Fashion,,Shipped,Social Media,North,P-689,SKU-4801,122.66,16.39,29.44,VIP,PayPal
ORD-20971,CUST-8389,SESS-25971,CART-22971,2024-03-28,152.01,53.35,21.49,Fashion,2,Cancelled,Affiliate,International,P-732,SKU-3450,76.01,2.76,12.16,VIP,PayPal
ORD-20972,CUST-8389,SESS-25972,CART-22972,2023-09-18,  287.03  ,133.41,47.10,Home,5,Pending,Affiliate,East,P-527,SKU-2600,57.41,0.01,22.96,New,PayPal
ORD-20973,CUST-8390,SESS-25973,CART-22973,2026-03-11,246.89,107.05,27.78,Home,1,Pending,Affiliate,South,P-525,SKU-1541,246.89,0.41,19.75,Returning,PayPal
ORD-20974,CUST-8390,SESS-25974,CART-22974,2/9/2025,374.40,179.91,4.32,Sports,5,Returned,Mobile App,West,P-90,SKU-158,74.88,1.90,29.95,New,Credit Card
ORD-20975,CUST-8391,SESS-25975,CART-22975,2025-07-14,17.10,6.94,9.69,NULL,5,Pending,Social Media,East,P-524,SKU-2941,3.42,10.87,1.37,VIP,Debit Card
ORD-20976,CUST-8391,SESS-25976,CART-22976,8/23/2025,243.39,96.55,28.95,Fashion,1,Returned,Social Media,North,P-672,SKU-2092,243.39,18.02,19.47,Returning,Debit Card
ORD-20977,CUST-8391,SESS-25977,CART-22977,2025-08-04,10.05,3.54,1.16,Sports,5,Pending,Mobile App,International,P-864,SKU-3285,2.01,13.18,0.80,Returning,Debit Card
ORD-20978,CUST-8392,SESS-25978,CART-22978,2023-09-03,400.16,155.28,6.74,Fashion,2,Completed,Mobile App,International,P-584,SKU-1555,200.08,11.18,32.01,VIP,Debit Card
ORD-20979,CUST-8392,SESS-25979,CART-22979,2023-08-19,130.37,57.04,18.93,Sports,3,Shipped,Affiliate,West,P-186,SKU-1433,43.46,7.32,10.43,New,Debit Card
ORD-20980,CUST-8393,SESS-25980,CART-22980,9/28/2025,95.23,47.27,26.82,Electronics,2,Returned,Social Media,West,P-366,SKU-2558,47.62,12.95,7.62,New,PayPal
ORD-20981,CUST-8393,SESS-25981,CART-22981,2025-06-06,445.14,191.27,30.61,Electronics,1,Pending,Web,South,P-527,SKU-3523,445.14,14.27,35.61,New,Debit Card
ORD-20982,CUST-8393,SESS-25982,CART-22982,2025-01-16,95.10,40.60,44.73,Electronics,1,Completed,Affiliate,East,P-115,SKU-1846,95.10,14.36,7.61,Returning,Crypto
ORD-20983,CUST-8394,SESS-25983,CART-22983,2023-03-29,66.37,20.94,42.15,Beauty,2,Shipped,Affiliate,International,P-399,SKU-3563,33.18,19.68,5.31,Returning,PayPal
ORD-20984,CUST-8394,SESS-25984,CART-22984,2026-02-11,NULL,156.48,36.88,Beauty,4,Completed,Affiliate,North,P-975,SKU-3454,101.11,15.25,32.35,VIP,PayPal
ORD-20985,CUST-8395,SESS-25985,CART-22985,2/13/2024,77.34,41.74,28.39,Electronics,2,Shipped,Web,West,P-741,SKU-349,38.67,0.56,6.19,New,Credit Card
ORD-20986,CUST-8395,SESS-25986,CART-22986,2024-02-18,  257.54  ,85.08,7.35,Home,4,Cancelled,Affiliate,International,P-133,SKU-953,64.39,9.10,20.60,New,Debit Card
ORD-20987,CUST-8395,SESS-25987,CART-22987,2024-09-08,122.77,60.48,12.68,Beauty,3,Cancelled,Mobile App,North,P-597,SKU-675,40.92,11.15,9.82,New,Debit Card
ORD-20988,CUST-8396,SESS-25988,CART-22988,2024-02-16,261.70,88.68,44.84,Fashion,5,Shipped,Mobile App,South,P-630,SKU-2478,52.34,7.58,20.94,Returning,Crypto
ORD-20989,CUST-8396,SESS-25989,CART-22989,2025-10-23,382.17,213.68,48.72,Home,5,Pending,Web,International,P-125,SKU-4582,76.43,9.07,30.57,Returning,Debit Card
ORD-20990,CUST-8397,SESS-25990,CART-22990,2024-07-30,376.44,132.59,49.05,  fashion  ,3,Cancelled,Social Media,West,P-622,SKU-70,125.48,13.84,30.12,Returning,PayPal
ORD-20991,CUST-8397,SESS-25991,CART-22991,2025-05-12,166.59,99.62,40.88,Fashion,2,Completed,Web,South,P-790,SKU-4906,83.30,11.64,13.33,VIP,Crypto
ORD-20992,CUST-8397,SESS-25992,CART-22992,2024-07-12,501.21,212.19,37.34,Beauty,5,Cancelled,Web,East,P-954,SKU-4174,100.24,0.81,40.10,Returning,Debit Card
ORD-20993,CUST-8398,SESS-25993,CART-22993,2024-06-16,33.67,14.06,46.70,Fashion,2,Pending,Web,South,P-803,SKU-2809,16.84,1.78,2.69,VIP,PayPal
ORD-20994,CUST-8398,SESS-25994,CART-22994,2023-01-10,97.73,51.94,42.39,Fashion,,Returned,Web,East,P-824,SKU-214,48.86,14.27,7.82,New,Debit Card
ORD-20995,CUST-8399,SESS-25995,CART-22995,2025-11-19,99.24,56.21,48.31,Beauty,2,Shipped,Affiliate,International,P-912,SKU-4204,49.62,7.11,7.94,Returning,PayPal
ORD-20996,CUST-8399,SESS-25996,CART-22996,2025-10-10,140.40,53.31,48.99,Electronics,5,Cancelled,Mobile App,International,P-461,SKU-883,28.08,5.10,11.23,VIP,PayPal
ORD-20997,CUST-8399,SESS-25997,CART-22997,2025-07-16,439.95,185.72,18.20,Fashion,1,Returned,Mobile App,International,P-941,SKU-3408,439.95,18.60,35.20,New,Crypto
ORD-20998,CUST-8400,SESS-25998,CART-22998,2023-07-25,155.23,85.04,5.31,Beauty,2,Pending,Mobile App,West,P-171,SKU-4452,77.61,17.78,12.42,New,PayPal
ORD-20999,CUST-8400,SESS-25999,CART-22999,2025-10-10,406.21,197.63,24.10,Electronics,5,Completed,Web,East,P-469,SKU-1081,81.24,17.62,32.50,VIP,PayPal
ORD-21000,CUST-8401,SESS-26000,CART-23000,2023-07-01,369.88,169.28,27.51,Electronics,3,Returned,Affiliate,West,P-967,SKU-768,123.29,18.33,29.59,New,Credit Card
ORD-21001,CUST-8401,SESS-26001,CART-23001,2025-10-12,82.05,43.37,14.55,Sports,5,Returned,Mobile App,North,P-163,SKU-1966,16.41,10.03,6.56,VIP,Credit Card
ORD-21002,CUST-8401,SESS-26002,CART-23002,2023-05-11,232.73,111.63,30.51,Sports,5,Shipped,Mobile App,North,P-976,SKU-4575,46.55,13.64,18.62,New,Crypto
ORD-21003,CUST-8402,SESS-26003,CART-23003,2024-01-17,327.39,140.93,3.19,Sports,2,Pending,Affiliate,International,P-86,SKU-2378,163.69,7.06,26.19,New,Credit Card
ORD-21004,CUST-8402,SESS-26004,CART-23004,2025-11-02,361.05,136.00,47.50,Beauty,1,Cancelled,Affiliate,East,P-258,SKU-631,361.05,15.46,28.88,VIP,Debit Card
ORD-21005,CUST-8403,SESS-26005,CART-23005,2023-11-27,229.08,115.75,11.59,Sports,3,Returned,Mobile App,North,P-677,SKU-1765,76.36,15.80,18.33,Returning,Crypto
ORD-21006,CUST-8403,SESS-26006,CART-23006,2023-01-06,106.55,31.98,25.85,Sports,4,Shipped,Web,North,P-227,SKU-1189,26.64,0.37,8.52,New,PayPal
ORD-21007,CUST-8403,SESS-26007,CART-23007,1/11/2026,336.42,187.17,11.34,Home,2,Returned,Mobile App,South,P-227,SKU-72,168.21,4.63,26.91,Returning,Debit Card
ORD-21008,CUST-8404,SESS-26008,CART-23008,2025-10-10,221.25,127.05,9.87,Sports,4,Shipped,Mobile App,International,P-641,SKU-2937,55.31,8.79,17.70,Returning,PayPal
ORD-21009,CUST-8404,SESS-26009,CART-23009,2025-10-06,295.09,101.35,38.89,Beauty,5,Pending,Social Media,West,P-133,SKU-2772,59.02,5.63,23.61,VIP,PayPal
ORD-21010,CUST-8405,SESS-26010,CART-23010,2026-01-18,507.71,182.56,1.57,Fashion,2,Shipped,Mobile App,International,P-889,SKU-1812,253.85,15.27,40.62,Returning,Debit Card
ORD-21011,CUST-8405,SESS-26011,CART-23011,2023-03-14,474.13,282.49,22.66,Sports,1,Cancelled,Affiliate,West,P-175,SKU-1152,474.13,7.07,37.93,New,Crypto
ORD-21012,CUST-8405,SESS-26012,CART-23012,2024-01-06,63.80,28.53,1.19,Beauty,NULL,Returned,Mobile App,East,P-484,SKU-3346,31.90,4.39,5.10,Returning,PayPal
ORD-21013,CUST-8406,SESS-26013,CART-23013,2025-06-26,424.64,144.47,44.39,Fashion,2,Shipped,Affiliate,East,P-352,SKU-2032,212.32,6.00,33.97,New,Debit Card
ORD-21014,CUST-8406,SESS-26014,CART-23014,2023-07-12,19.88,6.11,26.47,Home,2,Shipped,Affiliate,West,P-275,SKU-3041,9.94,10.64,1.59,VIP,Crypto
ORD-21015,CUST-8407,SESS-26015,CART-23015,2025-04-23,148.22,85.44,17.66,Fashion,3,Completed,Affiliate,North,P-579,SKU-4597,49.41,13.74,11.86,New,Crypto
ORD-21016,CUST-8407,SESS-26016,CART-23016,2023-11-11,158.76,77.08,17.15,Home,2,Cancelled,Web,East,P-405,SKU-2509,79.38,1.78,12.70,Returning,Crypto
ORD-21017,CUST-8407,SESS-26017,CART-23017,2023-07-05,139.89,58.64,25.67,Sports,2,Returned,Social Media,North,P-729,SKU-3816,69.94,0.10,11.19,New,Crypto
ORD-21018,CUST-8408,SESS-26018,CART-23018,2025-07-27,405.58,123.32,33.12,Sports,,Completed,Mobile App,East,P-965,SKU-898,81.12,16.33,32.45,VIP,Crypto
ORD-21019,CUST-8408,SESS-26019,CART-23019,9/5/2025,465.69,213.77,21.62,Sports,2,Cancelled,Affiliate,North,P-786,SKU-3666,232.85,1.74,37.26,Returning,PayPal
ORD-21020,CUST-8409,SESS-26020,CART-23020,2023-12-26,  397.68  ,127.81,18.20,Sports,5,Returned,Affiliate,International,P-256,SKU-4460,79.54,18.71,31.81,New,PayPal
ORD-21021,CUST-8409,SESS-26021,CART-23021,2024-04-26,153.47,75.79,28.20,Fashion,1,Shipped,Mobile App,West,P-177,SKU-4901,153.47,1.98,12.28,VIP,Crypto
ORD-21022,CUST-8409,SESS-26022,CART-23022,2025-07-27,129.21,76.10,35.25,Home,4,Cancelled,Mobile App,West,P-847,SKU-885,32.30,13.06,10.34,VIP,Credit Card
ORD-21023,CUST-8410,SESS-26023,CART-23023,2025-05-04,50.54,18.05,16.70,Sports,4,Shipped,Web,North,P-173,SKU-4717,12.64,17.97,4.04,Returning,PayPal
ORD-21024,CUST-8410,SESS-26024,CART-23024,2023-06-06,195.47,107.25,28.41,Fashion,2,Completed,Social Media,East,P-310,SKU-2581,97.74,6.05,15.64,New,Debit Card
ORD-21025,CUST-8411,SESS-26025,CART-23025,2024-09-29,312.55,133.85,30.79,Home,2,Cancelled,Social Media,South,P-593,SKU-3640,156.27,2.35,25.00,VIP,PayPal
ORD-21026,CUST-8411,SESS-26026,CART-23026,2023-07-05,NULL,157.76,34.14,Electronics,3,Returned,Affiliate,West,P-883,SKU-1643,102.08,17.63,24.50,New,Crypto
ORD-21027,CUST-8411,SESS-26027,CART-23027,1758237355012,24.04,12.40,47.30,Home,3,Cancelled,Affiliate,West,P-404,SKU-2057,8.01,3.63,1.92,VIP,Credit Card
ORD-21028,CUST-8412,SESS-26028,CART-23028,2024-03-03,221.22,113.56,34.96,Beauty,3,Returned,Affiliate,East,P-583,SKU-3306,73.74,5.80,17.70,VIP,PayPal
ORD-21029,CUST-8412,SESS-26029,CART-23029,2025-09-05,382.24,209.10,6.24,Electronics,3,Completed,Web,West,P-982,SKU-4690,127.41,12.34,30.58,VIP,Credit Card
ORD-21030,CUST-8413,SESS-26030,CART-23030,12/28/2025,236.22,118.94,20.36,Beauty,3,Pending,Web,International,P-441,SKU-2049,78.74,4.36,18.90,Returning,Crypto
ORD-21031,CUST-8413,SESS-26031,CART-23031,2023-07-10,  147.36  ,82.65,21.30,Home,1,Completed,Affiliate,South,P-714,SKU-1828,147.36,12.68,11.79,New,Credit Card
ORD-21032,CUST-8413,SESS-26032,CART-23032,2023-09-19,354.02,185.45,41.25,Home,3,Cancelled,Affiliate,West,P-975,SKU-516,118.01,17.20,28.32,Returning,Credit Card
ORD-21033,CUST-8414,SESS-26033,CART-23033,2025-08-23,22.62,9.45,17.14,Beauty,4,Returned,Web,North,P-733,SKU-1905,5.65,14.60,1.81,VIP,PayPal
ORD-21034,CUST-8414,SESS-26034,CART-23034,2025-09-10,191.41,74.98,33.80,Electronics,1,Returned,Affiliate,West,P-846,SKU-3703,191.41,0.57,15.31,Returning,PayPal
ORD-21035,CUST-8415,SESS-26035,CART-23035,2025-11-05,196.96,103.69,43.87,Electronics,2,Pending,Affiliate,International,P-30,SKU-4317,98.48,1.81,15.76,Returning,Crypto
ORD-21036,CUST-8415,SESS-26036,CART-23036,2025-03-25,108.50,34.53,12.52,Sports,2,Returned,Mobile App,North,P-205,SKU-4029,54.25,13.66,8.68,VIP,Credit Card
ORD-21037,CUST-8415,SESS-26037,CART-23037,2023-08-16,504.55,230.90,43.36,Electronics,1,Shipped,Social Media,International,P-902,SKU-195,504.55,15.95,40.36,Returning,Credit Card
ORD-21038,CUST-8416,SESS-26038,CART-23038,2025-06-17,168.31,56.53,33.68,Beauty,2,Pending,Social Media,North,P-563,SKU-2390,84.16,4.07,13.46,Returning,Credit Card
ORD-21039,CUST-8416,SESS-26039,CART-23039,2024-02-07,290.92,109.27,1.07,Fashion,2,Pending,Social Media,South,P-542,SKU-1553,145.46,1.44,23.27,VIP,Crypto
ORD-21040,CUST-8417,SESS-26040,CART-23040,2023-04-02,243.48,115.79,42.46,Fashion,2,Completed,Mobile App,International,P-425,SKU-3935,121.74,12.84,19.48,VIP,Debit Card
ORD-21041,CUST-8417,SESS-26041,CART-23041,2023-10-02,215.55,89.52,1.11,Home,4,Shipped,Affiliate,North,P-241,SKU-1247,53.89,4.53,17.24,VIP,Crypto
ORD-21042,CUST-8417,SESS-26042,CART-23042,2023-09-09,15.40,7.62,40.10,Beauty,4,Pending,Affiliate,West,P-980,SKU-3154,3.85,12.72,1.23,VIP,Credit Card
ORD-21043,CUST-8418,SESS-26043,CART-23043,2025-08-03,487.01,273.51,26.97,Fashion,4,Completed,Web,International,P-671,SKU-3538,121.75,6.47,38.96,VIP,PayPal
ORD-21044,CUST-8418,SESS-26044,CART-23044,2025-09-23,205.18,112.47,30.69,Fashion,2,Returned,Web,South,P-406,SKU-4118,102.59,18.50,16.41,New,Crypto
ORD-21045,CUST-8419,SESS-26045,CART-23045,2024-06-22,257.06,117.72,41.50,Sports,2,Completed,Mobile App,West,P-414,SKU-3326,128.53,3.77,20.56,VIP,Debit Card
ORD-21046,CUST-8419,SESS-26046,CART-23046,2025-03-08,304.64,128.03,40.64,Electronics,5,Cancelled,Web,International,P-174,SKU-1577,60.93,10.08,24.37,VIP,Credit Card
ORD-21047,CUST-8419,SESS-26047,CART-23047,2024-02-24,302.38,163.43,32.19,Electronics,5,Pending,Web,International,P-869,SKU-1860,60.48,2.76,24.19,VIP,Credit Card
ORD-21048,CUST-8420,SESS-26048,CART-23048,2024-07-22,111.36,46.86,28.85,Beauty,2,Shipped,Mobile App,East,P-112,SKU-4233,55.68,10.29,8.91,New,Crypto
ORD-21049,CUST-8420,SESS-26049,CART-23049,2026-01-03,398.80,178.02,22.86,Beauty,4,Cancelled,Affiliate,East,P-790,SKU-4901,99.70,6.24,31.90,VIP,PayPal
ORD-21050,CUST-8421,SESS-26050,CART-23050,2025-08-31,11.43,6.24,37.19,Beauty,4,Returned,Mobile App,International,P-246,SKU-3847,2.86,10.28,0.91,New,PayPal
ORD-21051,CUST-8421,SESS-26051,CART-23051,2025-08-02,37.61,15.23,43.43,Fashion,5,Completed,Mobile App,East,P-711,SKU-4721,7.52,14.43,3.01,VIP,Credit Card
ORD-21052,CUST-8421,SESS-26052,CART-23052,2023-10-13,226.19,107.22,0.98,Sports,4,Pending,Affiliate,International,P-622,SKU-1701,56.55,18.40,18.10,VIP,PayPal
ORD-21053,CUST-8422,SESS-26053,CART-23053,2024-12-07,455.50,183.08,5.99,Fashion,1,Pending,Web,West,P-224,SKU-2380,455.50,7.11,36.44,VIP,Crypto
ORD-21054,CUST-8422,SESS-26054,CART-23054,2025-12-15,169.81,78.71,33.97,Electronics,4,Cancelled,Web,West,P-218,SKU-108,42.45,1.40,13.58,VIP,Crypto
ORD-21055,CUST-8423,SESS-26055,CART-23055,3/6/2024,155.37,68.45,12.80,Electronics,4,Completed,Social Media,East,P-642,SKU-3324,38.84,7.98,12.43,Returning,Credit Card
ORD-21056,CUST-8423,SESS-26056,CART-23056,2025-05-04,251.87,82.63,20.55,Sports,4,Completed,Mobile App,South,P-826,SKU-1682,62.97,5.73,20.15,New,Crypto
ORD-21057,CUST-8423,SESS-26057,CART-23057,2023-02-16,230.12,77.98,6.42,Home,1,Cancelled,Web,West,P-776,SKU-833,230.12,1.39,18.41,New,Crypto
ORD-21058,CUST-8424,SESS-26058,CART-23058,2024-09-02,235.16,70.58,14.66,Electronics,2,Returned,Mobile App,East,P-607,SKU-3352,117.58,3.32,18.81,Returning,Credit Card
ORD-21059,CUST-8424,SESS-26059,CART-23059,2025-11-11,417.29,197.11,25.66,Home,2,Shipped,Affiliate,West,P-958,SKU-4794,208.65,10.82,33.38,VIP,Debit Card
ORD-21060,CUST-8425,SESS-26060,CART-23060,2025-11-14,455.03,170.09,29.15,Sports,2,Completed,Mobile App,South,P-149,SKU-445,227.52,7.23,36.40,Returning,Debit Card
ORD-21061,CUST-8425,SESS-26061,CART-23061,2025-11-09,129.65,60.29,36.74,Home,5,Shipped,Mobile App,East,P-874,SKU-2437,25.93,15.30,10.37,New,PayPal
ORD-21062,CUST-8425,SESS-26062,CART-23062,2024-01-16,117.14,60.20,27.49,Home,1,Completed,Social Media,East,P-713,SKU-2768,117.14,5.68,9.37,Returning,Crypto
ORD-21063,CUST-8426,SESS-26063,CART-23063,2023-07-30,483.13,184.91,23.69,Home,1,Pending,Affiliate,North,P-434,SKU-4579,483.13,14.40,38.65,New,Debit Card
ORD-21064,CUST-8426,SESS-26064,CART-23064,2025-01-10,464.51,148.80,34.83,Electronics,3,Cancelled,Web,South,P-740,SKU-1570,154.84,3.44,37.16,VIP,PayPal
ORD-21065,CUST-8427,SESS-26065,CART-23065,2026-01-24,105.25,34.95,49.62,Fashion,5,Pending,Mobile App,South,P-209,SKU-3686,21.05,10.61,8.42,Returning,Debit Card
ORD-21066,CUST-8427,SESS-26066,CART-23066,2024-09-23,220.43,92.58,42.90,Electronics,5,Cancelled,Web,North,P-119,SKU-3015,44.09,11.15,17.63,Returning,Crypto
ORD-21067,CUST-8427,SESS-26067,CART-23067,2025-05-29,455.95,188.44,36.09,Sports,5,Pending,Mobile App,South,P-998,SKU-3917,91.19,7.07,36.48,VIP,Debit Card
ORD-21068,CUST-8428,SESS-26068,CART-23068,1680488907881,281.90,127.48,15.88,Fashion,2,Completed,Affiliate,West,P-331,SKU-1413,140.95,17.36,22.55,VIP,Credit Card
ORD-21069,CUST-8428,SESS-26069,CART-23069,2023-01-20,63.81,19.51,44.21,Electronics,5,Completed,Affiliate,South,P-53,SKU-587,12.76,17.86,5.10,New,PayPal
ORD-21070,CUST-8429,SESS-26070,CART-23070,2024-01-29,341.55,104.52,31.29,Sports,4,Pending,Social Media,West,P-854,SKU-4551,85.39,5.77,27.32,Returning,Crypto
ORD-21071,CUST-8429,SESS-26071,CART-23071,2025-12-20,478.91,178.07,46.24,Fashion,4,Completed,Web,West,P-866,SKU-4669,119.73,13.51,38.31,New,Debit Card
ORD-21072,CUST-8429,SESS-26072,CART-23072,2023-09-10,468.59,214.42,1.02,Fashion,3,Cancelled,Affiliate,West,P-912,SKU-1018,156.20,19.72,37.49,VIP,Debit Card
ORD-21073,CUST-8430,SESS-26073,CART-23073,2025-10-02,117.23,63.36,4.61,Sports,2,Cancelled,Web,North,P-970,SKU-1709,58.61,3.34,9.38,Returning,Credit Card
ORD-21074,CUST-8430,SESS-26074,CART-23074,2025-06-25,259.74,149.59,7.64,Sports,3,Pending,Affiliate,East,P-869,SKU-968,86.58,8.87,20.78,New,PayPal
ORD-21075,CUST-8431,SESS-26075,CART-23075,2023-05-10,107.98,51.74,27.48,Beauty,3,Cancelled,Mobile App,North,P-943,SKU-4078,35.99,12.71,8.64,Returning,PayPal
ORD-21076,CUST-8431,SESS-26076,CART-23076,2024-12-27,204.14,66.96,23.30,Electronics,3,Completed,Web,West,P-736,SKU-4252,68.05,19.72,16.33,Returning,PayPal
ORD-21077,CUST-8431,SESS-26077,CART-23077,2024-12-31,405.44,166.53,17.24,,2,Cancelled,Affiliate,West,P-764,SKU-839,202.72,6.14,32.44,VIP,Credit Card
ORD-21078,CUST-8432,SESS-26078,CART-23078,2025-08-04,337.80,114.03,18.64,Sports,3,Shipped,Web,West,P-771,SKU-1077,112.60,6.38,27.02,VIP,Debit Card
ORD-21079,CUST-8432,SESS-26079,CART-23079,2025-07-06,243.89,108.60,16.03,Electronics,1,Completed,Mobile App,North,P-321,SKU-4645,243.89,9.39,19.51,Returning,Crypto
ORD-21080,CUST-8433,SESS-26080,CART-23080,2025-09-09,295.16,101.42,23.61,Home,2,Shipped,Web,West,P-646,SKU-1373,147.58,18.71,23.61,New,Crypto
ORD-21081,CUST-8433,SESS-26081,CART-23081,2023-06-08,257.92,147.64,42.61,Sports,2,Pending,Web,North,P-68,SKU-4723,128.96,11.70,20.63,VIP,Crypto
ORD-21082,CUST-8433,SESS-26082,CART-23082,2023-06-27,106.64,49.62,8.91,Electronics,4,Returned,Mobile App,West,P-445,SKU-3478,26.66,10.34,8.53,New,Debit Card
ORD-21083,CUST-8434,SESS-26083,CART-23083,2025-03-21,349.76,115.26,42.19,Fashion,3,Returned,Web,East,P-138,SKU-441,116.59,14.11,27.98,VIP,Crypto
ORD-21084,CUST-8434,SESS-26084,CART-23084,2025-05-14,449.26,218.27,41.05,Home,5,Shipped,Mobile App,East,P-462,SKU-4534,89.85,13.45,35.94,Returning,Debit Card
ORD-21085,CUST-8435,SESS-26085,CART-23085,2025-07-14,419.96,170.47,48.93,Electronics,,Cancelled,Social Media,East,P-234,SKU-1163,139.99,1.67,33.60,New,PayPal
ORD-21086,CUST-8435,SESS-26086,CART-23086,2025-01-30,469.88,146.75,16.07,Beauty,3,Pending,Affiliate,East,P-193,SKU-1124,156.63,3.96,37.59,VIP,Crypto
ORD-21087,CUST-8435,SESS-26087,CART-23087,3/5/2023,456.76,156.17,44.88,Fashion,3,Returned,Affiliate,North,P-924,SKU-4479,152.25,11.50,36.54,Returning,PayPal
ORD-21088,CUST-8436,SESS-26088,CART-23088,2025-01-18,261.15,137.01,35.75,Sports,2,Returned,Mobile App,International,P-507,SKU-4818,130.58,8.99,20.89,VIP,Credit Card
ORD-21089,CUST-8436,SESS-26089,CART-23089,2023-08-04,171.06,57.50,41.67,Electronics,1,Returned,Affiliate,East,P-698,SKU-4098,171.06,9.51,13.68,VIP,PayPal
ORD-21090,CUST-8437,SESS-26090,CART-23090,2025-07-19,85.41,26.55,45.06,Fashion,4,Returned,Web,West,P-663,SKU-4416,21.35,8.76,6.83,VIP,Credit Card
ORD-21091,CUST-8437,SESS-26091,CART-23091,2025-06-17,383.32,117.18,9.03,Electronics,4,Pending,Mobile App,West,P-818,SKU-1614,95.83,14.63,30.67,Returning,PayPal
ORD-21092,CUST-8437,SESS-26092,CART-23092,2023-02-23,335.36,142.24,10.29,Beauty,4,Returned,Affiliate,East,P-214,SKU-2981,83.84,2.36,26.83,New,PayPal
ORD-21093,CUST-8438,SESS-26093,CART-23093,2025-12-18,499.41,234.85,8.51,Electronics,2,Pending,Social Media,South,P-274,SKU-199,249.70,7.31,39.95,VIP,PayPal
ORD-21094,CUST-8438,SESS-26094,CART-23094,3/8/2026,272.47,133.48,26.90,Electronics,3,Shipped,Web,North,P-630,SKU-4550,90.82,4.04,21.80,New,Credit Card
ORD-21095,CUST-8439,SESS-26095,CART-23095,1729436823152,194.66,110.68,31.02,Electronics,5,Completed,Social Media,East,P-766,SKU-834,38.93,7.97,15.57,VIP,PayPal
ORD-21096,CUST-8439,SESS-26096,CART-23096,2025-02-25,456.46,267.50,39.61,Fashion,5,Shipped,Mobile App,West,P-493,SKU-2154,91.29,9.39,36.52,VIP,Credit Card
ORD-21097,CUST-8439,SESS-26097,CART-23097,2024-07-01,103.39,46.86,0.36,Beauty,1,Completed,Social Media,West,P-73,SKU-2693,103.39,14.36,8.27,Returning,PayPal
ORD-21098,CUST-8440,SESS-26098,CART-23098,2024-07-09,18.75,8.06,5.20,Electronics,3,Shipped,Web,West,P-488,SKU-4837,6.25,14.73,1.50,VIP,Crypto
ORD-21099,CUST-8440,SESS-26099,CART-23099,2024-05-30,311.27,170.70,41.41,Beauty,1,Returned,Social Media,West,P-912,SKU-3714,311.27,7.68,24.90,New,PayPal
ORD-21100,CUST-8441,SESS-26100,CART-23100,2025-04-11,113.70,62.11,9.87,Fashion,3,Pending,Affiliate,West,P-451,SKU-611,37.90,17.43,9.10,Returning,Credit Card
ORD-21101,CUST-8441,SESS-26101,CART-23101,2025-05-05,132.86,72.74,10.31,Electronics,5,Cancelled,Affiliate,South,P-77,SKU-4173,26.57,4.86,10.63,Returning,Debit Card
ORD-21102,CUST-8441,SESS-26102,CART-23102,2023-12-03,178.90,87.45,46.14,Sports,3,Pending,Affiliate,East,P-44,SKU-1508,59.63,11.10,14.31,New,PayPal
ORD-21103,CUST-8442,SESS-26103,CART-23103,2023-11-19,105.65,41.73,4.99,Sports,3,Returned,Mobile App,International,P-769,SKU-528,35.22,16.49,8.45,Returning,Credit Card
ORD-21104,CUST-8442,SESS-26104,CART-23104,2025-11-07,313.64,141.07,48.28,Home,5,Completed,Affiliate,West,P-809,SKU-4497,62.73,5.88,25.09,New,Crypto
ORD-21105,CUST-8443,SESS-26105,CART-23105,2023-12-08,431.33,216.61,2.68,Fashion,5,Shipped,Web,North,P-97,SKU-1030,86.27,4.28,34.51,Returning,Debit Card
ORD-21106,CUST-8443,SESS-26106,CART-23106,2023-01-17,22.54,11.02,41.77,Sports,3,Completed,Mobile App,International,P-834,SKU-4510,7.51,14.05,1.80,VIP,Debit Card
ORD-21107,CUST-8443,SESS-26107,CART-23107,2025-07-14,379.91,120.32,1.73,Sports,4,Completed,Social Media,West,P-142,SKU-1192,94.98,9.87,30.39,New,PayPal
ORD-21108,CUST-8444,SESS-26108,CART-23108,2025-11-02,233.02,87.97,8.71,Beauty,1,Cancelled,Mobile App,East,P-364,SKU-2285,233.02,4.93,18.64,Returning,Crypto
ORD-21109,CUST-8444,SESS-26109,CART-23109,2025-08-20,48.20,18.19,21.08,Electronics,1,Completed,Mobile App,South,P-972,SKU-2378,48.20,7.22,3.86,VIP,PayPal
ORD-21110,CUST-8445,SESS-26110,CART-23110,2024-08-10,109.21,33.19,6.37,Home,4,Completed,Affiliate,International,P-639,SKU-1415,27.30,19.98,8.74,VIP,Crypto
ORD-21111,CUST-8445,SESS-26111,CART-23111,12/23/2023,10.87,4.12,39.12,Electronics,5,Cancelled,Web,International,P-660,SKU-4956,2.17,13.67,0.87,Returning,Crypto
ORD-21112,CUST-8445,SESS-26112,CART-23112,2024-05-07,52.39,16.42,37.93,Beauty,3,Shipped,Web,South,P-737,SKU-4068,17.46,16.88,4.19,VIP,Crypto
ORD-21113,CUST-8446,SESS-26113,CART-23113,2023-07-31,319.61,125.14,32.96,Home,4,Pending,Mobile App,East,P-276,SKU-2553,79.90,4.75,25.57,New,Debit Card
ORD-21114,CUST-8446,SESS-26114,CART-23114,2026-01-21,500.58,151.35,3.90,  electronics  ,5,Returned,Affiliate,West,P-136,SKU-3744,100.12,7.02,40.05,New,Credit Card
ORD-21115,CUST-8447,SESS-26115,CART-23115,2026-02-21,505.67,260.65,16.97,Fashion,1,Cancelled,Social Media,West,P-757,SKU-2467,505.67,9.67,40.45,VIP,Crypto
ORD-21116,CUST-8447,SESS-26116,CART-23116,2025-11-17,503.75,274.14,44.19,Electronics,1,Cancelled,Mobile App,International,P-464,SKU-3915,503.75,1.99,40.30,New,Crypto
ORD-21117,CUST-8447,SESS-26117,CART-23117,1680817497421,29.28,14.48,11.37,Fashion,3,Completed,Mobile App,East,P-397,SKU-3490,9.76,0.76,2.34,VIP,Credit Card
ORD-21118,CUST-8448,SESS-26118,CART-23118,2023-07-13,21.65,8.12,49.22,Sports,5,Pending,Affiliate,International,P-922,SKU-3666,4.33,9.19,1.73,Returning,Credit Card
ORD-21119,CUST-8448,SESS-26119,CART-23119,2025-06-14,338.58,160.72,8.51,Home,2,Pending,Web,South,P-73,SKU-402,169.29,2.68,27.09,Returning,Credit Card
ORD-21120,CUST-8449,SESS-26120,CART-23120,2024-08-18,427.67,167.24,26.35,Sports,4,Cancelled,Web,North,P-742,SKU-2442,106.92,5.70,34.21,Returning,Debit Card
ORD-21121,CUST-8449,SESS-26121,CART-23121,2023-01-12,29.87,13.32,48.62,Sports,4,Returned,Mobile App,International,P-629,SKU-495,7.47,12.44,2.39,Returning,PayPal
ORD-21122,CUST-8449,SESS-26122,CART-23122,2025-04-15,343.76,118.84,2.85,Sports,2,Returned,Mobile App,East,P-61,SKU-113,171.88,13.09,27.50,Returning,Credit Card
ORD-21123,CUST-8450,SESS-26123,CART-23123,2023-02-18,208.96,81.01,9.70,Electronics,2,Pending,Web,East,P-632,SKU-3485,104.48,5.65,16.72,Returning,PayPal
ORD-21124,CUST-8450,SESS-26124,CART-23124,2023-01-09,306.32,172.13,48.33,Fashion,3,Pending,Web,South,P-637,SKU-3221,102.11,19.13,24.51,New,Debit Card
ORD-21125,CUST-8451,SESS-26125,CART-23125,2025-04-10,276.59,151.96,36.96,Fashion,3,Returned,Web,North,P-650,SKU-3535,92.20,12.82,22.13,New,Debit Card
ORD-21126,CUST-8451,SESS-26126,CART-23126,2024-12-04,223.36,88.50,13.15,Electronics,,Completed,Web,South,P-652,SKU-3110,55.84,12.06,17.87,New,Crypto
ORD-21127,CUST-8451,SESS-26127,CART-23127,2026-02-26,76.13,26.62,13.01,Beauty,3,Returned,Web,North,P-81,SKU-1281,25.38,13.88,6.09,New,Credit Card
ORD-21128,CUST-8452,SESS-26128,CART-23128,2024-02-19,345.29,129.02,29.39,Beauty,4,Completed,Mobile App,South,P-989,SKU-1034,86.32,19.47,27.62,New,Credit Card
ORD-21129,CUST-8452,SESS-26129,CART-23129,2025-06-22,277.91,92.82,34.75,Beauty,4,Pending,Affiliate,West,P-361,SKU-1722,69.48,14.36,22.23,Returning,Credit Card
ORD-21130,CUST-8453,SESS-26130,CART-23130,2023-02-20,354.44,162.63,27.28,Beauty,5,Completed,Social Media,East,P-410,SKU-1479,70.89,13.59,28.36,Returning,Debit Card
ORD-21131,CUST-8453,SESS-26131,CART-23131,2025-02-12,509.23,158.97,48.19,Sports,1,Cancelled,Mobile App,North,P-949,SKU-2979,509.23,4.77,40.74,VIP,Debit Card
ORD-21132,CUST-8453,SESS-26132,CART-23132,5/2/2023,135.82,53.12,3.69,Sports,3,Pending,Mobile App,West,P-955,SKU-355,45.27,7.26,10.87,Returning,Credit Card
ORD-21133,CUST-8454,SESS-26133,CART-23133,1718126621958,432.14,168.50,37.71,Fashion,2,Cancelled,Affiliate,West,P-592,SKU-3838,216.07,17.91,34.57,VIP,PayPal
ORD-21134,CUST-8454,SESS-26134,CART-23134,3/25/2023,480.98,282.36,9.30,Electronics,2,Pending,Web,West,P-512,SKU-4158,240.49,4.73,38.48,VIP,Crypto
ORD-21135,CUST-8455,SESS-26135,CART-23135,2024-08-19,377.45,213.77,2.02,Fashion,1,Shipped,Mobile App,East,P-674,SKU-3525,377.45,2.43,30.20,New,Credit Card
ORD-21136,CUST-8455,SESS-26136,CART-23136,2025-07-05,493.74,292.37,3.26,Beauty,1,Returned,Social Media,International,P-957,SKU-166,493.74,0.35,39.50,New,Debit Card
ORD-21137,CUST-8455,SESS-26137,CART-23137,2025-07-28,185.68,103.56,23.24,Electronics,1,Cancelled,Social Media,South,P-123,SKU-54,185.68,12.08,14.85,New,PayPal
ORD-21138,CUST-8456,SESS-26138,CART-23138,2023-05-01,369.32,199.94,32.20,Electronics,3,Pending,Affiliate,North,P-218,SKU-4009,123.11,8.19,29.55,New,Crypto
ORD-21139,CUST-8456,SESS-26139,CART-23139,2024-08-23,507.77,184.06,47.83,Fashion,1,Pending,Mobile App,East,P-400,SKU-983,507.77,16.16,40.62,New,Debit Card
ORD-21140,CUST-8457,SESS-26140,CART-23140,2026-01-09,,104.26,26.60,Home,2,Returned,Mobile App,East,P-704,SKU-2644,143.74,17.72,23.00,VIP,PayPal
ORD-21141,CUST-8457,SESS-26141,CART-23141,2024-09-21,429.26,188.65,40.40,Beauty,1,Returned,Social Media,International,P-458,SKU-167,429.26,4.50,34.34,VIP,PayPal
ORD-21142,CUST-8457,SESS-26142,CART-23142,2025-10-05,279.90,150.59,45.44,Home,4,Cancelled,Affiliate,West,P-110,SKU-4249,69.97,14.72,22.39,VIP,PayPal
ORD-21143,CUST-8458,SESS-26143,CART-23143,2023-10-12,312.14,159.62,45.71,Home,3,Shipped,Affiliate,West,P-901,SKU-932,104.05,13.56,24.97,VIP,PayPal
ORD-21144,CUST-8458,SESS-26144,CART-23144,2025-07-07,,21.62,38.24,Home,1,Shipped,Mobile App,East,P-720,SKU-1044,36.63,7.90,2.93,VIP,PayPal
ORD-21145,CUST-8459,SESS-26145,CART-23145,2023-11-17,243.20,135.79,1.13,Fashion,5,Returned,Mobile App,East,P-778,SKU-341,48.64,6.78,19.46,Returning,Debit Card
ORD-21146,CUST-8459,SESS-26146,CART-23146,2023-05-01,  167.27  ,82.90,39.77,Beauty,3,Shipped,Web,East,P-942,SKU-3086,55.76,17.35,13.38,VIP,Credit Card
ORD-21147,CUST-8459,SESS-26147,CART-23147,2024-05-19,396.58,193.71,32.11,Home,1,Pending,Affiliate,International,P-861,SKU-2918,396.58,4.93,31.73,Returning,Credit Card
ORD-21148,CUST-8460,SESS-26148,CART-23148,2024-05-17,301.74,111.53,36.90,Electronics,4,Returned,Social Media,East,P-99,SKU-42,75.44,4.88,24.14,VIP,PayPal
ORD-21149,CUST-8460,SESS-26149,CART-23149,2023-10-12,130.02,55.78,25.47,Beauty,3,Completed,Web,South,P-624,SKU-4015,43.34,15.22,10.40,VIP,Crypto
ORD-21150,CUST-8461,SESS-26150,CART-23150,2024-11-13,38.51,21.66,44.08,Beauty,3,Cancelled,Affiliate,West,P-525,SKU-776,12.84,12.46,3.08,New,Crypto
ORD-21151,CUST-8461,SESS-26151,CART-23151,1701665426608,126.35,58.13,11.01,Fashion,3,Pending,Mobile App,International,P-129,SKU-3055,42.12,9.55,10.11,VIP,Crypto
ORD-21152,CUST-8461,SESS-26152,CART-23152,2024-11-21,,90.76,30.34,Fashion,3,Returned,Mobile App,East,P-651,SKU-486,73.33,14.53,17.60,Returning,PayPal
ORD-21153,CUST-8462,SESS-26153,CART-23153,2024-12-10,355.37,204.89,5.23,Electronics,3,Pending,Web,West,P-770,SKU-1250,118.46,14.62,28.43,Returning,Debit Card
ORD-21154,CUST-8462,SESS-26154,CART-23154,2024-02-19,141.18,55.65,0.45,Beauty,1,Returned,Mobile App,North,P-781,SKU-1888,141.18,3.92,11.29,New,Debit Card
ORD-21155,CUST-8463,SESS-26155,CART-23155,2025-08-22,61.71,23.71,31.97,Electronics,4,Pending,Web,South,P-490,SKU-2508,15.43,7.49,4.94,VIP,PayPal
ORD-21156,CUST-8463,SESS-26156,CART-23156,2026-02-02,128.16,62.13,29.64,Electronics,3,Cancelled,Social Media,West,P-913,SKU-692,42.72,13.96,10.25,New,Crypto
ORD-21157,CUST-8463,SESS-26157,CART-23157,2025-05-16,305.32,92.14,48.55,Sports,3,Returned,Social Media,South,P-431,SKU-2605,101.77,9.15,24.43,Returning,Crypto
ORD-21158,CUST-8464,SESS-26158,CART-23158,2025-01-23,208.19,96.00,35.93,Home,3,Cancelled,Affiliate,West,P-1000,SKU-2125,69.40,10.27,16.66,VIP,Credit Card
ORD-21159,CUST-8464,SESS-26159,CART-23159,2025-01-13,405.84,174.44,33.00,Home,2,Cancelled,Mobile App,South,P-705,SKU-138,202.92,12.74,32.47,New,PayPal
ORD-21160,CUST-8465,SESS-26160,CART-23160,2024-02-24,165.57,81.74,37.65,Beauty,2,Shipped,Web,North,P-21,SKU-4063,82.78,9.73,13.25,Returning,Debit Card
ORD-21161,CUST-8465,SESS-26161,CART-23161,2025-09-16,  172.12  ,103.17,27.77,  beauty  ,2,Pending,Web,North,P-68,SKU-331,86.06,2.70,13.77,Returning,PayPal
ORD-21162,CUST-8465,SESS-26162,CART-23162,2023-12-11,  71.97  ,40.76,45.95,Beauty,2,Cancelled,Mobile App,West,P-734,SKU-2217,35.98,10.68,5.76,New,PayPal
ORD-21163,CUST-8466,SESS-26163,CART-23163,2024-04-19,,92.33,41.38,Fashion,2,Shipped,Affiliate,North,P-867,SKU-3721,151.79,15.64,24.29,VIP,Crypto
ORD-21164,CUST-8466,SESS-26164,CART-23164,2025-02-08,433.05,191.90,30.33,Home,5,Cancelled,Mobile App,North,P-831,SKU-398,86.61,9.22,34.64,New,Credit Card
ORD-21165,CUST-8467,SESS-26165,CART-23165,2025-07-24,250.01,145.37,8.73,Electronics,2,Shipped,Social Media,South,P-431,SKU-2434,125.01,13.01,20.00,Returning,Credit Card
ORD-21166,CUST-8467,SESS-26166,CART-23166,2025-01-26,62.47,31.68,1.09,Sports,5,Returned,Social Media,East,P-791,SKU-2135,12.49,16.34,5.00,VIP,PayPal
ORD-21167,CUST-8467,SESS-26167,CART-23167,2024-04-25,130.87,65.23,37.90,Sports,1,Completed,Web,East,P-288,SKU-1832,130.87,2.13,10.47,Returning,Crypto
ORD-21168,CUST-8468,SESS-26168,CART-23168,2024-06-24,389.19,158.04,4.74,Beauty,3,Cancelled,Social Media,East,P-857,SKU-3639,129.73,2.03,31.14,Returning,Credit Card
ORD-21169,CUST-8468,SESS-26169,CART-23169,2023-01-13,497.26,230.42,9.13,Beauty,1,Completed,Affiliate,East,P-591,SKU-1131,497.26,10.93,39.78,Returning,Crypto
ORD-21170,CUST-8469,SESS-26170,CART-23170,2024-09-15,120.20,64.43,20.94,Beauty,2,Pending,Affiliate,North,P-1,SKU-4190,60.10,5.54,9.62,Returning,Debit Card
ORD-21171,CUST-8469,SESS-26171,CART-23171,1758023059349,495.72,236.31,43.17,Beauty,4,Returned,Affiliate,West,P-229,SKU-2836,123.93,5.84,39.66,Returning,Crypto
ORD-21172,CUST-8469,SESS-26172,CART-23172,2023-07-26,146.45,75.96,40.31,Fashion,1,Pending,Mobile App,West,P-305,SKU-2108,146.45,5.28,11.72,Returning,PayPal
ORD-21173,CUST-8470,SESS-26173,CART-23173,2025-03-12,321.82,154.93,8.72,Sports,3,Pending,Social Media,West,P-76,SKU-4375,107.27,14.40,25.75,Returning,PayPal
ORD-21174,CUST-8470,SESS-26174,CART-23174,2025-12-15,144.24,52.22,9.81,Sports,4,Returned,Web,South,P-619,SKU-1797,36.06,4.74,11.54,New,Crypto
ORD-21175,CUST-8471,SESS-26175,CART-23175,2025-06-22,180.56,54.99,25.41,Home,5,Completed,Web,East,P-464,SKU-1357,36.11,6.04,14.44,VIP,Credit Card
ORD-21176,CUST-8471,SESS-26176,CART-23176,2024-08-15,320.84,131.81,39.33,Beauty,5,Cancelled,Mobile App,International,P-315,SKU-1560,64.17,11.63,25.67,VIP,Credit Card
ORD-21177,CUST-8471,SESS-26177,CART-23177,2024-02-15,263.11,98.02,24.09,Home,NULL,Cancelled,Affiliate,South,P-675,SKU-3340,263.11,14.73,21.05,New,Credit Card
ORD-21178,CUST-8472,SESS-26178,CART-23178,2025-08-02,382.95,115.72,37.50,Sports,2,Returned,Affiliate,West,P-747,SKU-3602,191.48,6.74,30.64,VIP,Credit Card
ORD-21179,CUST-8472,SESS-26179,CART-23179,2024-01-14,158.20,51.28,28.85,Electronics,1,Cancelled,Mobile App,North,P-91,SKU-4415,158.20,9.02,12.66,VIP,Credit Card
ORD-21180,CUST-8473,SESS-26180,CART-23180,1/9/2024,432.55,141.00,21.96,Fashion,4,Completed,Mobile App,East,P-439,SKU-459,108.14,8.00,34.60,VIP,Crypto
ORD-21181,CUST-8473,SESS-26181,CART-23181,1697554804956,334.44,114.29,9.45,Fashion,3,Pending,Social Media,International,P-837,SKU-1319,111.48,14.69,26.76,New,Crypto
ORD-21182,CUST-8473,SESS-26182,CART-23182,2023-07-19,38.59,12.10,27.41,Beauty,5,Shipped,Mobile App,North,P-478,SKU-1218,7.72,2.80,3.09,New,Debit Card
ORD-21183,CUST-8474,SESS-26183,CART-23183,2023-12-01,409.27,213.06,23.72,Sports,5,Returned,Web,International,P-332,SKU-4533,81.85,9.78,32.74,Returning,PayPal
ORD-21184,CUST-8474,SESS-26184,CART-23184,2023-02-14,361.31,139.71,12.66,Sports,5,Shipped,Affiliate,South,P-422,SKU-2335,72.26,5.66,28.90,New,Crypto
ORD-21185,CUST-8475,SESS-26185,CART-23185,2024-11-18,327.98,148.09,34.18,Sports,2,Returned,Affiliate,International,P-498,SKU-4411,163.99,1.82,26.24,VIP,Credit Card
ORD-21186,CUST-8475,SESS-26186,CART-23186,2023-05-16,332.72,117.31,34.08,Beauty,4,Pending,Web,South,P-639,SKU-4527,83.18,7.66,26.62,New,Credit Card
ORD-21187,CUST-8475,SESS-26187,CART-23187,2024-07-13,299.82,98.25,10.84,Home,5,Shipped,Mobile App,International,P-991,SKU-2552,59.96,12.12,23.99,VIP,Crypto
ORD-21188,CUST-8476,SESS-26188,CART-23188,2024-10-13,217.03,112.14,29.78,Beauty,2,Cancelled,Social Media,South,P-106,SKU-1992,108.51,6.31,17.36,New,Crypto
ORD-21189,CUST-8476,SESS-26189,CART-23189,2024-08-23,149.12,80.71,12.74,Fashion,5,Returned,Social Media,West,P-445,SKU-4078,29.82,19.70,11.93,VIP,Crypto
ORD-21190,CUST-8477,SESS-26190,CART-23190,2025-07-29,128.65,41.59,18.87,Beauty,2,Cancelled,Social Media,East,P-373,SKU-4967,64.32,11.27,10.29,Returning,Debit Card
ORD-21191,CUST-8477,SESS-26191,CART-23191,2025-10-15,172.75,75.59,19.26,Sports,5,Returned,Social Media,International,P-910,SKU-3118,34.55,0.73,13.82,VIP,Crypto
ORD-21192,CUST-8477,SESS-26192,CART-23192,2025-08-02,132.84,51.58,15.01,Electronics,3,Shipped,Affiliate,North,P-930,SKU-824,44.28,6.98,10.63,New,Credit Card
ORD-21193,CUST-8478,SESS-26193,CART-23193,2024-08-06,128.21,48.53,47.22,Beauty,2,Cancelled,Mobile App,North,P-467,SKU-1345,64.11,9.55,10.26,VIP,Debit Card
ORD-21194,CUST-8478,SESS-26194,CART-23194,2025-11-23,21.11,12.55,24.44,Fashion,4,Pending,Affiliate,North,P-718,SKU-1811,5.28,1.41,1.69,VIP,PayPal
ORD-21195,CUST-8479,SESS-26195,CART-23195,2025-04-16,208.41,110.32,48.83,Home,2,Shipped,Mobile App,International,P-519,SKU-2702,104.21,8.03,16.67,VIP,Crypto
ORD-21196,CUST-8479,SESS-26196,CART-23196,2025-10-27,149.14,76.05,19.48,Fashion,5,Shipped,Mobile App,South,P-845,SKU-3726,29.83,2.65,11.93,New,Debit Card
ORD-21197,CUST-8479,SESS-26197,CART-23197,2025-09-18,180.03,94.95,42.53,Fashion,2,Pending,Mobile App,North,P-769,SKU-660,90.02,5.49,14.40,VIP,Credit Card
ORD-21198,CUST-8480,SESS-26198,CART-23198,2023-05-16,508.70,194.55,45.37,Fashion,4,Completed,Mobile App,West,P-763,SKU-2769,127.18,17.14,40.70,VIP,Crypto
ORD-21199,CUST-8480,SESS-26199,CART-23199,2024-07-03,90.95,52.65,13.35,Home,4,Shipped,Mobile App,West,P-552,SKU-2723,22.74,0.40,7.28,Returning,PayPal
ORD-21200,CUST-8481,SESS-26200,CART-23200,2025-05-30,222.60,89.61,13.86,Home,2,Completed,Affiliate,North,P-716,SKU-1151,111.30,12.65,17.81,Returning,Crypto
ORD-21201,CUST-8481,SESS-26201,CART-23201,2024-09-21,46.11,20.40,39.97,Fashion,4,Pending,Web,West,P-47,SKU-1063,11.53,10.82,3.69,VIP,Debit Card
ORD-21202,CUST-8481,SESS-26202,CART-23202,2023-02-05,378.73,199.00,29.66,Electronics,5,Completed,Social Media,West,P-270,SKU-2889,75.75,3.83,30.30,Returning,Debit Card
ORD-21203,CUST-8482,SESS-26203,CART-23203,2023-08-26,162.44,93.48,35.41,  home  ,5,Returned,Mobile App,East,P-951,SKU-648,32.49,12.41,13.00,VIP,Debit Card
ORD-21204,CUST-8482,SESS-26204,CART-23204,2024-12-28,469.58,245.34,44.61,Electronics,1,Cancelled,Web,International,P-703,SKU-2500,469.58,3.11,37.57,Returning,Crypto
ORD-21205,CUST-8483,SESS-26205,CART-23205,2023-10-26,277.07,161.45,6.91,Sports,4,Shipped,Social Media,East,P-878,SKU-3879,69.27,8.82,22.17,Returning,PayPal
ORD-21206,CUST-8483,SESS-26206,CART-23206,2025-01-13,114.41,61.10,3.87,Electronics,2,Returned,Affiliate,South,P-303,SKU-1422,57.21,1.99,9.15,New,Credit Card
ORD-21207,CUST-8483,SESS-26207,CART-23207,2024-05-08,33.55,14.08,10.82,Sports,4,Shipped,Web,South,P-698,SKU-4773,8.39,11.62,2.68,VIP,Debit Card
ORD-21208,CUST-8484,SESS-26208,CART-23208,2026-01-22,88.60,48.56,2.29,Electronics,2,Pending,Web,West,P-44,SKU-4894,44.30,18.10,7.09,VIP,PayPal
ORD-21209,CUST-8484,SESS-26209,CART-23209,2025-09-06,392.66,203.38,25.45,Sports,1,Shipped,Mobile App,International,P-696,SKU-4912,392.66,1.20,31.41,Returning,Credit Card
ORD-21210,CUST-8485,SESS-26210,CART-23210,2025-06-28,306.19,174.15,41.68,Electronics,4,Shipped,Mobile App,North,P-509,SKU-786,76.55,3.49,24.50,Returning,Credit Card
ORD-21211,CUST-8485,SESS-26211,CART-23211,2023-12-20,91.79,50.75,42.99,Sports,1,Shipped,Social Media,North,P-78,SKU-3977,91.79,8.39,7.34,Returning,Credit Card
ORD-21212,CUST-8485,SESS-26212,CART-23212,2023-01-13,112.54,54.09,30.69,Fashion,1,Completed,Web,North,P-627,SKU-1753,112.54,13.40,9.00,Returning,PayPal
ORD-21213,CUST-8486,SESS-26213,CART-23213,2025-11-16,53.30,20.64,42.54,Sports,4,Cancelled,Affiliate,North,P-47,SKU-1320,13.33,8.22,4.26,New,Crypto
ORD-21214,CUST-8486,SESS-26214,CART-23214,2024-11-03,31.08,15.76,35.84,Sports,3,Pending,Mobile App,International,P-767,SKU-2403,10.36,8.56,2.49,VIP,Credit Card
ORD-21215,CUST-8487,SESS-26215,CART-23215,2023-05-22,505.44,274.84,11.59,Beauty,4,Shipped,Web,International,P-385,SKU-2458,126.36,8.32,40.44,Returning,PayPal
ORD-21216,CUST-8487,SESS-26216,CART-23216,8/28/2025,53.58,16.14,22.99,Electronics,1,Returned,Mobile App,West,P-639,SKU-2061,53.58,13.54,4.29,New,Credit Card
ORD-21217,CUST-8487,SESS-26217,CART-23217,2023-10-02,69.17,30.92,47.80,Home,NULL,Returned,Social Media,West,P-501,SKU-3817,17.29,13.97,5.53,New,Credit Card
ORD-21218,CUST-8488,SESS-26218,CART-23218,1754440041545,354.67,210.44,47.45,Home,2,Completed,Mobile App,East,P-121,SKU-3387,177.34,3.02,28.37,New,PayPal
ORD-21219,CUST-8488,SESS-26219,CART-23219,1722745860963,366.34,119.70,47.95,Sports,1,Completed,Social Media,North,P-619,SKU-104,366.34,17.98,29.31,Returning,Crypto
ORD-21220,CUST-8489,SESS-26220,CART-23220,2023-01-07,203.74,74.51,38.02,Sports,3,Completed,Web,International,P-447,SKU-3517,67.91,4.85,16.30,Returning,Crypto
ORD-21221,CUST-8489,SESS-26221,CART-23221,2023-07-16,174.37,63.16,48.58,Fashion,2,Returned,Web,International,P-586,SKU-4601,87.18,5.93,13.95,New,Credit Card
ORD-21222,CUST-8489,SESS-26222,CART-23222,2024-07-19,261.61,134.28,8.23,Fashion,3,Shipped,Mobile App,East,P-855,SKU-3537,87.20,3.00,20.93,Returning,Credit Card
ORD-21223,CUST-8490,SESS-26223,CART-23223,2023-05-24,276.47,164.51,33.53,Home,2,Returned,Social Media,International,P-198,SKU-1366,138.23,12.66,22.12,Returning,Debit Card
ORD-21224,CUST-8490,SESS-26224,CART-23224,2023-02-15,379.37,212.55,28.11,Electronics,,Completed,Mobile App,International,P-387,SKU-4617,379.37,8.71,30.35,VIP,Credit Card
ORD-21225,CUST-8491,SESS-26225,CART-23225,2024-03-27,508.25,162.46,24.44,Sports,4,Cancelled,Mobile App,International,P-529,SKU-437,127.06,1.94,40.66,New,Credit Card
ORD-21226,CUST-8491,SESS-26226,CART-23226,1765848582450,489.45,274.61,12.06,Electronics,1,Completed,Social Media,South,P-984,SKU-4967,489.45,13.82,39.16,Returning,Debit Card
ORD-21227,CUST-8491,SESS-26227,CART-23227,1/6/2024,377.47,162.47,6.69,Electronics,3,Cancelled,Mobile App,North,P-567,SKU-3653,125.82,4.84,30.20,Returning,Credit Card
ORD-21228,CUST-8492,SESS-26228,CART-23228,2025-06-29,339.53,152.88,5.70,Home,5,Returned,Social Media,West,P-291,SKU-4712,67.91,6.72,27.16,VIP,Debit Card
ORD-21229,CUST-8492,SESS-26229,CART-23229,2023-07-25,147.71,88.08,28.15,Fashion,3,Returned,Web,East,P-194,SKU-1841,49.24,16.96,11.82,New,Crypto
ORD-21230,CUST-8493,SESS-26230,CART-23230,2026-02-28,405.42,217.38,5.46,Home,1,Cancelled,Affiliate,North,P-715,SKU-1729,405.42,5.85,32.43,Returning,PayPal
ORD-21231,CUST-8493,SESS-26231,CART-23231,2023-09-27,11.38,4.23,15.79,Home,4,Completed,Affiliate,West,P-114,SKU-1747,2.85,19.00,0.91,VIP,Crypto
ORD-21232,CUST-8493,SESS-26232,CART-23232,1/18/2026,128.10,54.32,31.52,Sports,3,Cancelled,Mobile App,International,P-670,SKU-2517,42.70,15.28,10.25,New,PayPal
ORD-21233,CUST-8494,SESS-26233,CART-23233,2023-03-02,266.87,93.93,38.63,Fashion,1,Completed,Affiliate,East,P-297,SKU-119,266.87,5.59,21.35,VIP,Credit Card
ORD-21234,CUST-8494,SESS-26234,CART-23234,2024-05-17,336.65,154.85,44.06,Beauty,4,Shipped,Social Media,East,P-574,SKU-4621,84.16,14.35,26.93,VIP,Debit Card
ORD-21235,CUST-8495,SESS-26235,CART-23235,2025-11-27,226.02,120.27,17.19,  home  ,1,Pending,Mobile App,North,P-487,SKU-615,226.02,16.40,18.08,Returning,PayPal
ORD-21236,CUST-8495,SESS-26236,CART-23236,2025-05-16,216.90,101.05,14.55,Sports,5,Completed,Social Media,International,P-614,SKU-1715,43.38,4.95,17.35,New,Crypto
ORD-21237,CUST-8495,SESS-26237,CART-23237,2024-05-25,462.15,194.15,39.14,Fashion,4,Returned,Mobile App,International,P-305,SKU-1750,115.54,19.40,36.97,Returning,PayPal
ORD-21238,CUST-8496,SESS-26238,CART-23238,2025-05-10,33.96,13.57,36.89,Fashion,3,Cancelled,Mobile App,South,P-879,SKU-4604,11.32,14.48,2.72,New,PayPal
ORD-21239,CUST-8496,SESS-26239,CART-23239,2026-01-10,435.41,182.73,32.87,Beauty,2,Completed,Social Media,East,P-439,SKU-492,217.70,19.53,34.83,New,PayPal
ORD-21240,CUST-8497,SESS-26240,CART-23240,2024-10-20,481.92,144.67,44.36,Fashion,1,Cancelled,Social Media,South,P-316,SKU-1197,481.92,3.76,38.55,Returning,Crypto
ORD-21241,CUST-8497,SESS-26241,CART-23241,2024-04-02,287.09,123.81,23.56,,5,Shipped,Social Media,North,P-405,SKU-3483,57.42,3.68,22.97,Returning,Debit Card
ORD-21242,CUST-8497,SESS-26242,CART-23242,2024-10-11,127.93,44.69,15.61,Beauty,1,Pending,Mobile App,North,P-24,SKU-3315,127.93,12.40,10.23,Returning,PayPal
ORD-21243,CUST-8498,SESS-26243,CART-23243,2023-06-29,243.43,84.19,28.33,Sports,4,Returned,Mobile App,East,P-285,SKU-1170,60.86,16.17,19.47,VIP,Crypto
ORD-21244,CUST-8498,SESS-26244,CART-23244,2026-03-12,444.46,169.97,4.99,Fashion,4,Pending,Web,South,P-598,SKU-3426,111.11,12.85,35.56,VIP,Crypto
ORD-21245,CUST-8499,SESS-26245,CART-23245,2023-06-07,366.19,197.95,21.35,Sports,4,Pending,Social Media,West,P-893,SKU-3461,91.55,2.87,29.30,Returning,Crypto
ORD-21246,CUST-8499,SESS-26246,CART-23246,2024-11-24,274.02,95.25,4.29,Home,2,Shipped,Mobile App,East,P-82,SKU-2495,137.01,6.72,21.92,Returning,Credit Card
ORD-21247,CUST-8499,SESS-26247,CART-23247,2025-12-31,84.30,29.40,33.55,Sports,4,Cancelled,Mobile App,West,P-997,SKU-766,21.08,15.02,6.74,VIP,Debit Card
ORD-21248,CUST-8500,SESS-26248,CART-23248,2026-03-01,508.52,252.94,38.14,Sports,1,Pending,Web,South,P-921,SKU-1855,508.52,4.88,40.68,New,Debit Card
ORD-21249,CUST-8500,SESS-26249,CART-23249,2025-01-29,,25.72,33.75,Sports,5,Returned,Mobile App,East,P-869,SKU-495,15.91,8.29,6.36,Returning,PayPal
ORD-21250,CUST-8501,SESS-26250,CART-23250,2023-03-02,144.41,54.23,20.02,Beauty,5,Pending,Social Media,East,P-884,SKU-4200,28.88,11.35,11.55,VIP,Crypto
ORD-21251,CUST-8501,SESS-26251,CART-23251,2023-09-22,130.43,63.50,42.38,Home,2,Returned,Mobile App,West,P-557,SKU-4577,65.22,13.01,10.43,VIP,Credit Card
ORD-21252,CUST-8501,SESS-26252,CART-23252,1729429755168,296.43,100.96,0.38,Home,1,Returned,Social Media,East,P-146,SKU-2908,296.43,0.15,23.71,VIP,Credit Card
ORD-21253,CUST-8502,SESS-26253,CART-23253,2024-03-15,413.99,131.97,22.18,Electronics,3,Pending,Affiliate,South,P-543,SKU-1037,138.00,16.20,33.12,Returning,Crypto
ORD-21254,CUST-8502,SESS-26254,CART-23254,2026-02-10,433.85,207.35,49.45,Sports,2,Shipped,Mobile App,East,P-20,SKU-3274,216.92,16.70,34.71,New,Debit Card
ORD-21255,CUST-8503,SESS-26255,CART-23255,2025-07-11,250.02,133.34,47.65,Beauty,4,Pending,Web,North,P-266,SKU-3366,62.50,16.45,20.00,Returning,Credit Card
ORD-21256,CUST-8503,SESS-26256,CART-23256,2023-04-26,229.28,111.69,44.24,Beauty,4,Completed,Web,West,P-869,SKU-1588,57.32,0.12,18.34,VIP,Debit Card
ORD-21257,CUST-8503,SESS-26257,CART-23257,2026-02-18,60.34,26.00,10.92,Home,1,Completed,Mobile App,West,P-644,SKU-2999,60.34,15.38,4.83,Returning,Debit Card
ORD-21258,CUST-8504,SESS-26258,CART-23258,2025-03-01,NULL,220.11,33.67,Beauty,5,Cancelled,Affiliate,North,P-124,SKU-1214,74.04,11.96,29.61,New,Debit Card
ORD-21259,CUST-8504,SESS-26259,CART-23259,2024-10-31,,24.71,35.03,Sports,2,Returned,Web,North,P-762,SKU-1458,22.50,14.27,3.60,Returning,Credit Card
ORD-21260,CUST-8505,SESS-26260,CART-23260,2023-07-22,438.09,257.12,37.82,Home,1,Shipped,Web,International,P-758,SKU-2637,438.09,4.01,35.05,Returning,Debit Card
ORD-21261,CUST-8505,SESS-26261,CART-23261,2023-06-06,16.99,6.17,18.21,Fashion,4,Pending,Mobile App,International,P-183,SKU-3672,4.25,7.76,1.36,Returning,Debit Card
ORD-21262,CUST-8505,SESS-26262,CART-23262,2025-02-10,419.74,250.77,30.99,Sports,1,Completed,Affiliate,South,P-919,SKU-4141,419.74,11.64,33.58,New,PayPal
ORD-21263,CUST-8506,SESS-26263,CART-23263,2025-12-10,216.45,95.79,19.18,Sports,3,Completed,Mobile App,North,P-316,SKU-1829,72.15,7.03,17.32,VIP,Crypto
ORD-21264,CUST-8506,SESS-26264,CART-23264,2023-02-20,328.14,188.34,31.21,Fashion,2,Pending,Mobile App,East,P-988,SKU-4554,164.07,3.75,26.25,New,Crypto
ORD-21265,CUST-8507,SESS-26265,CART-23265,2024-09-17,383.27,209.05,12.41,Sports,2,Cancelled,Affiliate,North,P-814,SKU-483,191.63,2.14,30.66,New,Credit Card
ORD-21266,CUST-8507,SESS-26266,CART-23266,2023-04-07,173.84,90.12,9.62,Beauty,1,Pending,Social Media,East,P-120,SKU-2284,173.84,13.39,13.91,New,Crypto
ORD-21267,CUST-8507,SESS-26267,CART-23267,2023-03-10,305.03,121.45,1.57,Home,2,Cancelled,Affiliate,South,P-205,SKU-4357,152.51,18.67,24.40,VIP,Crypto
ORD-21268,CUST-8508,SESS-26268,CART-23268,2024-06-30,505.93,226.16,30.70,Fashion,NULL,Completed,Mobile App,North,P-85,SKU-2726,505.93,19.33,40.47,VIP,Debit Card
ORD-21269,CUST-8508,SESS-26269,CART-23269,2023-03-14,279.62,92.52,14.32,Sports,5,Shipped,Mobile App,South,P-608,SKU-3495,55.92,16.80,22.37,Returning,Credit Card
ORD-21270,CUST-8509,SESS-26270,CART-23270,2023-03-26,221.95,79.88,41.62,Electronics,2,Cancelled,Affiliate,East,P-805,SKU-4594,110.98,9.93,17.76,Returning,Crypto
ORD-21271,CUST-8509,SESS-26271,CART-23271,2023-04-20,506.49,234.36,48.19,Home,5,Shipped,Social Media,North,P-161,SKU-434,101.30,11.43,40.52,VIP,Credit Card
ORD-21272,CUST-8509,SESS-26272,CART-23272,2025-07-31,NULL,165.71,0.62,Sports,4,Completed,Web,West,P-923,SKU-505,116.05,11.19,37.14,VIP,Crypto
ORD-21273,CUST-8510,SESS-26273,CART-23273,2024-12-31,238.42,87.85,38.96,Beauty,5,Returned,Mobile App,East,P-908,SKU-3399,47.68,14.32,19.07,Returning,Credit Card
ORD-21274,CUST-8510,SESS-26274,CART-23274,2024-11-20,27.28,9.12,9.82,Sports,3,Returned,Social Media,North,P-358,SKU-2205,9.09,4.73,2.18,New,Crypto
ORD-21275,CUST-8511,SESS-26275,CART-23275,2024-02-14,471.80,261.05,28.36,Home,1,Completed,Social Media,International,P-127,SKU-1281,471.80,18.32,37.74,VIP,Crypto
ORD-21276,CUST-8511,SESS-26276,CART-23276,2023-07-05,106.35,37.28,47.54,Beauty,5,Shipped,Mobile App,South,P-64,SKU-4358,21.27,3.15,8.51,New,Debit Card
ORD-21277,CUST-8511,SESS-26277,CART-23277,2024-07-06,193.15,71.10,11.47,Sports,4,Completed,Mobile App,South,P-33,SKU-3349,48.29,9.43,15.45,VIP,Crypto
ORD-21278,CUST-8512,SESS-26278,CART-23278,2023-10-14,36.19,16.75,27.26,Sports,1,Pending,Web,South,P-9,SKU-1845,36.19,18.21,2.90,New,PayPal
ORD-21279,CUST-8512,SESS-26279,CART-23279,2023-11-03,495.85,188.90,38.28,Fashion,2,Returned,Affiliate,South,P-909,SKU-464,247.93,11.15,39.67,VIP,Credit Card
ORD-21280,CUST-8513,SESS-26280,CART-23280,2023-11-24,112.76,39.64,47.19,Sports,4,Pending,Affiliate,West,P-626,SKU-3492,28.19,11.59,9.02,VIP,Crypto
ORD-21281,CUST-8513,SESS-26281,CART-23281,2023-09-12,305.04,122.59,17.42,Fashion,3,Cancelled,Mobile App,International,P-525,SKU-3563,101.68,7.47,24.40,Returning,PayPal
ORD-21282,CUST-8513,SESS-26282,CART-23282,2024-05-10,34.01,19.19,2.97,Home,4,Pending,Affiliate,East,P-511,SKU-2662,8.50,2.74,2.72,Returning,Crypto
ORD-21283,CUST-8514,SESS-26283,CART-23283,2024-02-07,219.90,111.21,1.60,Fashion,5,Completed,Mobile App,South,P-405,SKU-4591,43.98,8.34,17.59,VIP,Crypto
ORD-21284,CUST-8514,SESS-26284,CART-23284,2025-04-29,94.40,38.32,24.38,Beauty,2,Shipped,Mobile App,North,P-122,SKU-219,47.20,5.47,7.55,Returning,Credit Card
ORD-21285,CUST-8515,SESS-26285,CART-23285,1750175789335,226.43,116.93,23.65,Beauty,1,Completed,Web,North,P-972,SKU-2556,226.43,9.00,18.11,VIP,PayPal
ORD-21286,CUST-8515,SESS-26286,CART-23286,2024-12-29,264.72,86.42,13.37,Fashion,2,Shipped,Web,East,P-105,SKU-3763,132.36,2.27,21.18,Returning,Credit Card
ORD-21287,CUST-8515,SESS-26287,CART-23287,2025-03-13,  207.92  ,118.16,26.70,  sports  ,5,Returned,Affiliate,International,P-436,SKU-1305,41.58,5.14,16.63,VIP,PayPal
ORD-21288,CUST-8516,SESS-26288,CART-23288,2025-03-25,360.66,182.23,44.88,Sports,5,Shipped,Mobile App,West,P-968,SKU-2781,72.13,10.51,28.85,VIP,PayPal
ORD-21289,CUST-8516,SESS-26289,CART-23289,2025-11-10,53.21,21.33,47.21,Fashion,5,Shipped,Web,East,P-81,SKU-1623,10.64,18.63,4.26,New,Debit Card
ORD-21290,CUST-8517,SESS-26290,CART-23290,2023-01-15,111.72,59.44,2.77,Fashion,4,Cancelled,Web,North,P-434,SKU-1983,27.93,10.71,8.94,New,PayPal
ORD-21291,CUST-8517,SESS-26291,CART-23291,2023-08-16,496.32,276.14,44.84,Electronics,5,Shipped,Social Media,East,P-416,SKU-1324,99.26,11.22,39.71,New,Credit Card
ORD-21292,CUST-8517,SESS-26292,CART-23292,2026-02-28,408.26,190.19,14.05,Sports,5,Cancelled,Mobile App,East,P-287,SKU-413,81.65,6.86,32.66,VIP,PayPal
ORD-21293,CUST-8518,SESS-26293,CART-23293,2024-02-08,311.22,173.55,3.68,Sports,5,Returned,Affiliate,East,P-952,SKU-500,62.24,3.32,24.90,New,Debit Card
ORD-21294,CUST-8518,SESS-26294,CART-23294,2023-12-25,87.42,43.87,21.33,Fashion,,Pending,Affiliate,West,P-201,SKU-4338,21.86,19.37,6.99,Returning,Crypto
ORD-21295,CUST-8519,SESS-26295,CART-23295,2024-02-19,118.67,62.53,24.57,Fashion,4,Cancelled,Affiliate,South,P-944,SKU-3188,29.67,4.61,9.49,Returning,PayPal
ORD-21296,CUST-8519,SESS-26296,CART-23296,2025-08-30,459.40,271.87,36.02,Beauty,4,Cancelled,Web,South,P-608,SKU-1573,114.85,13.06,36.75,Returning,Credit Card
ORD-21297,CUST-8519,SESS-26297,CART-23297,2023-04-03,264.72,79.68,28.06,Sports,1,Completed,Affiliate,East,P-939,SKU-450,264.72,12.56,21.18,Returning,Credit Card
ORD-21298,CUST-8520,SESS-26298,CART-23298,2023-12-15,177.01,106.16,43.43,Electronics,2,Completed,Social Media,West,P-176,SKU-2446,88.50,2.01,14.16,VIP,Crypto
ORD-21299,CUST-8520,SESS-26299,CART-23299,2024-02-20,,139.30,7.52,Home,1,Pending,Web,West,P-565,SKU-733,241.76,13.08,19.34,VIP,Credit Card
ORD-21300,CUST-8521,SESS-26300,CART-23300,2025-12-18,287.35,129.72,12.19,Home,2,Cancelled,Web,South,P-615,SKU-3269,143.68,6.71,22.99,New,Credit Card
ORD-21301,CUST-8521,SESS-26301,CART-23301,2024-06-16,442.34,133.31,10.25,Fashion,3,Shipped,Web,International,P-557,SKU-1060,147.45,9.42,35.39,New,Debit Card
ORD-21302,CUST-8521,SESS-26302,CART-23302,1717446347241,353.13,174.31,17.17,Electronics,4,Returned,Social Media,West,P-962,SKU-91,88.28,7.93,28.25,VIP,Crypto
ORD-21303,CUST-8522,SESS-26303,CART-23303,2024-08-22,291.75,114.35,0.70,Fashion,5,Pending,Social Media,North,P-976,SKU-1515,58.35,16.95,23.34,VIP,PayPal
ORD-21304,CUST-8522,SESS-26304,CART-23304,2025-08-06,255.07,109.96,9.91,Fashion,3,Pending,Affiliate,South,P-18,SKU-2741,85.02,10.80,20.41,Returning,Crypto
ORD-21305,CUST-8523,SESS-26305,CART-23305,2023-01-09,421.74,231.57,26.50,Beauty,3,Shipped,Affiliate,North,P-757,SKU-149,140.58,12.43,33.74,VIP,Debit Card
ORD-21306,CUST-8523,SESS-26306,CART-23306,2025-11-26,332.83,133.44,49.13,Electronics,2,Shipped,Affiliate,West,P-258,SKU-2398,166.42,18.33,26.63,Returning,PayPal
ORD-21307,CUST-8523,SESS-26307,CART-23307,2024-05-09,220.50,70.29,1.88,Beauty,1,Pending,Mobile App,South,P-483,SKU-2622,220.50,3.36,17.64,Returning,Crypto
ORD-21308,CUST-8524,SESS-26308,CART-23308,2023-06-17,213.84,75.94,7.07,Sports,5,Cancelled,Social Media,West,P-26,SKU-4106,42.77,10.67,17.11,VIP,Credit Card
ORD-21309,CUST-8524,SESS-26309,CART-23309,2024-12-31,344.83,166.39,9.33,Electronics,1,Cancelled,Mobile App,North,P-311,SKU-2223,344.83,8.12,27.59,VIP,Debit Card
ORD-21310,CUST-8525,SESS-26310,CART-23310,2025-07-05,459.23,210.93,27.33,Beauty,5,Completed,Social Media,North,P-557,SKU-3384,91.85,16.73,36.74,VIP,PayPal
ORD-21311,CUST-8525,SESS-26311,CART-23311,2024-05-20,45.08,15.97,17.50,Home,1,Completed,Web,East,P-962,SKU-1821,45.08,1.63,3.61,VIP,Credit Card
ORD-21312,CUST-8525,SESS-26312,CART-23312,2023-11-01,318.74,165.53,37.23,Home,3,Returned,Social Media,West,P-226,SKU-676,106.25,15.63,25.50,Returning,Crypto
ORD-21313,CUST-8526,SESS-26313,CART-23313,2024-10-28,501.15,156.60,7.12,Fashion,4,Pending,Web,North,P-851,SKU-2678,125.29,12.67,40.09,Returning,Credit Card
ORD-21314,CUST-8526,SESS-26314,CART-23314,2023-06-19,131.60,46.02,23.06,Electronics,NULL,Returned,Social Media,North,P-808,SKU-3240,32.90,6.44,10.53,New,Credit Card
ORD-21315,CUST-8527,SESS-26315,CART-23315,3/10/2024,339.18,115.14,6.97,Home,2,Shipped,Web,International,P-106,SKU-2635,169.59,12.22,27.13,Returning,Credit Card
ORD-21316,CUST-8527,SESS-26316,CART-23316,2024-08-20,  16.15  ,6.91,17.84,Beauty,5,Returned,Web,International,P-365,SKU-711,3.23,2.18,1.29,New,Credit Card
ORD-21317,CUST-8527,SESS-26317,CART-23317,2023-12-05,478.14,269.76,25.70,Sports,4,Shipped,Web,North,P-290,SKU-662,119.53,12.72,38.25,VIP,Debit Card
ORD-21318,CUST-8528,SESS-26318,CART-23318,1733148905359,467.85,194.80,49.67,Fashion,5,Cancelled,Social Media,International,P-86,SKU-1532,93.57,11.56,37.43,VIP,PayPal
ORD-21319,CUST-8528,SESS-26319,CART-23319,2023-06-30,120.99,69.50,4.53,Fashion,1,Completed,Affiliate,West,P-576,SKU-2692,120.99,10.68,9.68,New,Crypto
ORD-21320,CUST-8529,SESS-26320,CART-23320,2024-11-01,67.04,38.64,25.58,Electronics,2,Completed,Affiliate,South,P-5,SKU-3600,33.52,15.27,5.36,New,Debit Card
ORD-21321,CUST-8529,SESS-26321,CART-23321,2024-07-16,490.20,268.47,29.29,Sports,3,Pending,Social Media,South,P-429,SKU-605,163.40,17.72,39.22,New,Debit Card
ORD-21322,CUST-8529,SESS-26322,CART-23322,2025-05-03,355.15,201.95,12.72,Beauty,4,Cancelled,Web,South,P-126,SKU-3335,88.79,20.00,28.41,Returning,Credit Card
ORD-21323,CUST-8530,SESS-26323,CART-23323,2023-08-05,507.11,295.24,20.45,Home,3,Returned,Mobile App,West,P-425,SKU-12,169.04,0.24,40.57,VIP,PayPal
ORD-21324,CUST-8530,SESS-26324,CART-23324,2024-05-04,501.88,272.43,18.45,Sports,4,Pending,Mobile App,International,P-794,SKU-4136,125.47,17.78,40.15,VIP,Crypto
ORD-21325,CUST-8531,SESS-26325,CART-23325,2025-04-20,432.70,172.10,23.92,Electronics,3,Returned,Social Media,South,P-246,SKU-69,144.23,11.50,34.62,New,PayPal
ORD-21326,CUST-8531,SESS-26326,CART-23326,2024-08-18,267.69,107.85,16.64,Beauty,3,Cancelled,Web,North,P-457,SKU-63,89.23,12.01,21.42,VIP,Credit Card
ORD-21327,CUST-8531,SESS-26327,CART-23327,2023-04-08,104.77,52.10,26.91,Sports,1,Returned,Social Media,North,P-272,SKU-1227,104.77,19.18,8.38,New,Crypto
ORD-21328,CUST-8532,SESS-26328,CART-23328,2024-11-27,196.78,85.48,46.68,Fashion,3,Returned,Affiliate,International,P-536,SKU-4995,65.59,9.58,15.74,Returning,Debit Card
ORD-21329,CUST-8532,SESS-26329,CART-23329,2025-12-11,361.28,138.07,24.65,Sports,5,Shipped,Social Media,West,P-950,SKU-3486,72.26,1.15,28.90,VIP,Debit Card
ORD-21330,CUST-8533,SESS-26330,CART-23330,7/11/2024,351.23,139.14,41.52,Beauty,4,Completed,Web,West,P-735,SKU-97,87.81,15.67,28.10,Returning,Crypto
ORD-21331,CUST-8533,SESS-26331,CART-23331,2024-10-13,451.40,154.96,34.16,Home,3,Pending,Mobile App,International,P-445,SKU-3343,150.47,3.00,36.11,Returning,Credit Card
ORD-21332,CUST-8533,SESS-26332,CART-23332,1705586414855,295.77,138.03,0.50,Sports,5,Cancelled,Web,East,P-812,SKU-13,59.15,5.40,23.66,VIP,Debit Card
ORD-21333,CUST-8534,SESS-26333,CART-23333,2024-10-03,28.87,9.53,11.70,Sports,,Cancelled,Affiliate,International,P-571,SKU-4820,7.22,1.02,2.31,VIP,Debit Card
ORD-21334,CUST-8534,SESS-26334,CART-23334,2025-06-22,143.65,76.72,20.54,Fashion,1,Returned,Web,South,P-5,SKU-2724,143.65,13.79,11.49,VIP,PayPal
ORD-21335,CUST-8535,SESS-26335,CART-23335,2025-08-24,  157.63  ,69.29,38.74,Home,4,Pending,Mobile App,South,P-571,SKU-1854,39.41,9.14,12.61,New,Credit Card
ORD-21336,CUST-8535,SESS-26336,CART-23336,2023-07-14,313.94,122.66,0.53,Fashion,,Shipped,Web,International,P-55,SKU-1891,78.48,9.75,25.12,New,Crypto
ORD-21337,CUST-8535,SESS-26337,CART-23337,2023-09-21,373.05,193.28,45.12,Fashion,2,Shipped,Mobile App,International,P-258,SKU-3542,186.52,2.88,29.84,New,Crypto
ORD-21338,CUST-8536,SESS-26338,CART-23338,2025-12-14,276.73,87.29,0.21,Home,1,Cancelled,Social Media,East,P-540,SKU-4206,276.73,1.91,22.14,Returning,Debit Card
ORD-21339,CUST-8536,SESS-26339,CART-23339,2024-03-16,49.10,28.89,25.19,Home,5,Shipped,Affiliate,International,P-982,SKU-247,9.82,0.46,3.93,VIP,Crypto
ORD-21340,CUST-8537,SESS-26340,CART-23340,2024-06-25,450.48,260.22,10.73,Home,1,Returned,Web,International,P-527,SKU-2598,450.48,7.34,36.04,VIP,PayPal
ORD-21341,CUST-8537,SESS-26341,CART-23341,2023-06-25,312.12,163.26,9.21,Beauty,2,Pending,Mobile App,North,P-375,SKU-1724,156.06,12.74,24.97,VIP,Credit Card
ORD-21342,CUST-8537,SESS-26342,CART-23342,2024-05-31,411.57,173.37,25.20,Beauty,1,Pending,Social Media,International,P-334,SKU-3969,411.57,9.04,32.93,Returning,PayPal
ORD-21343,CUST-8538,SESS-26343,CART-23343,2023-04-05,32.32,18.30,14.63,Sports,2,Cancelled,Mobile App,South,P-753,SKU-173,16.16,4.42,2.59,VIP,Crypto
ORD-21344,CUST-8538,SESS-26344,CART-23344,2025-10-22,104.51,61.51,34.00,Beauty,4,Shipped,Web,East,P-993,SKU-1774,26.13,2.79,8.36,New,Crypto
ORD-21345,CUST-8539,SESS-26345,CART-23345,2024-09-27,202.40,77.42,42.63,Beauty,3,Returned,Web,North,P-864,SKU-3969,67.47,14.06,16.19,VIP,Credit Card
ORD-21346,CUST-8539,SESS-26346,CART-23346,2024-03-01,151.23,79.14,34.44,Fashion,4,Shipped,Web,North,P-765,SKU-939,37.81,14.41,12.10,New,Credit Card
ORD-21347,CUST-8539,SESS-26347,CART-23347,2023-09-20,315.33,124.56,8.27,Fashion,1,Shipped,Social Media,North,P-240,SKU-3641,315.33,1.52,25.23,VIP,Debit Card
ORD-21348,CUST-8540,SESS-26348,CART-23348,2023-05-19,57.61,25.57,32.05,Electronics,4,Pending,Mobile App,West,P-831,SKU-1145,14.40,4.98,4.61,VIP,Credit Card
ORD-21349,CUST-8540,SESS-26349,CART-23349,2025-07-15,482.17,260.99,45.44,Electronics,4,Cancelled,Web,South,P-34,SKU-4885,120.54,0.35,38.57,VIP,Debit Card
ORD-21350,CUST-8541,SESS-26350,CART-23350,1691147412098,137.83,75.75,8.10,Fashion,3,Pending,Mobile App,International,P-838,SKU-3865,45.94,2.47,11.03,VIP,PayPal
ORD-21351,CUST-8541,SESS-26351,CART-23351,2023-10-21,176.74,91.51,15.28,,2,Shipped,Mobile App,International,P-272,SKU-3861,88.37,12.80,14.14,Returning,Debit Card
ORD-21352,CUST-8541,SESS-26352,CART-23352,2024-02-14,265.08,140.01,22.18,Sports,4,Pending,Social Media,West,P-243,SKU-1481,66.27,19.64,21.21,Returning,Credit Card
ORD-21353,CUST-8542,SESS-26353,CART-23353,2024-12-30,454.94,220.47,34.34,Sports,4,Cancelled,Mobile App,North,P-189,SKU-1914,113.74,6.23,36.40,New,Crypto
ORD-21354,CUST-8542,SESS-26354,CART-23354,2025-12-13,227.70,114.60,3.68,Home,NULL,Completed,Affiliate,West,P-910,SKU-2409,227.70,18.38,18.22,New,Crypto
ORD-21355,CUST-8543,SESS-26355,CART-23355,1727916609803,,254.50,46.79,Home,2,Completed,Affiliate,International,P-254,SKU-1820,226.44,13.45,36.23,Returning,Credit Card
ORD-21356,CUST-8543,SESS-26356,CART-23356,2023-10-12,483.13,282.17,39.04,Fashion,4,Pending,Affiliate,International,P-481,SKU-2936,120.78,1.83,38.65,New,Credit Card
ORD-21357,CUST-8543,SESS-26357,CART-23357,2025-12-08,212.19,115.83,24.63,Sports,2,Pending,Affiliate,International,P-957,SKU-3576,106.09,2.88,16.98,VIP,Credit Card
ORD-21358,CUST-8544,SESS-26358,CART-23358,9/10/2023,494.99,244.49,33.78,Fashion,,Shipped,Social Media,East,P-455,SKU-944,494.99,8.01,39.60,VIP,Debit Card
ORD-21359,CUST-8544,SESS-26359,CART-23359,2024-05-10,224.29,122.56,28.43,Sports,2,Shipped,Web,North,P-888,SKU-915,112.14,9.23,17.94,New,Crypto
ORD-21360,CUST-8545,SESS-26360,CART-23360,2025-02-26,218.08,71.85,39.92,Sports,2,Shipped,Mobile App,West,P-912,SKU-4436,109.04,5.94,17.45,VIP,Debit Card
ORD-21361,CUST-8545,SESS-26361,CART-23361,2023-12-25,146.05,82.92,49.20,Sports,3,Shipped,Mobile App,South,P-253,SKU-2914,48.68,14.03,11.68,New,Debit Card
ORD-21362,CUST-8545,SESS-26362,CART-23362,2023-11-22,469.43,224.72,11.08,Home,3,Completed,Mobile App,International,P-821,SKU-572,156.48,11.02,37.55,Returning,Credit Card
ORD-21363,CUST-8546,SESS-26363,CART-23363,2025-05-26,312.37,142.57,10.67,Electronics,3,Shipped,Affiliate,West,P-73,SKU-4170,104.12,12.28,24.99,VIP,Debit Card
ORD-21364,CUST-8546,SESS-26364,CART-23364,2025-03-07,345.00,109.48,40.42,Beauty,2,Returned,Mobile App,East,P-171,SKU-1558,172.50,1.22,27.60,Returning,Credit Card
ORD-21365,CUST-8547,SESS-26365,CART-23365,5/25/2023,365.81,216.62,47.51,Home,5,Pending,Web,North,P-469,SKU-2553,73.16,11.90,29.26,Returning,Debit Card
ORD-21366,CUST-8547,SESS-26366,CART-23366,2024-12-04,314.26,140.82,13.53,Sports,1,Cancelled,Social Media,North,P-77,SKU-1329,314.26,14.33,25.14,Returning,Credit Card
ORD-21367,CUST-8547,SESS-26367,CART-23367,2024-03-02,22.77,13.49,42.05,,4,Completed,Mobile App,West,P-63,SKU-3808,5.69,5.62,1.82,Returning,Crypto
ORD-21368,CUST-8548,SESS-26368,CART-23368,2024-01-06,422.27,149.20,0.78,Electronics,5,Completed,Mobile App,International,P-921,SKU-360,84.45,7.17,33.78,VIP,Credit Card
ORD-21369,CUST-8548,SESS-26369,CART-23369,9/14/2024,,231.25,17.82,Electronics,1,Completed,Web,International,P-775,SKU-3705,428.65,8.89,34.29,Returning,Crypto
ORD-21370,CUST-8549,SESS-26370,CART-23370,2025-09-15,123.94,47.30,27.29,Electronics,4,Pending,Social Media,West,P-26,SKU-145,30.98,15.72,9.91,Returning,Debit Card
ORD-21371,CUST-8549,SESS-26371,CART-23371,1700155550023,310.88,119.20,23.57,Fashion,2,Cancelled,Affiliate,West,P-151,SKU-1303,155.44,12.66,24.87,New,Crypto
ORD-21372,CUST-8549,SESS-26372,CART-23372,2024-04-22,234.43,132.09,33.64,Home,1,Cancelled,Web,North,P-621,SKU-1308,234.43,11.66,18.75,VIP,PayPal
ORD-21373,CUST-8550,SESS-26373,CART-23373,2025-08-23,187.21,65.81,28.64,Fashion,4,Pending,Mobile App,East,P-269,SKU-3258,46.80,9.92,14.98,Returning,Debit Card
ORD-21374,CUST-8550,SESS-26374,CART-23374,2025-01-08,435.44,168.83,32.98,Beauty,3,Pending,Web,South,P-123,SKU-3855,145.15,4.29,34.83,VIP,Credit Card
ORD-21375,CUST-8551,SESS-26375,CART-23375,1707796304815,83.76,48.76,9.59,Beauty,1,Cancelled,Affiliate,West,P-87,SKU-2619,83.76,1.79,6.70,Returning,Crypto
ORD-21376,CUST-8551,SESS-26376,CART-23376,2024-10-23,173.89,74.65,2.97,Fashion,2,Returned,Web,North,P-475,SKU-3018,86.94,9.60,13.91,VIP,Credit Card
ORD-21377,CUST-8551,SESS-26377,CART-23377,2024-01-24,252.52,141.65,1.44,Beauty,2,Pending,Web,East,P-535,SKU-1755,126.26,11.94,20.20,New,Debit Card
ORD-21378,CUST-8552,SESS-26378,CART-23378,2023-08-14,238.10,114.53,29.37,Home,3,Returned,Social Media,West,P-637,SKU-3513,79.37,5.72,19.05,VIP,PayPal
ORD-21379,CUST-8552,SESS-26379,CART-23379,2023-02-12,390.67,126.72,19.58,  fashion  ,4,Cancelled,Web,North,P-220,SKU-4079,97.67,9.06,31.25,VIP,Credit Card
ORD-21380,CUST-8553,SESS-26380,CART-23380,2024-09-02,298.96,152.95,36.99,Home,5,Shipped,Mobile App,East,P-562,SKU-1336,59.79,15.80,23.92,VIP,PayPal
ORD-21381,CUST-8553,SESS-26381,CART-23381,2023-06-23,373.48,207.57,38.70,Electronics,3,Returned,Social Media,East,P-900,SKU-1945,124.49,19.24,29.88,New,PayPal
ORD-21382,CUST-8553,SESS-26382,CART-23382,2025-02-28,39.57,16.73,21.57,Electronics,2,Cancelled,Mobile App,North,P-611,SKU-2555,19.79,2.00,3.17,New,Crypto
ORD-21383,CUST-8554,SESS-26383,CART-23383,2023-05-11,475.10,194.12,20.52,Sports,1,Cancelled,Social Media,North,P-290,SKU-533,475.10,12.47,38.01,New,Debit Card
ORD-21384,CUST-8554,SESS-26384,CART-23384,2025-10-15,330.27,137.81,36.45,Electronics,4,Returned,Affiliate,International,P-918,SKU-911,82.57,18.21,26.42,New,Debit Card
ORD-21385,CUST-8555,SESS-26385,CART-23385,2023-04-19,78.06,41.38,48.98,Electronics,1,Completed,Social Media,West,P-237,SKU-1933,78.06,0.38,6.24,VIP,Debit Card
ORD-21386,CUST-8555,SESS-26386,CART-23386,2024-05-01,23.48,10.41,40.31,Fashion,1,Cancelled,Mobile App,International,P-450,SKU-3260,23.48,6.13,1.88,Returning,PayPal
ORD-21387,CUST-8555,SESS-26387,CART-23387,2025-10-09,399.86,210.38,38.96,Electronics,3,Cancelled,Web,East,P-326,SKU-374,133.29,3.93,31.99,New,Crypto
ORD-21388,CUST-8556,SESS-26388,CART-23388,2025-01-14,68.47,36.21,29.91,Fashion,1,Cancelled,Affiliate,North,P-533,SKU-630,68.47,15.54,5.48,Returning,Debit Card
ORD-21389,CUST-8556,SESS-26389,CART-23389,2025-08-07,400.57,139.47,34.88,Home,4,Pending,Affiliate,East,P-248,SKU-793,100.14,14.51,32.05,Returning,Crypto
ORD-21390,CUST-8557,SESS-26390,CART-23390,2023-06-23,415.71,141.84,6.10,Fashion,1,Cancelled,Affiliate,North,P-497,SKU-1195,415.71,18.18,33.26,Returning,Crypto
ORD-21391,CUST-8557,SESS-26391,CART-23391,2024-03-11,43.52,18.97,44.68,Beauty,1,Completed,Mobile App,West,P-447,SKU-3097,43.52,0.52,3.48,Returning,PayPal
ORD-21392,CUST-8557,SESS-26392,CART-23392,2024-05-09,208.50,77.98,0.07,Beauty,2,Cancelled,Web,North,P-994,SKU-876,104.25,10.66,16.68,New,Credit Card
ORD-21393,CUST-8558,SESS-26393,CART-23393,2025-02-13,285.22,156.26,32.12,Home,4,Returned,Affiliate,West,P-813,SKU-2563,71.31,9.15,22.82,Returning,Debit Card
ORD-21394,CUST-8558,SESS-26394,CART-23394,10/30/2025,294.73,153.26,33.01,Electronics,2,Returned,Web,East,P-273,SKU-3533,147.36,5.46,23.58,New,Credit Card
ORD-21395,CUST-8559,SESS-26395,CART-23395,1742069399424,419.74,213.31,49.43,Home,5,Returned,Mobile App,South,P-664,SKU-861,83.95,6.48,33.58,New,PayPal
ORD-21396,CUST-8559,SESS-26396,CART-23396,2024-04-24,421.90,156.36,29.30,Home,5,Completed,Web,International,P-298,SKU-2695,84.38,18.22,33.75,New,PayPal
ORD-21397,CUST-8559,SESS-26397,CART-23397,2026-02-06,51.90,21.60,35.93,Sports,1,Shipped,Affiliate,South,P-492,SKU-3561,51.90,5.38,4.15,Returning,Credit Card
ORD-21398,CUST-8560,SESS-26398,CART-23398,9/20/2023,429.02,202.85,4.69,Electronics,1,Returned,Web,West,P-356,SKU-3559,429.02,19.79,34.32,Returning,Debit Card
ORD-21399,CUST-8560,SESS-26399,CART-23399,2024-05-23,NULL,58.72,35.09,Home,4,Shipped,Social Media,West,P-861,SKU-1424,33.20,2.05,10.62,New,PayPal
ORD-21400,CUST-8561,SESS-26400,CART-23400,2025-05-03,309.32,125.98,29.62,Home,1,Pending,Affiliate,International,P-497,SKU-3549,309.32,11.26,24.75,VIP,Debit Card
ORD-21401,CUST-8561,SESS-26401,CART-23401,2025-03-23,337.95,198.32,38.53,Beauty,3,Cancelled,Mobile App,West,P-37,SKU-3850,112.65,1.62,27.04,New,Debit Card
ORD-21402,CUST-8561,SESS-26402,CART-23402,2024-03-09,52.70,22.89,7.95,Sports,2,Shipped,Social Media,International,P-163,SKU-1378,26.35,6.31,4.22,VIP,Debit Card
ORD-21403,CUST-8562,SESS-26403,CART-23403,2023-01-08,466.98,263.18,9.91,Fashion,1,Shipped,Social Media,East,P-693,SKU-1183,466.98,19.24,37.36,Returning,Credit Card
ORD-21404,CUST-8562,SESS-26404,CART-23404,2024-03-18,180.52,59.31,4.33,Beauty,2,Shipped,Mobile App,East,P-229,SKU-1069,90.26,8.06,14.44,Returning,Crypto
ORD-21405,CUST-8563,SESS-26405,CART-23405,2024-12-25,  110.58  ,42.13,10.60,Sports,1,Completed,Web,International,P-701,SKU-4936,110.58,11.07,8.85,VIP,Debit Card
ORD-21406,CUST-8563,SESS-26406,CART-23406,2023-04-02,500.03,252.26,5.59,Sports,4,Pending,Social Media,East,P-162,SKU-2547,125.01,10.42,40.00,VIP,Debit Card
ORD-21407,CUST-8563,SESS-26407,CART-23407,2023-01-10,490.34,196.61,33.83,Sports,2,Returned,Web,North,P-829,SKU-3245,245.17,4.00,39.23,New,Credit Card
ORD-21408,CUST-8564,SESS-26408,CART-23408,2023-03-04,270.80,121.20,38.36,Fashion,4,Cancelled,Mobile App,East,P-823,SKU-4480,67.70,10.04,21.66,New,Credit Card
ORD-21409,CUST-8564,SESS-26409,CART-23409,2024-04-24,319.15,147.23,22.98,Fashion,5,Completed,Affiliate,West,P-337,SKU-2043,63.83,13.63,25.53,New,PayPal
ORD-21410,CUST-8565,SESS-26410,CART-23410,2024-07-09,283.22,166.63,31.26,Beauty,4,Cancelled,Affiliate,West,P-931,SKU-4201,70.80,4.47,22.66,New,Debit Card
ORD-21411,CUST-8565,SESS-26411,CART-23411,2024-07-15,96.64,31.13,42.35,Sports,1,Pending,Web,International,P-761,SKU-4454,96.64,19.38,7.73,New,Debit Card
ORD-21412,CUST-8565,SESS-26412,CART-23412,2025-02-15,270.96,93.14,28.21,Electronics,2,Shipped,Mobile App,International,P-421,SKU-4404,135.48,5.43,21.68,Returning,PayPal
ORD-21413,CUST-8566,SESS-26413,CART-23413,2023-05-19,395.04,211.32,31.47,Beauty,5,Shipped,Web,West,P-304,SKU-68,79.01,9.33,31.60,Returning,Credit Card
ORD-21414,CUST-8566,SESS-26414,CART-23414,2023-03-15,217.10,88.80,43.62,Electronics,2,Shipped,Mobile App,East,P-594,SKU-3305,108.55,10.87,17.37,Returning,Credit Card
ORD-21415,CUST-8567,SESS-26415,CART-23415,2025-10-30,479.06,154.51,15.33,Home,4,Pending,Web,International,P-33,SKU-4632,119.77,2.52,38.33,New,Credit Card
ORD-21416,CUST-8567,SESS-26416,CART-23416,2023-02-07,28.24,10.38,12.63,Fashion,3,Cancelled,Affiliate,North,P-798,SKU-4691,9.41,18.09,2.26,New,Crypto
ORD-21417,CUST-8567,SESS-26417,CART-23417,2024-12-24,  217.94  ,123.42,24.76,Beauty,2,Completed,Affiliate,East,P-178,SKU-3702,108.97,13.57,17.44,New,Crypto
ORD-21418,CUST-8568,SESS-26418,CART-23418,2025-09-23,279.03,161.36,17.76,Electronics,3,Completed,Mobile App,South,P-378,SKU-2297,93.01,6.69,22.32,New,Debit Card
ORD-21419,CUST-8568,SESS-26419,CART-23419,2025-11-17,144.92,59.43,12.47,Home,4,Pending,Web,South,P-487,SKU-3202,36.23,2.60,11.59,Returning,Credit Card
ORD-21420,CUST-8569,SESS-26420,CART-23420,2023-12-15,216.61,99.25,3.86,Fashion,2,Completed,Web,International,P-89,SKU-4325,108.31,16.97,17.33,New,Credit Card
ORD-21421,CUST-8569,SESS-26421,CART-23421,2025-03-20,155.35,60.65,38.19,Electronics,4,Shipped,Web,South,P-555,SKU-2462,38.84,9.44,12.43,New,Credit Card
ORD-21422,CUST-8569,SESS-26422,CART-23422,2024-04-12,173.05,77.37,49.21,Fashion,4,Completed,Social Media,West,P-374,SKU-4649,43.26,7.08,13.84,VIP,Debit Card
ORD-21423,CUST-8570,SESS-26423,CART-23423,9/30/2025,179.29,100.93,9.51,Beauty,3,Pending,Mobile App,West,P-442,SKU-236,59.76,3.82,14.34,VIP,Crypto
ORD-21424,CUST-8570,SESS-26424,CART-23424,2025-05-07,484.90,182.27,15.28,Fashion,5,Returned,Social Media,South,P-396,SKU-1430,96.98,11.30,38.79,VIP,Crypto
ORD-21425,CUST-8571,SESS-26425,CART-23425,2024-05-10,402.97,134.76,45.86,Fashion,2,Returned,Affiliate,East,P-912,SKU-1363,201.48,15.13,32.24,New,PayPal
ORD-21426,CUST-8571,SESS-26426,CART-23426,2024-02-01,117.05,51.90,20.19,Fashion,3,Completed,Mobile App,North,P-483,SKU-2898,39.02,0.05,9.36,New,Debit Card
ORD-21427,CUST-8571,SESS-26427,CART-23427,2023-06-08,246.93,138.22,33.54,Home,3,Completed,Social Media,East,P-708,SKU-2564,82.31,7.66,19.75,Returning,PayPal
ORD-21428,CUST-8572,SESS-26428,CART-23428,2025-03-14,503.49,250.93,34.35,Sports,5,Shipped,Social Media,South,P-185,SKU-2488,100.70,8.67,40.28,VIP,Credit Card
ORD-21429,CUST-8572,SESS-26429,CART-23429,2023-08-25,,97.58,12.54,Home,3,Shipped,Web,South,P-365,SKU-1756,98.56,5.83,23.65,New,PayPal
ORD-21430,CUST-8573,SESS-26430,CART-23430,2023-10-19,509.79,178.43,16.59,Beauty,1,Pending,Mobile App,East,P-795,SKU-546,509.79,17.36,40.78,VIP,Debit Card
ORD-21431,CUST-8573,SESS-26431,CART-23431,2025-06-08,300.31,128.64,36.71,Sports,4,Pending,Mobile App,North,P-537,SKU-4713,75.08,13.59,24.02,VIP,Crypto
ORD-21432,CUST-8573,SESS-26432,CART-23432,2026-03-03,261.69,151.43,4.90,Electronics,3,Cancelled,Mobile App,North,P-381,SKU-3330,87.23,16.01,20.94,VIP,Credit Card
ORD-21433,CUST-8574,SESS-26433,CART-23433,2025-02-16,112.16,53.52,37.96,Fashion,4,Cancelled,Web,West,P-885,SKU-4296,28.04,16.66,8.97,VIP,PayPal
ORD-21434,CUST-8574,SESS-26434,CART-23434,2026-03-05,153.38,81.49,49.22,Electronics,4,Shipped,Affiliate,East,P-985,SKU-4687,38.34,16.90,12.27,New,PayPal
ORD-21435,CUST-8575,SESS-26435,CART-23435,2025-12-02,186.05,70.16,11.50,Sports,2,Shipped,Affiliate,East,P-7,SKU-3986,93.02,7.92,14.88,Returning,Crypto
ORD-21436,CUST-8575,SESS-26436,CART-23436,2025-04-04,47.46,20.04,9.44,Electronics,2,Pending,Web,South,P-6,SKU-1213,23.73,4.72,3.80,New,PayPal
ORD-21437,CUST-8575,SESS-26437,CART-23437,1716455894734,315.28,162.99,36.33,Beauty,1,Returned,Social Media,West,P-78,SKU-3306,315.28,5.83,25.22,Returning,PayPal
ORD-21438,CUST-8576,SESS-26438,CART-23438,2024-05-05,161.12,91.94,38.53,Beauty,,Cancelled,Web,East,P-34,SKU-3919,53.71,16.75,12.89,VIP,Debit Card
ORD-21439,CUST-8576,SESS-26439,CART-23439,2023-09-16,426.16,206.55,34.44,Home,3,Pending,Web,East,P-478,SKU-2071,142.05,1.15,34.09,New,Credit Card
ORD-21440,CUST-8577,SESS-26440,CART-23440,2024-03-18,335.04,104.78,33.72,Sports,4,Returned,Web,East,P-580,SKU-3051,83.76,0.99,26.80,VIP,Debit Card
ORD-21441,CUST-8577,SESS-26441,CART-23441,2023-10-21,364.99,174.95,44.29,Home,5,Cancelled,Affiliate,East,P-177,SKU-2055,73.00,19.78,29.20,VIP,Debit Card
ORD-21442,CUST-8577,SESS-26442,CART-23442,2023-06-18,508.45,157.48,32.62,Beauty,4,Returned,Web,West,P-802,SKU-1544,127.11,15.56,40.68,Returning,Crypto
ORD-21443,CUST-8578,SESS-26443,CART-23443,2023-01-20,248.11,107.83,9.89,Home,3,Cancelled,Mobile App,East,P-636,SKU-4905,82.70,19.12,19.85,Returning,Credit Card
ORD-21444,CUST-8578,SESS-26444,CART-23444,1729099480657,305.30,127.69,29.01,Sports,5,Shipped,Mobile App,South,P-886,SKU-3097,61.06,12.33,24.42,Returning,PayPal
ORD-21445,CUST-8579,SESS-26445,CART-23445,2026-01-28,274.89,109.44,36.37,Fashion,4,Cancelled,Web,South,P-652,SKU-2485,68.72,2.64,21.99,New,Debit Card
ORD-21446,CUST-8579,SESS-26446,CART-23446,2023-03-21,185.79,86.57,38.63,Electronics,3,Cancelled,Mobile App,International,P-304,SKU-666,61.93,17.64,14.86,New,PayPal
ORD-21447,CUST-8579,SESS-26447,CART-23447,2023-05-07,63.48,25.38,37.45,Sports,2,Returned,Affiliate,West,P-39,SKU-3115,31.74,6.66,5.08,Returning,Crypto
ORD-21448,CUST-8580,SESS-26448,CART-23448,2024-07-27,151.84,77.88,23.51,Electronics,4,Shipped,Affiliate,West,P-259,SKU-4851,37.96,0.78,12.15,Returning,Credit Card
ORD-21449,CUST-8580,SESS-26449,CART-23449,2023-01-30,472.11,255.48,21.52,Sports,2,Cancelled,Affiliate,South,P-252,SKU-3352,236.06,15.46,37.77,New,Crypto
ORD-21450,CUST-8581,SESS-26450,CART-23450,2026-01-08,251.42,78.91,12.86,Home,1,Completed,Mobile App,East,P-319,SKU-1805,251.42,10.97,20.11,VIP,Debit Card
ORD-21451,CUST-8581,SESS-26451,CART-23451,2025-05-12,287.20,124.73,2.76,Electronics,2,Shipped,Web,North,P-386,SKU-1093,143.60,12.63,22.98,Returning,Credit Card
ORD-21452,CUST-8581,SESS-26452,CART-23452,2025-05-31,498.74,261.35,38.16,Electronics,3,Cancelled,Web,International,P-174,SKU-1663,166.25,13.43,39.90,New,Crypto
ORD-21453,CUST-8582,SESS-26453,CART-23453,2026-02-07,293.46,106.24,44.58,Electronics,3,Cancelled,Social Media,North,P-966,SKU-3265,97.82,4.86,23.48,New,Crypto
ORD-21454,CUST-8582,SESS-26454,CART-23454,2024-05-30,81.10,24.62,14.01,Home,5,Completed,Social Media,West,P-999,SKU-1938,16.22,1.36,6.49,New,Crypto
ORD-21455,CUST-8583,SESS-26455,CART-23455,3/21/2023,11.83,6.19,22.05,Home,1,Pending,Mobile App,East,P-77,SKU-3833,11.83,16.79,0.95,New,Credit Card
ORD-21456,CUST-8583,SESS-26456,CART-23456,2023-03-09,348.71,146.82,10.23,Sports,1,Returned,Web,West,P-940,SKU-2479,348.71,12.14,27.90,Returning,Debit Card
ORD-21457,CUST-8583,SESS-26457,CART-23457,1680243362809,85.44,28.94,11.60,Sports,4,Returned,Affiliate,South,P-126,SKU-2539,21.36,5.20,6.83,Returning,Debit Card
ORD-21458,CUST-8584,SESS-26458,CART-23458,2023-11-02,96.90,38.08,17.95,Fashion,3,Completed,Affiliate,North,P-549,SKU-957,32.30,14.22,7.75,New,Credit Card
ORD-21459,CUST-8584,SESS-26459,CART-23459,2023-11-16,319.97,109.97,19.35,Home,2,Cancelled,Web,International,P-790,SKU-4960,159.99,18.78,25.60,VIP,Debit Card
ORD-21460,CUST-8585,SESS-26460,CART-23460,2023-12-31,55.77,28.59,14.06,Electronics,4,Returned,Web,East,P-102,SKU-2812,13.94,13.33,4.46,New,Crypto
ORD-21461,CUST-8585,SESS-26461,CART-23461,2025-10-26,90.63,37.70,34.71,Sports,5,Shipped,Web,East,P-472,SKU-372,18.13,2.87,7.25,Returning,Credit Card
ORD-21462,CUST-8585,SESS-26462,CART-23462,2024-02-10,404.01,156.10,18.70,Beauty,4,Cancelled,Mobile App,International,P-699,SKU-436,101.00,5.94,32.32,VIP,Crypto
ORD-21463,CUST-8586,SESS-26463,CART-23463,2023-10-08,179.25,56.95,22.40,Electronics,5,Shipped,Social Media,North,P-496,SKU-4984,35.85,9.29,14.34,New,Credit Card
ORD-21464,CUST-8586,SESS-26464,CART-23464,2023-03-12,260.88,140.05,9.01,Beauty,3,Pending,Social Media,International,P-764,SKU-1560,86.96,12.78,20.87,New,Debit Card
ORD-21465,CUST-8587,SESS-26465,CART-23465,2024-07-19,109.72,35.35,15.70,Sports,2,Completed,Affiliate,North,P-398,SKU-4358,54.86,16.69,8.78,VIP,Debit Card
ORD-21466,CUST-8587,SESS-26466,CART-23466,2026-03-11,393.12,143.11,6.92,  sports  ,4,Shipped,Web,North,P-773,SKU-982,98.28,13.11,31.45,VIP,PayPal
ORD-21467,CUST-8587,SESS-26467,CART-23467,2023-01-10,,164.46,49.06,Sports,4,Pending,Web,International,P-261,SKU-3889,119.28,15.52,38.17,New,Crypto
ORD-21468,CUST-8588,SESS-26468,CART-23468,2023-06-17,397.31,153.58,1.01,Fashion,2,Shipped,Social Media,South,P-941,SKU-3721,198.66,4.75,31.79,VIP,PayPal
ORD-21469,CUST-8588,SESS-26469,CART-23469,2025-06-02,277.36,138.04,47.55,Sports,1,Pending,Affiliate,North,P-96,SKU-253,277.36,13.78,22.19,Returning,PayPal
ORD-21470,CUST-8589,SESS-26470,CART-23470,2024-08-29,97.48,41.73,49.35,Fashion,5,Completed,Web,West,P-778,SKU-605,19.50,8.93,7.80,VIP,Credit Card
ORD-21471,CUST-8589,SESS-26471,CART-23471,2024-04-27,NULL,188.91,33.72,Beauty,3,Shipped,Mobile App,East,P-508,SKU-4028,145.11,8.07,34.83,VIP,Crypto
ORD-21472,CUST-8589,SESS-26472,CART-23472,2023-11-24,406.31,167.57,7.77,Fashion,1,Pending,Social Media,East,P-122,SKU-2769,406.31,15.54,32.50,VIP,Credit Card
ORD-21473,CUST-8590,SESS-26473,CART-23473,2024-05-14,270.55,141.20,17.04,Home,2,Completed,Social Media,North,P-951,SKU-2724,135.27,7.13,21.64,New,Debit Card
ORD-21474,CUST-8590,SESS-26474,CART-23474,2024-07-13,431.67,240.09,39.73,Beauty,,Pending,Social Media,East,P-929,SKU-2172,86.33,0.77,34.53,New,Debit Card
ORD-21475,CUST-8591,SESS-26475,CART-23475,2023-01-15,346.80,169.25,49.36,Fashion,1,Completed,Mobile App,West,P-160,SKU-228,346.80,8.69,27.74,New,PayPal
ORD-21476,CUST-8591,SESS-26476,CART-23476,2025-07-17,127.06,60.71,41.31,Sports,5,Cancelled,Affiliate,North,P-308,SKU-3714,25.41,19.00,10.16,VIP,Crypto
ORD-21477,CUST-8591,SESS-26477,CART-23477,1714123713038,259.93,124.59,8.25,Beauty,1,Cancelled,Mobile App,International,P-120,SKU-2578,259.93,16.57,20.79,New,Debit Card
ORD-21478,CUST-8592,SESS-26478,CART-23478,2023-10-15,100.46,39.89,14.27,Home,4,Returned,Affiliate,South,P-701,SKU-2595,25.11,18.59,8.04,New,PayPal
ORD-21479,CUST-8592,SESS-26479,CART-23479,2025-04-16,139.27,69.37,16.31,,2,Cancelled,Mobile App,West,P-835,SKU-3224,69.63,14.67,11.14,Returning,Crypto
ORD-21480,CUST-8593,SESS-26480,CART-23480,2023-04-03,45.79,20.13,0.25,Electronics,3,Completed,Mobile App,East,P-932,SKU-4542,15.26,6.86,3.66,New,Credit Card
ORD-21481,CUST-8593,SESS-26481,CART-23481,2025-07-08,361.15,159.81,1.63,Home,1,Completed,Web,International,P-215,SKU-72,361.15,17.67,28.89,New,Debit Card
ORD-21482,CUST-8593,SESS-26482,CART-23482,2023-05-13,79.58,34.54,12.50,Home,2,Cancelled,Social Media,International,P-357,SKU-1704,39.79,10.53,6.37,New,Crypto
ORD-21483,CUST-8594,SESS-26483,CART-23483,1748290110174,  402.31  ,224.91,45.80,Beauty,1,Completed,Affiliate,International,P-581,SKU-3999,402.31,13.93,32.18,Returning,Crypto
ORD-21484,CUST-8594,SESS-26484,CART-23484,2024-11-23,58.04,34.20,12.86,Home,1,Shipped,Mobile App,West,P-410,SKU-3416,58.04,0.46,4.64,New,PayPal
ORD-21485,CUST-8595,SESS-26485,CART-23485,2023-10-15,261.37,100.03,17.88,Home,1,Shipped,Mobile App,South,P-753,SKU-1329,261.37,3.83,20.91,New,Crypto
ORD-21486,CUST-8595,SESS-26486,CART-23486,8/20/2025,251.20,104.55,35.33,Electronics,3,Cancelled,Affiliate,East,P-96,SKU-4712,83.73,19.35,20.10,Returning,PayPal
ORD-21487,CUST-8595,SESS-26487,CART-23487,2025-03-26,224.20,112.14,15.08,  home  ,5,Completed,Affiliate,East,P-754,SKU-547,44.84,14.88,17.94,Returning,Crypto
ORD-21488,CUST-8596,SESS-26488,CART-23488,1758493667359,298.69,139.70,34.68,Fashion,5,Shipped,Mobile App,International,P-788,SKU-2712,59.74,5.92,23.90,VIP,Credit Card
ORD-21489,CUST-8596,SESS-26489,CART-23489,2025-09-05,81.85,27.18,25.71,  beauty  ,1,Cancelled,Social Media,West,P-116,SKU-595,81.85,11.26,6.55,VIP,Credit Card
ORD-21490,CUST-8597,SESS-26490,CART-23490,2025-05-28,101.66,41.04,38.92,Electronics,3,Returned,Social Media,West,P-626,SKU-67,33.89,12.32,8.13,New,Debit Card
ORD-21491,CUST-8597,SESS-26491,CART-23491,2025-06-30,67.89,39.94,17.17,Sports,1,Returned,Mobile App,South,P-785,SKU-4795,67.89,4.36,5.43,New,Debit Card
ORD-21492,CUST-8597,SESS-26492,CART-23492,2025-07-25,454.45,168.60,13.09,Sports,4,Cancelled,Web,International,P-529,SKU-425,113.61,1.91,36.36,VIP,Debit Card
ORD-21493,CUST-8598,SESS-26493,CART-23493,2025-12-18,465.39,144.80,36.91,Fashion,5,Completed,Web,North,P-500,SKU-2849,93.08,2.45,37.23,Returning,PayPal
ORD-21494,CUST-8598,SESS-26494,CART-23494,2023-06-24,301.66,107.30,12.33,Electronics,3,Pending,Mobile App,South,P-70,SKU-3824,100.55,6.93,24.13,VIP,Credit Card
ORD-21495,CUST-8599,SESS-26495,CART-23495,2024-12-21,35.98,15.15,9.15,Home,5,Pending,Affiliate,South,P-651,SKU-1379,7.20,19.45,2.88,VIP,Debit Card
ORD-21496,CUST-8599,SESS-26496,CART-23496,2024-07-07,147.03,75.85,31.10,Home,1,Shipped,Social Media,West,P-609,SKU-3671,147.03,19.01,11.76,Returning,PayPal
ORD-21497,CUST-8599,SESS-26497,CART-23497,2026-02-24,501.12,228.00,33.44,Electronics,2,Shipped,Mobile App,International,P-103,SKU-1746,250.56,2.32,40.09,New,PayPal
ORD-21498,CUST-8600,SESS-26498,CART-23498,2023-10-28,478.14,205.78,13.80,,5,Pending,Social Media,West,P-507,SKU-87,95.63,13.96,38.25,New,Credit Card
ORD-21499,CUST-8600,SESS-26499,CART-23499,2025-07-31,396.05,210.01,37.00,Electronics,4,Cancelled,Mobile App,North,P-847,SKU-3814,99.01,3.59,31.68,VIP,Crypto
ORD-21500,CUST-8601,SESS-26500,CART-23500,2025-07-22,341.65,146.93,20.84,Home,3,Returned,Web,South,P-400,SKU-2035,113.88,12.43,27.33,Returning,Credit Card
ORD-21501,CUST-8601,SESS-26501,CART-23501,2025-12-07,192.19,97.54,15.88,Home,2,Pending,Web,North,P-15,SKU-4142,96.09,5.91,15.37,Returning,Crypto
ORD-21502,CUST-8601,SESS-26502,CART-23502,2025-08-08,423.76,223.74,35.78,Beauty,4,Returned,Web,International,P-896,SKU-24,105.94,8.00,33.90,Returning,Credit Card
ORD-21503,CUST-8602,SESS-26503,CART-23503,2025-06-09,374.86,158.17,42.78,Electronics,5,Completed,Social Media,East,P-247,SKU-1970,74.97,13.60,29.99,VIP,Credit Card
ORD-21504,CUST-8602,SESS-26504,CART-23504,2024-07-27,122.48,61.87,35.50,  fashion  ,2,Completed,Affiliate,East,P-750,SKU-1788,61.24,8.60,9.80,VIP,PayPal
ORD-21505,CUST-8603,SESS-26505,CART-23505,2023-12-12,199.34,69.16,48.37,Beauty,4,Shipped,Affiliate,International,P-164,SKU-3139,49.84,15.15,15.95,Returning,Crypto
ORD-21506,CUST-8603,SESS-26506,CART-23506,2023-06-25,427.54,165.21,15.08,Sports,2,Pending,Affiliate,South,P-865,SKU-1607,213.77,5.18,34.20,New,Debit Card
ORD-21507,CUST-8603,SESS-26507,CART-23507,2025-10-19,186.34,89.66,45.16,Beauty,4,Shipped,Social Media,South,P-23,SKU-4037,46.58,18.43,14.91,VIP,PayPal
ORD-21508,CUST-8604,SESS-26508,CART-23508,2024-10-09,426.64,145.79,38.90,Sports,3,Returned,Web,West,P-275,SKU-3854,142.21,14.93,34.13,Returning,Crypto
ORD-21509,CUST-8604,SESS-26509,CART-23509,2025-11-13,115.70,61.87,17.95,Beauty,3,Shipped,Web,East,P-534,SKU-2325,38.57,11.94,9.26,Returning,PayPal
ORD-21510,CUST-8605,SESS-26510,CART-23510,2025-05-01,198.04,80.01,7.13,Beauty,4,Completed,Web,East,P-258,SKU-2662,49.51,16.67,15.84,New,Credit Card
ORD-21511,CUST-8605,SESS-26511,CART-23511,2025-02-20,50.57,27.79,27.96,Fashion,1,Completed,Social Media,South,P-989,SKU-3031,50.57,3.27,4.05,New,Credit Card
ORD-21512,CUST-8605,SESS-26512,CART-23512,2023-02-13,68.23,31.39,34.78,Beauty,3,Cancelled,Mobile App,South,P-97,SKU-1366,22.74,14.05,5.46,VIP,PayPal
ORD-21513,CUST-8606,SESS-26513,CART-23513,2024-08-03,476.78,277.11,15.22,Beauty,4,Shipped,Affiliate,East,P-929,SKU-509,119.19,10.66,38.14,New,Crypto
ORD-21514,CUST-8606,SESS-26514,CART-23514,2025-12-30,188.70,76.03,15.29,Beauty,1,Returned,Web,East,P-424,SKU-4179,188.70,3.29,15.10,New,PayPal
ORD-21515,CUST-8607,SESS-26515,CART-23515,2025-03-09,172.50,63.44,14.24,Electronics,2,Completed,Mobile App,East,P-759,SKU-818,86.25,16.09,13.80,VIP,Crypto
ORD-21516,CUST-8607,SESS-26516,CART-23516,2023-06-14,488.01,153.94,23.08,Electronics,5,Returned,Affiliate,South,P-970,SKU-3219,97.60,14.90,39.04,VIP,Crypto
ORD-21517,CUST-8607,SESS-26517,CART-23517,2024-03-27,325.87,143.38,14.12,Fashion,3,Pending,Web,West,P-949,SKU-4396,108.62,2.24,26.07,New,Crypto
ORD-21518,CUST-8608,SESS-26518,CART-23518,2023-06-10,178.64,85.07,36.86,Fashion,4,Returned,Web,West,P-427,SKU-4560,44.66,13.88,14.29,VIP,PayPal
ORD-21519,CUST-8608,SESS-26519,CART-23519,2023-12-03,308.90,169.95,29.30,Electronics,5,Returned,Affiliate,North,P-526,SKU-72,61.78,6.22,24.71,Returning,Credit Card
ORD-21520,CUST-8609,SESS-26520,CART-23520,2025-01-30,295.59,145.28,4.76,Home,3,Shipped,Mobile App,International,P-162,SKU-1189,98.53,7.00,23.65,Returning,Debit Card
ORD-21521,CUST-8609,SESS-26521,CART-23521,2025-09-04,467.21,154.17,21.93,Beauty,1,Shipped,Social Media,International,P-947,SKU-2906,467.21,6.30,37.38,New,Credit Card
ORD-21522,CUST-8609,SESS-26522,CART-23522,2025-08-04,297.69,125.38,36.84,Sports,3,Completed,Web,International,P-436,SKU-3136,99.23,8.65,23.82,New,Crypto
ORD-21523,CUST-8610,SESS-26523,CART-23523,1/18/2023,409.93,218.12,24.13,Home,2,Completed,Web,West,P-124,SKU-3357,204.97,9.72,32.79,VIP,Debit Card
ORD-21524,CUST-8610,SESS-26524,CART-23524,2023-12-22,363.09,128.21,0.46,Home,5,Pending,Mobile App,East,P-726,SKU-166,72.62,19.89,29.05,New,PayPal
ORD-21525,CUST-8611,SESS-26525,CART-23525,2024-12-29,279.04,131.38,4.35,Sports,3,Cancelled,Affiliate,South,P-219,SKU-832,93.01,8.83,22.32,VIP,Debit Card
ORD-21526,CUST-8611,SESS-26526,CART-23526,2024-12-03,235.90,79.56,30.78,Electronics,4,Pending,Affiliate,South,P-864,SKU-1406,58.97,13.90,18.87,New,Credit Card
ORD-21527,CUST-8611,SESS-26527,CART-23527,2023-04-16,85.62,32.36,31.44,Sports,5,Completed,Web,West,P-761,SKU-241,17.12,12.39,6.85,New,Credit Card
ORD-21528,CUST-8612,SESS-26528,CART-23528,2023-03-18,18.44,8.02,4.27,NULL,1,Returned,Affiliate,International,P-46,SKU-1283,18.44,7.49,1.48,Returning,PayPal
ORD-21529,CUST-8612,SESS-26529,CART-23529,2023-05-16,,8.07,18.34,Sports,1,Pending,Social Media,North,P-301,SKU-2470,14.19,15.15,1.13,VIP,Debit Card
ORD-21530,CUST-8613,SESS-26530,CART-23530,2023-04-29,288.53,126.70,7.50,Beauty,3,Shipped,Affiliate,North,P-816,SKU-1506,96.18,13.79,23.08,Returning,Credit Card
ORD-21531,CUST-8613,SESS-26531,CART-23531,2023-01-25,NULL,78.13,37.09,Home,3,Returned,Social Media,South,P-526,SKU-55,44.95,5.55,10.79,Returning,Crypto
ORD-21532,CUST-8613,SESS-26532,CART-23532,2026-03-05,490.09,273.93,16.82,Sports,4,Returned,Mobile App,International,P-717,SKU-2975,122.52,12.28,39.21,Returning,Debit Card
ORD-21533,CUST-8614,SESS-26533,CART-23533,2024-08-12,91.07,51.96,4.96,Home,4,Pending,Affiliate,West,P-617,SKU-3580,22.77,18.94,7.29,Returning,Debit Card
ORD-21534,CUST-8614,SESS-26534,CART-23534,2024-01-11,271.48,136.01,30.02,Home,5,Returned,Mobile App,North,P-102,SKU-1800,54.30,17.21,21.72,VIP,Debit Card
ORD-21535,CUST-8615,SESS-26535,CART-23535,2024-04-14,94.93,55.50,41.20,Beauty,2,Completed,Affiliate,West,P-604,SKU-420,47.46,7.34,7.59,VIP,Debit Card
ORD-21536,CUST-8615,SESS-26536,CART-23536,2025-02-03,504.99,279.18,26.70,Beauty,5,Shipped,Mobile App,South,P-640,SKU-4271,101.00,6.11,40.40,New,PayPal
ORD-21537,CUST-8615,SESS-26537,CART-23537,2025-08-05,126.96,73.84,18.13,  sports  ,5,Pending,Affiliate,North,P-700,SKU-3321,25.39,18.69,10.16,New,Crypto
ORD-21538,CUST-8616,SESS-26538,CART-23538,2025-11-28,450.79,256.65,19.96,Fashion,3,Returned,Mobile App,North,P-810,SKU-4725,150.26,7.31,36.06,New,Debit Card
ORD-21539,CUST-8616,SESS-26539,CART-23539,2023-03-21,19.85,7.47,36.95,Fashion,3,Shipped,Social Media,West,P-763,SKU-3408,6.62,0.32,1.59,New,Crypto
ORD-21540,CUST-8617,SESS-26540,CART-23540,2023-03-20,410.19,181.16,43.23,Fashion,1,Pending,Social Media,South,P-140,SKU-329,410.19,15.18,32.82,VIP,Debit Card
ORD-21541,CUST-8617,SESS-26541,CART-23541,2024-06-14,473.66,259.56,24.97,Electronics,2,Shipped,Affiliate,East,P-236,SKU-4209,236.83,13.96,37.89,Returning,Debit Card
ORD-21542,CUST-8617,SESS-26542,CART-23542,2024-02-12,146.35,56.51,46.03,Home,1,Shipped,Affiliate,International,P-692,SKU-1647,146.35,5.35,11.71,VIP,Crypto
ORD-21543,CUST-8618,SESS-26543,CART-23543,1683736604934,205.03,115.19,30.04,Electronics,3,Pending,Mobile App,South,P-720,SKU-2281,68.34,2.11,16.40,VIP,Debit Card
ORD-21544,CUST-8618,SESS-26544,CART-23544,11/28/2024,364.72,123.43,32.35,Beauty,3,Pending,Mobile App,International,P-432,SKU-10,121.57,1.06,29.18,VIP,Credit Card
ORD-21545,CUST-8619,SESS-26545,CART-23545,1730303821504,407.57,226.39,23.08,  sports  ,2,Pending,Web,North,P-669,SKU-3265,203.78,15.97,32.61,New,Crypto
ORD-21546,CUST-8619,SESS-26546,CART-23546,1/23/2024,57.08,22.09,28.54,Home,,Shipped,Web,North,P-549,SKU-758,57.08,3.50,4.57,New,Credit Card
ORD-21547,CUST-8619,SESS-26547,CART-23547,2024-07-09,202.10,104.50,20.33,Home,1,Cancelled,Social Media,South,P-34,SKU-1119,202.10,15.26,16.17,Returning,Debit Card
ORD-21548,CUST-8620,SESS-26548,CART-23548,2024-04-23,270.70,130.89,16.71,Fashion,4,Returned,Mobile App,North,P-932,SKU-3932,67.68,4.67,21.66,Returning,Credit Card
ORD-21549,CUST-8620,SESS-26549,CART-23549,2025-08-11,408.21,154.91,46.65,Beauty,5,Shipped,Social Media,East,P-532,SKU-3656,81.64,15.54,32.66,VIP,Crypto
ORD-21550,CUST-8621,SESS-26550,CART-23550,2025-06-11,312.61,165.95,44.82,Beauty,5,Pending,Social Media,International,P-397,SKU-3799,62.52,5.32,25.01,VIP,PayPal
ORD-21551,CUST-8621,SESS-26551,CART-23551,2024-02-27,169.19,96.13,4.88,Fashion,3,Returned,Affiliate,East,P-131,SKU-4786,56.40,12.49,13.53,Returning,PayPal
ORD-21552,CUST-8621,SESS-26552,CART-23552,2024-10-23,409.22,130.68,43.94,  fashion  ,4,Pending,Mobile App,International,P-89,SKU-2387,102.31,2.55,32.74,New,Credit Card
ORD-21553,CUST-8622,SESS-26553,CART-23553,11/1/2023,389.62,191.26,0.91,Sports,3,Pending,Mobile App,International,P-666,SKU-1778,129.87,6.29,31.17,New,Crypto
ORD-21554,CUST-8622,SESS-26554,CART-23554,2023-10-19,287.79,86.86,6.87,Beauty,3,Completed,Affiliate,West,P-497,SKU-4409,95.93,17.78,23.02,New,Debit Card
ORD-21555,CUST-8623,SESS-26555,CART-23555,2025-10-23,,214.45,7.91,Beauty,2,Cancelled,Mobile App,South,P-151,SKU-4025,254.87,15.85,40.78,Returning,Credit Card
ORD-21556,CUST-8623,SESS-26556,CART-23556,2023-07-28,193.23,114.16,11.74,Sports,2,Cancelled,Social Media,International,P-856,SKU-3105,96.62,11.63,15.46,VIP,Credit Card
ORD-21557,CUST-8623,SESS-26557,CART-23557,2024-10-24,96.02,53.17,35.53,Fashion,3,Completed,Mobile App,South,P-380,SKU-3502,32.01,2.27,7.68,New,PayPal
ORD-21558,CUST-8624,SESS-26558,CART-23558,2024-06-25,143.22,46.05,49.36,Electronics,5,Returned,Social Media,East,P-353,SKU-4541,28.64,9.66,11.46,New,Credit Card
ORD-21559,CUST-8624,SESS-26559,CART-23559,2025-03-24,422.62,219.06,7.93,Home,1,Cancelled,Affiliate,East,P-261,SKU-1789,422.62,17.44,33.81,VIP,Crypto
ORD-21560,CUST-8625,SESS-26560,CART-23560,2023-10-04,213.39,107.21,37.60,Beauty,4,Returned,Social Media,East,P-843,SKU-2307,53.35,13.32,17.07,VIP,Crypto
ORD-21561,CUST-8625,SESS-26561,CART-23561,2023-04-21,124.26,48.29,32.28,Electronics,4,Returned,Social Media,East,P-765,SKU-3184,31.06,15.07,9.94,VIP,PayPal
ORD-21562,CUST-8625,SESS-26562,CART-23562,2024-12-13,113.21,39.16,49.35,Fashion,4,Completed,Web,South,P-647,SKU-1505,28.30,1.69,9.06,VIP,Debit Card
ORD-21563,CUST-8626,SESS-26563,CART-23563,2025-11-06,98.39,41.35,34.80,Sports,2,Returned,Affiliate,North,P-929,SKU-4805,49.20,14.46,7.87,Returning,Crypto
ORD-21564,CUST-8626,SESS-26564,CART-23564,8/19/2025,351.24,208.44,23.02,Sports,3,Returned,Affiliate,North,P-100,SKU-1490,117.08,17.56,28.10,VIP,Credit Card
ORD-21565,CUST-8627,SESS-26565,CART-23565,9/8/2024,10.71,3.56,37.70,Beauty,1,Completed,Social Media,North,P-417,SKU-1440,10.71,5.03,0.86,Returning,Credit Card
ORD-21566,CUST-8627,SESS-26566,CART-23566,1709474622070,269.92,121.66,3.58,Beauty,3,Pending,Social Media,South,P-813,SKU-486,89.97,5.30,21.59,Returning,Credit Card
ORD-21567,CUST-8627,SESS-26567,CART-23567,2023-11-03,478.46,266.39,17.92,Beauty,,Shipped,Web,South,P-747,SKU-1050,95.69,13.80,38.28,Returning,Debit Card
ORD-21568,CUST-8628,SESS-26568,CART-23568,6/10/2025,241.91,125.45,18.32,Fashion,2,Returned,Affiliate,West,P-987,SKU-2209,120.95,16.85,19.35,Returning,PayPal
ORD-21569,CUST-8628,SESS-26569,CART-23569,2023-07-02,224.82,126.85,1.68,Electronics,5,Pending,Mobile App,South,P-388,SKU-307,44.96,17.94,17.99,VIP,Credit Card
ORD-21570,CUST-8629,SESS-26570,CART-23570,1/4/2023,499.60,273.47,20.68,Home,3,Shipped,Affiliate,West,P-320,SKU-2705,166.53,4.39,39.97,Returning,Crypto
ORD-21571,CUST-8629,SESS-26571,CART-23571,2024-12-27,238.19,103.09,18.79,Sports,1,Completed,Web,International,P-491,SKU-4670,238.19,16.61,19.06,New,Crypto
ORD-21572,CUST-8629,SESS-26572,CART-23572,2024-07-24,19.20,10.37,27.88,Fashion,5,Cancelled,Web,West,P-502,SKU-2880,3.84,18.51,1.54,Returning,Crypto
ORD-21573,CUST-8630,SESS-26573,CART-23573,2025-09-04,222.39,91.75,1.08,Home,4,Cancelled,Mobile App,South,P-491,SKU-664,55.60,0.67,17.79,Returning,Credit Card
ORD-21574,CUST-8630,SESS-26574,CART-23574,2024-09-30,357.43,209.71,20.94,Sports,3,Cancelled,Mobile App,East,P-621,SKU-4240,119.14,6.67,28.59,VIP,Debit Card
ORD-21575,CUST-8631,SESS-26575,CART-23575,2023-09-11,49.62,17.63,3.98,Electronics,5,Shipped,Affiliate,West,P-436,SKU-2226,9.92,18.08,3.97,Returning,Credit Card
ORD-21576,CUST-8631,SESS-26576,CART-23576,2023-05-11,179.45,106.88,16.91,Electronics,2,Cancelled,Mobile App,North,P-485,SKU-1263,89.73,18.05,14.36,VIP,Crypto
ORD-21577,CUST-8631,SESS-26577,CART-23577,2023-05-01,286.84,116.69,34.54,Electronics,4,Cancelled,Web,East,P-373,SKU-506,71.71,8.72,22.95,VIP,Debit Card
ORD-21578,CUST-8632,SESS-26578,CART-23578,2023-02-20,331.05,120.11,28.26,Sports,4,Returned,Social Media,North,P-986,SKU-4077,82.76,18.04,26.48,VIP,Debit Card
ORD-21579,CUST-8632,SESS-26579,CART-23579,2025-03-30,308.38,170.53,35.63,Home,2,Shipped,Mobile App,North,P-237,SKU-4592,154.19,10.33,24.67,Returning,Debit Card
ORD-21580,CUST-8633,SESS-26580,CART-23580,2024-11-20,52.95,28.89,43.23,Fashion,3,Completed,Social Media,South,P-932,SKU-3439,17.65,5.55,4.24,New,Crypto
ORD-21581,CUST-8633,SESS-26581,CART-23581,2023-06-08,57.28,27.13,35.26,Electronics,2,Shipped,Social Media,International,P-45,SKU-4267,28.64,5.52,4.58,VIP,Debit Card
ORD-21582,CUST-8633,SESS-26582,CART-23582,2024-08-27,452.62,260.34,24.57,Fashion,2,Cancelled,Web,International,P-931,SKU-490,226.31,10.67,36.21,Returning,Debit Card
ORD-21583,CUST-8634,SESS-26583,CART-23583,2024-08-28,335.50,152.87,46.80,Home,4,Pending,Social Media,East,P-89,SKU-3538,83.87,13.59,26.84,New,Crypto
ORD-21584,CUST-8634,SESS-26584,CART-23584,2024-03-05,29.33,11.37,13.64,Beauty,3,Pending,Web,West,P-798,SKU-364,9.78,9.85,2.35,New,PayPal
ORD-21585,CUST-8635,SESS-26585,CART-23585,2023-04-04,203.40,65.55,24.81,NULL,3,Completed,Affiliate,West,P-79,SKU-3833,67.80,15.06,16.27,Returning,Crypto
ORD-21586,CUST-8635,SESS-26586,CART-23586,2025-07-16,62.68,29.18,11.97,Fashion,1,Cancelled,Social Media,South,P-662,SKU-702,62.68,7.80,5.01,Returning,Credit Card
ORD-21587,CUST-8635,SESS-26587,CART-23587,2025-04-28,210.88,98.72,10.31,Electronics,5,Returned,Mobile App,North,P-502,SKU-464,42.18,8.65,16.87,New,Credit Card
ORD-21588,CUST-8636,SESS-26588,CART-23588,2024-02-26,323.54,100.26,47.03,Fashion,5,Completed,Mobile App,East,P-897,SKU-671,64.71,4.88,25.88,New,Debit Card
ORD-21589,CUST-8636,SESS-26589,CART-23589,2024-07-20,462.31,269.23,34.42,Home,5,Returned,Affiliate,South,P-74,SKU-2653,92.46,14.76,36.98,New,PayPal
ORD-21590,CUST-8637,SESS-26590,CART-23590,2023-05-09,398.59,152.88,30.72,Fashion,1,Shipped,Affiliate,East,P-980,SKU-2200,398.59,9.21,31.89,VIP,Debit Card
ORD-21591,CUST-8637,SESS-26591,CART-23591,2023-05-02,472.30,261.03,12.36,Sports,4,Returned,Affiliate,East,P-171,SKU-2998,118.07,16.16,37.78,New,Debit Card
ORD-21592,CUST-8637,SESS-26592,CART-23592,2026-02-24,114.73,68.13,15.08,Sports,4,Completed,Social Media,South,P-520,SKU-3570,28.68,8.26,9.18,New,Debit Card
ORD-21593,CUST-8638,SESS-26593,CART-23593,2025-07-25,183.06,55.51,40.90,Fashion,2,Returned,Web,East,P-390,SKU-642,91.53,14.67,14.64,New,Debit Card
ORD-21594,CUST-8638,SESS-26594,CART-23594,2024-11-01,164.93,65.29,47.37,Fashion,3,Completed,Web,South,P-320,SKU-3717,54.98,11.39,13.19,New,Crypto
ORD-21595,CUST-8639,SESS-26595,CART-23595,2025-06-29,199.15,94.69,31.30,Electronics,3,Cancelled,Web,South,P-452,SKU-1477,66.38,5.24,15.93,New,Debit Card
ORD-21596,CUST-8639,SESS-26596,CART-23596,2024-02-12,486.47,219.86,19.42,Home,3,Pending,Affiliate,South,P-352,SKU-842,162.16,7.48,38.92,VIP,Credit Card
ORD-21597,CUST-8639,SESS-26597,CART-23597,2024-02-04,,203.95,38.46,Fashion,3,Cancelled,Social Media,West,P-867,SKU-4321,114.03,1.54,27.37,New,Credit Card
ORD-21598,CUST-8640,SESS-26598,CART-23598,2026-02-28,411.72,182.19,32.38,Electronics,2,Pending,Web,West,P-998,SKU-3554,205.86,0.94,32.94,VIP,Credit Card
ORD-21599,CUST-8640,SESS-26599,CART-23599,2025-11-07,499.38,272.29,24.04,Beauty,2,Shipped,Web,International,P-258,SKU-3245,249.69,18.77,39.95,VIP,PayPal
ORD-21600,CUST-8641,SESS-26600,CART-23600,2026-03-09,426.96,164.01,23.35,Fashion,5,Returned,Social Media,West,P-586,SKU-3011,85.39,13.58,34.16,Returning,Credit Card
ORD-21601,CUST-8641,SESS-26601,CART-23601,2024-11-30,61.69,34.97,44.57,,3,Returned,Affiliate,South,P-322,SKU-4755,20.56,16.44,4.94,New,PayPal
ORD-21602,CUST-8641,SESS-26602,CART-23602,2026-01-28,196.78,106.70,14.71,Home,1,Cancelled,Web,International,P-642,SKU-226,196.78,8.47,15.74,VIP,Crypto
ORD-21603,CUST-8642,SESS-26603,CART-23603,1675072071383,  212.72  ,68.51,5.13,Fashion,5,Pending,Affiliate,North,P-383,SKU-3797,42.54,11.82,17.02,Returning,PayPal
ORD-21604,CUST-8642,SESS-26604,CART-23604,2024-03-18,427.83,168.48,38.90,Beauty,2,Shipped,Mobile App,International,P-693,SKU-2057,213.92,9.25,34.23,New,Debit Card
ORD-21605,CUST-8643,SESS-26605,CART-23605,2026-02-18,212.98,94.68,5.65,Home,2,Returned,Web,International,P-881,SKU-3320,106.49,9.15,17.04,Returning,Crypto
ORD-21606,CUST-8643,SESS-26606,CART-23606,2023-08-05,321.79,117.44,36.43,Fashion,3,Completed,Mobile App,International,P-327,SKU-749,107.26,3.84,25.74,New,PayPal
ORD-21607,CUST-8643,SESS-26607,CART-23607,2024-11-06,156.86,79.91,32.39,Beauty,5,Completed,Social Media,North,P-786,SKU-2263,31.37,3.04,12.55,VIP,Crypto
ORD-21608,CUST-8644,SESS-26608,CART-23608,2024-09-26,214.45,93.24,46.41,Home,5,Returned,Web,North,P-7,SKU-3127,42.89,15.43,17.16,New,Debit Card
ORD-21609,CUST-8644,SESS-26609,CART-23609,2024-11-05,210.69,90.98,11.89,Fashion,2,Returned,Mobile App,West,P-958,SKU-3644,105.34,4.75,16.85,Returning,Crypto
ORD-21610,CUST-8645,SESS-26610,CART-23610,2023-01-05,260.59,148.99,13.55,Home,1,Completed,Social Media,East,P-422,SKU-3014,260.59,16.98,20.85,New,PayPal
ORD-21611,CUST-8645,SESS-26611,CART-23611,2026-01-18,75.27,30.35,48.85,Sports,2,Completed,Affiliate,East,P-747,SKU-1316,37.63,9.91,6.02,Returning,Debit Card
ORD-21612,CUST-8645,SESS-26612,CART-23612,3/8/2023,36.33,19.22,26.41,Beauty,1,Completed,Affiliate,South,P-489,SKU-3753,36.33,5.82,2.91,New,Crypto
ORD-21613,CUST-8646,SESS-26613,CART-23613,5/4/2025,144.13,48.80,15.32,Home,2,Returned,Affiliate,International,P-327,SKU-1343,72.06,17.65,11.53,VIP,Debit Card
ORD-21614,CUST-8646,SESS-26614,CART-23614,2024-03-27,16.38,5.65,21.33,Beauty,5,Shipped,Mobile App,South,P-643,SKU-1157,3.28,18.90,1.31,Returning,Credit Card
ORD-21615,CUST-8647,SESS-26615,CART-23615,2025-08-02,422.68,233.33,21.21,Sports,5,Returned,Mobile App,International,P-653,SKU-2508,84.54,10.71,33.81,VIP,PayPal
ORD-21616,CUST-8647,SESS-26616,CART-23616,2023-10-28,445.29,225.12,30.00,Electronics,1,Pending,Affiliate,East,P-458,SKU-2772,445.29,6.73,35.62,VIP,Debit Card
ORD-21617,CUST-8647,SESS-26617,CART-23617,2024-05-26,51.50,20.75,42.68,Electronics,5,Cancelled,Mobile App,North,P-858,SKU-2975,10.30,14.37,4.12,Returning,Debit Card
ORD-21618,CUST-8648,SESS-26618,CART-23618,2025-12-13,375.93,167.22,26.22,  home  ,4,Completed,Web,West,P-92,SKU-2336,93.98,18.84,30.07,VIP,PayPal
ORD-21619,CUST-8648,SESS-26619,CART-23619,2025-09-16,294.22,126.79,8.71,Fashion,2,Returned,Mobile App,North,P-948,SKU-3394,147.11,10.96,23.54,Returning,Debit Card
ORD-21620,CUST-8649,SESS-26620,CART-23620,2024-11-14,251.04,85.88,38.58,Home,2,Pending,Web,International,P-787,SKU-3507,125.52,0.21,20.08,New,Credit Card
ORD-21621,CUST-8649,SESS-26621,CART-23621,2023-05-30,391.98,231.20,4.87,Fashion,5,Pending,Web,East,P-127,SKU-3725,78.40,9.80,31.36,VIP,PayPal
ORD-21622,CUST-8649,SESS-26622,CART-23622,2025-12-02,58.98,31.09,20.43,Sports,5,Pending,Affiliate,North,P-516,SKU-1613,11.80,3.31,4.72,Returning,Credit Card
ORD-21623,CUST-8650,SESS-26623,CART-23623,2023-11-29,454.26,267.39,35.31,Sports,4,Cancelled,Mobile App,International,P-322,SKU-3288,113.57,0.85,36.34,VIP,Debit Card
ORD-21624,CUST-8650,SESS-26624,CART-23624,2023-09-10,366.18,179.19,26.10,Beauty,2,Returned,Social Media,East,P-536,SKU-4140,183.09,10.06,29.29,New,Crypto
ORD-21625,CUST-8651,SESS-26625,CART-23625,2025-01-01,342.31,198.92,28.76,Home,5,Pending,Mobile App,South,P-488,SKU-3266,68.46,7.13,27.39,Returning,Crypto
ORD-21626,CUST-8651,SESS-26626,CART-23626,2023-09-25,272.57,128.77,8.81,Sports,5,Completed,Mobile App,North,P-273,SKU-3795,54.51,2.64,21.81,Returning,PayPal
ORD-21627,CUST-8651,SESS-26627,CART-23627,2025-07-05,385.82,161.68,17.91,Fashion,3,Shipped,Affiliate,North,P-272,SKU-3569,128.61,0.89,30.87,Returning,Debit Card
ORD-21628,CUST-8652,SESS-26628,CART-23628,2026-01-02,430.13,158.57,4.88,Fashion,3,Cancelled,Affiliate,International,P-63,SKU-2894,143.38,14.81,34.41,New,PayPal
ORD-21629,CUST-8652,SESS-26629,CART-23629,2025-05-23,427.59,243.43,34.72,Home,4,Completed,Web,East,P-775,SKU-2159,106.90,8.66,34.21,New,Credit Card
ORD-21630,CUST-8653,SESS-26630,CART-23630,2025-08-09,384.15,124.15,6.87,Sports,1,Returned,Web,South,P-681,SKU-1182,384.15,0.72,30.73,VIP,Crypto
ORD-21631,CUST-8653,SESS-26631,CART-23631,2024-08-13,490.58,167.28,32.91,Electronics,1,Shipped,Web,West,P-73,SKU-1732,490.58,6.85,39.25,VIP,Debit Card
ORD-21632,CUST-8653,SESS-26632,CART-23632,2026-01-02,  130.93  ,47.10,8.09,Electronics,1,Cancelled,Social Media,North,P-767,SKU-3155,130.93,19.82,10.47,VIP,PayPal
ORD-21633,CUST-8654,SESS-26633,CART-23633,2025-10-27,200.23,81.07,28.36,Electronics,5,Pending,Mobile App,East,P-244,SKU-696,40.05,5.78,16.02,Returning,Crypto
ORD-21634,CUST-8654,SESS-26634,CART-23634,2023-07-16,474.24,267.36,20.00,Beauty,2,Pending,Web,International,P-920,SKU-3724,237.12,5.62,37.94,New,PayPal
ORD-21635,CUST-8655,SESS-26635,CART-23635,2024-08-12,78.83,46.02,45.34,Beauty,5,Completed,Mobile App,West,P-464,SKU-3770,15.77,12.19,6.31,New,Debit Card
ORD-21636,CUST-8655,SESS-26636,CART-23636,2024-03-27,170.61,82.01,29.85,Sports,4,Shipped,Social Media,South,P-938,SKU-4394,42.65,3.64,13.65,New,Crypto
ORD-21637,CUST-8655,SESS-26637,CART-23637,2025-05-15,291.65,145.69,42.04,Home,3,Returned,Mobile App,International,P-633,SKU-4270,97.22,5.40,23.33,New,Debit Card
ORD-21638,CUST-8656,SESS-26638,CART-23638,2024-12-22,262.17,84.12,5.09,Sports,3,Returned,Affiliate,North,P-987,SKU-90,87.39,15.01,20.97,VIP,Credit Card
ORD-21639,CUST-8656,SESS-26639,CART-23639,2023-12-12,234.34,100.87,44.24,Beauty,4,Pending,Web,East,P-930,SKU-3578,58.58,5.32,18.75,VIP,Debit Card
ORD-21640,CUST-8657,SESS-26640,CART-23640,2026-02-05,75.58,31.46,30.91,Sports,1,Completed,Social Media,North,P-619,SKU-3440,75.58,8.37,6.05,VIP,PayPal
ORD-21641,CUST-8657,SESS-26641,CART-23641,2024-11-06,392.81,228.53,11.07,Beauty,5,Pending,Affiliate,East,P-834,SKU-2489,78.56,14.25,31.42,New,Crypto
ORD-21642,CUST-8657,SESS-26642,CART-23642,2023-10-08,117.98,55.02,7.10,Home,2,Returned,Social Media,International,P-419,SKU-2506,58.99,13.54,9.44,VIP,PayPal
ORD-21643,CUST-8658,SESS-26643,CART-23643,2025-01-21,234.33,76.43,15.72,Fashion,5,Returned,Social Media,East,P-834,SKU-4418,46.87,11.38,18.75,Returning,PayPal
ORD-21644,CUST-8658,SESS-26644,CART-23644,4/5/2025,58.54,32.78,23.64,Sports,2,Returned,Mobile App,West,P-663,SKU-477,29.27,18.85,4.68,VIP,Credit Card
ORD-21645,CUST-8659,SESS-26645,CART-23645,2025-01-12,379.16,207.42,20.21,Electronics,2,Shipped,Web,South,P-110,SKU-2859,189.58,5.51,30.33,Returning,PayPal
ORD-21646,CUST-8659,SESS-26646,CART-23646,1711902200701,136.35,61.52,35.39,Home,3,Completed,Web,International,P-190,SKU-1955,45.45,16.68,10.91,Returning,Credit Card
ORD-21647,CUST-8659,SESS-26647,CART-23647,2023-06-29,168.85,52.97,41.25,Electronics,3,Pending,Social Media,East,P-708,SKU-4994,56.28,8.54,13.51,Returning,Credit Card
ORD-21648,CUST-8660,SESS-26648,CART-23648,2023-09-23,144.83,49.69,15.62,Beauty,3,Shipped,Mobile App,North,P-196,SKU-401,48.28,0.15,11.59,New,Crypto
ORD-21649,CUST-8660,SESS-26649,CART-23649,2023-03-31,376.39,218.38,45.99,Home,4,Pending,Web,East,P-386,SKU-1179,94.10,17.08,30.11,VIP,Debit Card
ORD-21650,CUST-8661,SESS-26650,CART-23650,2024-05-31,490.29,179.23,6.08,Beauty,4,Completed,Mobile App,West,P-61,SKU-2938,122.57,19.12,39.22,New,Crypto
ORD-21651,CUST-8661,SESS-26651,CART-23651,2026-02-08,459.68,176.75,11.25,Home,2,Cancelled,Web,East,P-637,SKU-1518,229.84,18.17,36.77,Returning,PayPal
ORD-21652,CUST-8661,SESS-26652,CART-23652,2025-07-13,466.68,193.24,12.51,Sports,4,Completed,Mobile App,International,P-936,SKU-1898,116.67,5.45,37.33,VIP,PayPal
ORD-21653,CUST-8662,SESS-26653,CART-23653,2025-05-28,459.95,194.22,8.53,  beauty  ,3,Pending,Social Media,International,P-120,SKU-507,153.32,19.86,36.80,VIP,Crypto
ORD-21654,CUST-8662,SESS-26654,CART-23654,2024-01-10,381.56,216.95,20.05,Electronics,1,Returned,Affiliate,West,P-364,SKU-3674,381.56,4.79,30.52,VIP,PayPal
ORD-21655,CUST-8663,SESS-26655,CART-23655,1/1/2026,301.92,143.84,10.01,Fashion,5,Shipped,Mobile App,East,P-787,SKU-2839,60.38,2.77,24.15,Returning,PayPal
ORD-21656,CUST-8663,SESS-26656,CART-23656,2025-07-10,311.72,101.00,39.78,Sports,3,Shipped,Affiliate,North,P-322,SKU-2702,103.91,18.67,24.94,VIP,Debit Card
ORD-21657,CUST-8663,SESS-26657,CART-23657,2025-04-01,NULL,203.65,26.85,Beauty,4,Shipped,Affiliate,South,P-261,SKU-74,85.04,1.55,27.21,New,PayPal
ORD-21658,CUST-8664,SESS-26658,CART-23658,2024-01-26,266.78,89.61,18.27,NULL,5,Pending,Affiliate,International,P-783,SKU-4938,53.36,7.33,21.34,VIP,Debit Card
ORD-21659,CUST-8664,SESS-26659,CART-23659,2024-03-11,163.84,54.47,1.33,Electronics,1,Returned,Web,West,P-404,SKU-4895,163.84,19.32,13.11,New,Credit Card
ORD-21660,CUST-8665,SESS-26660,CART-23660,2026-01-13,142.34,75.19,48.09,Sports,4,Pending,Affiliate,South,P-208,SKU-650,35.58,4.61,11.39,Returning,Credit Card
ORD-21661,CUST-8665,SESS-26661,CART-23661,2025-01-28,  470.24  ,270.28,45.50,Electronics,4,Cancelled,Web,International,P-777,SKU-4464,117.56,3.46,37.62,VIP,Credit Card
ORD-21662,CUST-8665,SESS-26662,CART-23662,2024-07-16,138.35,71.99,33.15,Home,2,Cancelled,Affiliate,North,P-692,SKU-3868,69.17,11.38,11.07,VIP,Credit Card
ORD-21663,CUST-8666,SESS-26663,CART-23663,2024-09-02,385.81,138.06,29.16,Fashion,3,Returned,Affiliate,West,P-237,SKU-1679,128.60,19.77,30.86,Returning,Debit Card
ORD-21664,CUST-8666,SESS-26664,CART-23664,1695354492228,343.75,104.62,40.51,Beauty,5,Returned,Affiliate,North,P-449,SKU-4353,68.75,8.44,27.50,New,Crypto
ORD-21665,CUST-8667,SESS-26665,CART-23665,2024-07-28,292.89,107.91,42.99,Fashion,5,Pending,Web,South,P-584,SKU-2720,58.58,6.82,23.43,Returning,Credit Card
ORD-21666,CUST-8667,SESS-26666,CART-23666,2023-06-09,64.81,30.78,44.79,Home,4,Cancelled,Social Media,International,P-396,SKU-1177,16.20,6.37,5.18,Returning,Crypto
ORD-21667,CUST-8667,SESS-26667,CART-23667,2023-04-20,143.64,57.36,38.83,Beauty,5,Returned,Web,North,P-794,SKU-1493,28.73,8.84,11.49,VIP,Crypto
ORD-21668,CUST-8668,SESS-26668,CART-23668,2026-02-04,305.52,98.49,41.28,Fashion,2,Returned,Social Media,West,P-174,SKU-3233,152.76,14.95,24.44,VIP,PayPal
ORD-21669,CUST-8668,SESS-26669,CART-23669,2024-05-02,466.13,163.37,15.97,Sports,NULL,Pending,Affiliate,International,P-187,SKU-4547,93.23,17.44,37.29,New,Debit Card
ORD-21670,CUST-8669,SESS-26670,CART-23670,2024-04-18,148.85,82.99,3.92,Sports,4,Returned,Social Media,North,P-24,SKU-2974,37.21,11.79,11.91,Returning,PayPal
ORD-21671,CUST-8669,SESS-26671,CART-23671,2025-03-27,216.45,81.41,46.68,Fashion,1,Shipped,Mobile App,East,P-459,SKU-3753,216.45,7.23,17.32,Returning,PayPal
ORD-21672,CUST-8669,SESS-26672,CART-23672,2025-04-27,374.89,115.82,12.77,Beauty,4,Cancelled,Affiliate,West,P-474,SKU-4026,93.72,4.06,29.99,VIP,Debit Card
ORD-21673,CUST-8670,SESS-26673,CART-23673,2023-03-18,,150.69,41.51,Electronics,3,Completed,Social Media,International,P-755,SKU-2341,162.49,16.53,39.00,VIP,Crypto
ORD-21674,CUST-8670,SESS-26674,CART-23674,2023-10-20,62.78,32.88,24.97,Beauty,1,Pending,Affiliate,North,P-809,SKU-2906,62.78,6.51,5.02,Returning,Crypto
ORD-21675,CUST-8671,SESS-26675,CART-23675,2023-01-17,12.58,5.04,10.49,Beauty,5,Shipped,Social Media,East,P-63,SKU-1601,2.52,16.99,1.01,VIP,PayPal
ORD-21676,CUST-8671,SESS-26676,CART-23676,2025-11-15,208.25,83.61,3.57,Home,4,Pending,Web,West,P-446,SKU-4083,52.06,9.41,16.66,Returning,PayPal
ORD-21677,CUST-8671,SESS-26677,CART-23677,2025-12-21,32.93,10.42,24.28,Electronics,3,Returned,Mobile App,South,P-93,SKU-2342,10.98,14.34,2.63,VIP,Credit Card
ORD-21678,CUST-8672,SESS-26678,CART-23678,2025-01-23,425.33,160.38,12.22,Beauty,2,Returned,Web,West,P-425,SKU-491,212.67,13.71,34.03,Returning,PayPal
ORD-21679,CUST-8672,SESS-26679,CART-23679,2024-02-16,252.20,86.37,18.35,Home,2,Cancelled,Mobile App,West,P-228,SKU-2846,126.10,2.99,20.18,New,Crypto
ORD-21680,CUST-8673,SESS-26680,CART-23680,1673688950874,251.95,149.73,15.37,Electronics,4,Completed,Social Media,South,P-99,SKU-2749,62.99,17.65,20.16,VIP,PayPal
ORD-21681,CUST-8673,SESS-26681,CART-23681,2025-06-06,398.87,187.11,13.38,Sports,2,Cancelled,Social Media,International,P-277,SKU-4319,199.43,15.78,31.91,Returning,Crypto
ORD-21682,CUST-8673,SESS-26682,CART-23682,1755121862750,160.88,51.84,0.13,Electronics,2,Completed,Affiliate,International,P-39,SKU-4981,80.44,15.25,12.87,VIP,Debit Card
ORD-21683,CUST-8674,SESS-26683,CART-23683,2023-09-02,463.18,192.11,6.05,Electronics,1,Returned,Affiliate,International,P-929,SKU-2832,463.18,9.93,37.05,Returning,Crypto
ORD-21684,CUST-8674,SESS-26684,CART-23684,2024-10-27,61.57,31.68,2.44,Beauty,1,Returned,Affiliate,West,P-621,SKU-1881,61.57,6.85,4.93,Returning,Debit Card
ORD-21685,CUST-8675,SESS-26685,CART-23685,2023-05-05,241.04,88.03,0.05,Sports,2,Pending,Social Media,North,P-975,SKU-1835,120.52,7.51,19.28,Returning,PayPal
ORD-21686,CUST-8675,SESS-26686,CART-23686,2023-02-06,281.02,148.50,42.74,Home,4,Cancelled,Web,South,P-444,SKU-388,70.26,1.96,22.48,Returning,PayPal
ORD-21687,CUST-8675,SESS-26687,CART-23687,2024-09-05,358.80,165.46,3.82,Home,4,Completed,Web,East,P-460,SKU-1780,89.70,15.07,28.70,New,Credit Card
ORD-21688,CUST-8676,SESS-26688,CART-23688,2026-01-15,  339.03  ,172.95,44.35,Electronics,1,Shipped,Web,North,P-882,SKU-3626,339.03,5.43,27.12,VIP,Debit Card
ORD-21689,CUST-8676,SESS-26689,CART-23689,2024-11-01,470.79,147.35,16.02,Sports,4,Completed,Social Media,North,P-278,SKU-3271,117.70,5.26,37.66,Returning,Credit Card
ORD-21690,CUST-8677,SESS-26690,CART-23690,2023-02-09,503.58,199.10,21.37,Fashion,1,Cancelled,Mobile App,South,P-531,SKU-4319,503.58,8.90,40.29,VIP,PayPal
ORD-21691,CUST-8677,SESS-26691,CART-23691,2023-08-09,  307.69  ,131.74,39.13,Fashion,3,Pending,Web,North,P-496,SKU-1673,102.56,6.31,24.62,Returning,Credit Card
ORD-21692,CUST-8677,SESS-26692,CART-23692,2023-12-27,180.02,67.16,46.94,Beauty,4,Returned,Mobile App,South,P-323,SKU-1634,45.01,10.53,14.40,VIP,PayPal
ORD-21693,CUST-8678,SESS-26693,CART-23693,2026-02-04,131.82,52.21,34.84,Sports,5,Completed,Social Media,East,P-226,SKU-3861,26.36,5.98,10.55,VIP,Debit Card
ORD-21694,CUST-8678,SESS-26694,CART-23694,2023-11-01,36.66,20.69,20.20,,1,Pending,Web,West,P-804,SKU-438,36.66,2.50,2.93,New,Crypto
ORD-21695,CUST-8679,SESS-26695,CART-23695,2026-03-01,70.51,27.99,1.89,Fashion,NULL,Returned,Social Media,East,P-468,SKU-167,35.25,0.45,5.64,New,PayPal
ORD-21696,CUST-8679,SESS-26696,CART-23696,2024-06-02,350.35,208.51,12.32,  sports  ,4,Cancelled,Social Media,East,P-286,SKU-4241,87.59,12.09,28.03,New,Crypto
ORD-21697,CUST-8679,SESS-26697,CART-23697,1717134666172,,156.52,11.22,Home,4,Shipped,Mobile App,West,P-868,SKU-4785,91.74,19.46,29.36,New,Credit Card
ORD-21698,CUST-8680,SESS-26698,CART-23698,1720897236656,120.28,57.01,42.54,Fashion,4,Shipped,Web,South,P-697,SKU-3644,30.07,18.41,9.62,VIP,Debit Card
ORD-21699,CUST-8680,SESS-26699,CART-23699,2025-02-14,  164.28  ,79.36,13.92,Beauty,2,Completed,Social Media,West,P-354,SKU-3005,82.14,16.24,13.14,VIP,Crypto
ORD-21700,CUST-8681,SESS-26700,CART-23700,2023-04-14,409.79,129.74,40.27,Beauty,3,Returned,Mobile App,International,P-583,SKU-796,136.60,15.99,32.78,New,Credit Card
ORD-21701,CUST-8681,SESS-26701,CART-23701,2024-11-02,194.10,87.91,27.20,Beauty,,Completed,Social Media,South,P-888,SKU-2648,97.05,3.24,15.53,New,Crypto
ORD-21702,CUST-8681,SESS-26702,CART-23702,2023-12-07,368.00,205.13,12.66,Sports,1,Cancelled,Social Media,North,P-662,SKU-1472,368.00,9.18,29.44,Returning,PayPal
ORD-21703,CUST-8682,SESS-26703,CART-23703,2025-01-30,26.58,11.47,36.66,,,Completed,Affiliate,International,P-206,SKU-2874,13.29,10.85,2.13,New,Credit Card
ORD-21704,CUST-8682,SESS-26704,CART-23704,2024-07-24,343.83,111.75,24.97,Fashion,5,Cancelled,Mobile App,North,P-786,SKU-4243,68.77,8.87,27.51,Returning,Crypto
ORD-21705,CUST-8683,SESS-26705,CART-23705,2025-09-07,414.18,151.15,33.40,Electronics,1,Cancelled,Web,International,P-705,SKU-962,414.18,7.57,33.13,New,Debit Card
ORD-21706,CUST-8683,SESS-26706,CART-23706,2025-03-30,281.20,115.80,9.41,Fashion,2,Completed,Mobile App,South,P-427,SKU-797,140.60,8.85,22.50,New,Debit Card
ORD-21707,CUST-8683,SESS-26707,CART-23707,2023-01-19,22.19,9.47,33.98,Home,3,Cancelled,Social Media,South,P-371,SKU-680,7.40,16.87,1.78,VIP,Crypto
ORD-21708,CUST-8684,SESS-26708,CART-23708,2024-01-24,38.40,21.45,47.73,Fashion,4,Returned,Mobile App,International,P-730,SKU-2706,9.60,18.53,3.07,Returning,Debit Card
ORD-21709,CUST-8684,SESS-26709,CART-23709,2024-08-08,443.40,137.10,6.54,Home,5,Cancelled,Affiliate,West,P-522,SKU-4848,88.68,9.90,35.47,Returning,PayPal
ORD-21710,CUST-8685,SESS-26710,CART-23710,2026-03-07,164.39,69.86,18.27,Fashion,4,Shipped,Web,International,P-961,SKU-3977,41.10,6.63,13.15,New,PayPal
ORD-21711,CUST-8685,SESS-26711,CART-23711,2023-04-08,279.82,129.27,41.12,Sports,2,Cancelled,Affiliate,North,P-659,SKU-1064,139.91,17.04,22.39,New,Debit Card
ORD-21712,CUST-8685,SESS-26712,CART-23712,2024-04-23,240.47,130.34,7.16,Beauty,3,Completed,Web,International,P-148,SKU-1426,80.16,6.76,19.24,New,Crypto
ORD-21713,CUST-8686,SESS-26713,CART-23713,2024-04-17,339.89,149.96,28.28,  home  ,4,Cancelled,Mobile App,West,P-260,SKU-242,84.97,7.55,27.19,New,Debit Card
ORD-21714,CUST-8686,SESS-26714,CART-23714,2025-02-06,425.70,162.95,22.13,Beauty,2,Completed,Web,East,P-211,SKU-4945,212.85,6.39,34.06,Returning,PayPal
ORD-21715,CUST-8687,SESS-26715,CART-23715,2024-10-03,323.28,102.84,36.45,Home,3,Returned,Web,West,P-609,SKU-2938,107.76,3.58,25.86,Returning,PayPal
ORD-21716,CUST-8687,SESS-26716,CART-23716,2024-11-07,487.85,272.03,15.89,Fashion,2,Returned,Web,South,P-926,SKU-2136,243.92,0.58,39.03,VIP,Crypto
ORD-21717,CUST-8687,SESS-26717,CART-23717,2026-01-13,440.26,187.12,40.45,Beauty,4,Shipped,Social Media,West,P-658,SKU-4853,110.06,4.62,35.22,VIP,PayPal
ORD-21718,CUST-8688,SESS-26718,CART-23718,2024-01-11,296.53,147.88,0.10,Electronics,1,Cancelled,Web,North,P-219,SKU-492,296.53,9.75,23.72,New,PayPal
ORD-21719,CUST-8688,SESS-26719,CART-23719,2025-08-19,241.55,80.63,16.20,Sports,5,Pending,Affiliate,North,P-604,SKU-4629,48.31,18.39,19.32,New,Debit Card
ORD-21720,CUST-8689,SESS-26720,CART-23720,2023-11-12,247.34,104.73,10.62,Electronics,1,Shipped,Web,International,P-958,SKU-1260,247.34,5.21,19.79,Returning,Debit Card
ORD-21721,CUST-8689,SESS-26721,CART-23721,2025-04-27,411.83,182.07,20.56,Sports,4,Pending,Web,International,P-55,SKU-3865,102.96,19.61,32.95,Returning,Credit Card
ORD-21722,CUST-8689,SESS-26722,CART-23722,1683770765972,393.65,218.66,6.80,Home,5,Pending,Social Media,International,P-518,SKU-3008,78.73,19.87,31.49,VIP,Debit Card
ORD-21723,CUST-8690,SESS-26723,CART-23723,10/28/2024,NULL,157.56,26.62,Home,3,Completed,Mobile App,North,P-700,SKU-3828,105.10,15.19,25.22,VIP,Debit Card
ORD-21724,CUST-8690,SESS-26724,CART-23724,2023-12-24,202.43,80.62,46.21,Home,1,Completed,Mobile App,East,P-29,SKU-1887,202.43,17.23,16.19,New,PayPal
ORD-21725,CUST-8691,SESS-26725,CART-23725,9/27/2023,375.44,184.10,7.95,Home,3,Cancelled,Affiliate,East,P-170,SKU-4102,125.15,17.75,30.03,VIP,Crypto
ORD-21726,CUST-8691,SESS-26726,CART-23726,2023-04-15,465.56,259.23,38.80,Beauty,5,Completed,Web,West,P-436,SKU-526,93.11,3.32,37.25,VIP,Crypto
ORD-21727,CUST-8691,SESS-26727,CART-23727,2025-04-13,144.41,79.35,33.26,Home,2,Shipped,Social Media,International,P-840,SKU-2847,72.21,7.02,11.55,VIP,Debit Card
ORD-21728,CUST-8692,SESS-26728,CART-23728,2023-08-27,286.29,134.57,37.77,Home,2,Cancelled,Social Media,West,P-15,SKU-255,143.14,12.86,22.90,Returning,Debit Card
ORD-21729,CUST-8692,SESS-26729,CART-23729,2025-12-06,114.78,57.35,28.92,Home,4,Cancelled,Web,North,P-590,SKU-2454,28.70,14.83,9.18,VIP,PayPal
ORD-21730,CUST-8693,SESS-26730,CART-23730,2024-04-01,424.37,209.69,9.09,Fashion,1,Completed,Mobile App,South,P-239,SKU-2778,424.37,3.47,33.95,Returning,Crypto
ORD-21731,CUST-8693,SESS-26731,CART-23731,2023-09-20,104.79,33.59,24.26,Fashion,3,Shipped,Social Media,East,P-370,SKU-3696,34.93,6.67,8.38,New,Credit Card
ORD-21732,CUST-8693,SESS-26732,CART-23732,2025-09-19,346.28,160.10,5.18,Beauty,4,Shipped,Social Media,South,P-589,SKU-2989,86.57,17.70,27.70,Returning,Crypto
ORD-21733,CUST-8694,SESS-26733,CART-23733,3/26/2024,139.48,42.76,33.80,Home,3,Shipped,Web,East,P-370,SKU-3504,46.49,3.47,11.16,VIP,PayPal
ORD-21734,CUST-8694,SESS-26734,CART-23734,2024-08-30,444.89,246.16,5.72,Electronics,5,Completed,Mobile App,South,P-725,SKU-4345,88.98,15.41,35.59,New,Crypto
ORD-21735,CUST-8695,SESS-26735,CART-23735,2026-02-18,50.70,23.20,14.09,Electronics,3,Completed,Social Media,North,P-608,SKU-1513,16.90,13.30,4.06,New,PayPal
ORD-21736,CUST-8695,SESS-26736,CART-23736,2024-12-12,327.85,172.19,43.78,Fashion,4,Shipped,Social Media,West,P-893,SKU-4943,81.96,19.44,26.23,VIP,Debit Card
ORD-21737,CUST-8695,SESS-26737,CART-23737,2023-01-23,487.56,257.39,8.66,Home,3,Pending,Web,East,P-888,SKU-1902,162.52,18.23,39.00,VIP,Credit Card
ORD-21738,CUST-8696,SESS-26738,CART-23738,2024-06-11,310.44,122.99,5.70,Beauty,4,Returned,Affiliate,International,P-947,SKU-479,77.61,5.99,24.84,New,Crypto
ORD-21739,CUST-8696,SESS-26739,CART-23739,2023-10-14,278.25,94.60,39.31,Electronics,2,Completed,Social Media,North,P-322,SKU-707,139.12,4.98,22.26,Returning,Credit Card
ORD-21740,CUST-8697,SESS-26740,CART-23740,2025-11-27,432.91,161.09,43.22,Home,3,Cancelled,Web,East,P-132,SKU-4471,144.30,3.11,34.63,New,Credit Card
ORD-21741,CUST-8697,SESS-26741,CART-23741,3/9/2024,  419.17  ,204.34,42.13,Electronics,3,Pending,Affiliate,East,P-980,SKU-2605,139.72,17.26,33.53,Returning,Debit Card
ORD-21742,CUST-8697,SESS-26742,CART-23742,2024-09-06,400.11,140.93,42.19,Electronics,4,Completed,Web,West,P-207,SKU-4582,100.03,13.38,32.01,Returning,Credit Card
ORD-21743,CUST-8698,SESS-26743,CART-23743,2025-08-19,445.55,136.06,18.25,Home,1,Completed,Web,South,P-526,SKU-2267,445.55,9.86,35.64,New,Debit Card
ORD-21744,CUST-8698,SESS-26744,CART-23744,2025-04-23,142.03,69.10,4.33,Beauty,3,Pending,Social Media,West,P-307,SKU-4853,47.34,8.02,11.36,Returning,Debit Card
ORD-21745,CUST-8699,SESS-26745,CART-23745,2025-01-09,198.18,87.08,20.15,Home,4,Shipped,Web,South,P-644,SKU-3141,49.54,17.80,15.85,Returning,Debit Card
ORD-21746,CUST-8699,SESS-26746,CART-23746,2026-01-22,426.54,130.00,21.19,  home  ,1,Pending,Mobile App,East,P-154,SKU-548,426.54,16.99,34.12,Returning,Crypto
ORD-21747,CUST-8699,SESS-26747,CART-23747,2023-08-08,223.52,84.45,20.45,Sports,2,Completed,Mobile App,North,P-910,SKU-3397,111.76,17.80,17.88,New,Crypto
ORD-21748,CUST-8700,SESS-26748,CART-23748,2025-12-16,402.58,223.08,0.60,Fashion,3,Cancelled,Mobile App,International,P-637,SKU-427,134.19,10.02,32.21,New,Crypto
ORD-21749,CUST-8700,SESS-26749,CART-23749,2023-07-29,308.82,121.73,17.92,Home,3,Returned,Mobile App,South,P-161,SKU-2598,102.94,5.82,24.71,VIP,Crypto
ORD-21750,CUST-8701,SESS-26750,CART-23750,2024-05-01,332.82,107.44,38.82,Electronics,1,Pending,Mobile App,North,P-96,SKU-4220,332.82,2.72,26.63,Returning,Crypto
ORD-21751,CUST-8701,SESS-26751,CART-23751,2024-05-14,224.74,107.11,48.65,Fashion,5,Cancelled,Web,South,P-791,SKU-1234,44.95,2.40,17.98,New,Credit Card
ORD-21752,CUST-8701,SESS-26752,CART-23752,2025-05-07,161.01,49.77,39.08,Home,1,Pending,Social Media,South,P-994,SKU-2623,161.01,17.97,12.88,VIP,PayPal
ORD-21753,CUST-8702,SESS-26753,CART-23753,2024-05-21,280.92,135.85,16.85,Home,4,Pending,Social Media,West,P-750,SKU-1506,70.23,1.71,22.47,Returning,Crypto
ORD-21754,CUST-8702,SESS-26754,CART-23754,2024-03-28,420.96,188.47,48.52,Beauty,3,Completed,Mobile App,South,P-657,SKU-289,140.32,17.40,33.68,VIP,PayPal
ORD-21755,CUST-8703,SESS-26755,CART-23755,2023-07-23,452.72,248.71,46.25,Beauty,2,Shipped,Affiliate,South,P-763,SKU-2247,226.36,1.38,36.22,VIP,PayPal
ORD-21756,CUST-8703,SESS-26756,CART-23756,2025-11-05,42.28,23.59,41.09,Beauty,3,Returned,Mobile App,North,P-539,SKU-1365,14.09,7.33,3.38,New,Crypto
ORD-21757,CUST-8703,SESS-26757,CART-23757,2023-03-21,158.80,65.60,30.04,Sports,5,Completed,Mobile App,North,P-791,SKU-3070,31.76,14.85,12.70,Returning,Debit Card
ORD-21758,CUST-8704,SESS-26758,CART-23758,2024-04-11,  100.25  ,52.81,34.98,Electronics,4,Completed,Affiliate,West,P-486,SKU-1389,25.06,12.91,8.02,New,Debit Card
ORD-21759,CUST-8704,SESS-26759,CART-23759,2025-08-24,398.49,197.34,31.81,Sports,5,Pending,Affiliate,West,P-331,SKU-4152,79.70,11.12,31.88,Returning,Credit Card
ORD-21760,CUST-8705,SESS-26760,CART-23760,2023-11-04,263.52,114.69,35.00,Sports,1,Cancelled,Affiliate,International,P-591,SKU-2674,263.52,0.16,21.08,VIP,Credit Card
ORD-21761,CUST-8705,SESS-26761,CART-23761,1/18/2023,108.74,64.98,16.86,Sports,5,Shipped,Mobile App,West,P-309,SKU-3228,21.75,1.87,8.70,VIP,PayPal
ORD-21762,CUST-8705,SESS-26762,CART-23762,2025-03-08,62.02,36.72,38.63,Home,3,Pending,Mobile App,North,P-897,SKU-4982,20.67,4.62,4.96,New,PayPal
ORD-21763,CUST-8706,SESS-26763,CART-23763,2025-05-25,427.34,245.05,20.43,Sports,4,Returned,Affiliate,South,P-732,SKU-187,106.84,1.70,34.19,VIP,Debit Card
ORD-21764,CUST-8706,SESS-26764,CART-23764,2023-07-05,391.10,121.18,38.61,Sports,4,Shipped,Social Media,International,P-8,SKU-1545,97.78,6.80,31.29,Returning,Credit Card
ORD-21765,CUST-8707,SESS-26765,CART-23765,2024-11-05,33.88,17.95,6.42,Electronics,5,Cancelled,Web,International,P-320,SKU-1948,6.78,1.21,2.71,New,PayPal
ORD-21766,CUST-8707,SESS-26766,CART-23766,2025-05-26,188.88,60.86,0.51,Electronics,2,Returned,Web,North,P-216,SKU-716,94.44,2.73,15.11,Returning,Credit Card
ORD-21767,CUST-8707,SESS-26767,CART-23767,2024-12-09,466.71,159.70,5.56,Electronics,4,Completed,Social Media,North,P-205,SKU-4398,116.68,2.17,37.34,Returning,Credit Card
ORD-21768,CUST-8708,SESS-26768,CART-23768,2025-03-10,333.57,111.16,9.94,Fashion,4,Completed,Social Media,International,P-13,SKU-1349,83.39,6.76,26.69,New,PayPal
ORD-21769,CUST-8708,SESS-26769,CART-23769,2025-06-09,46.41,19.40,14.34,Fashion,4,Returned,Web,East,P-3,SKU-194,11.60,13.25,3.71,New,Debit Card
ORD-21770,CUST-8709,SESS-26770,CART-23770,1/5/2023,446.97,201.60,9.30,Home,4,Returned,Web,South,P-921,SKU-1509,111.74,5.37,35.76,VIP,PayPal
ORD-21771,CUST-8709,SESS-26771,CART-23771,2026-03-02,212.91,112.08,44.54,Electronics,4,Cancelled,Mobile App,South,P-23,SKU-4602,53.23,0.25,17.03,New,Debit Card
ORD-21772,CUST-8709,SESS-26772,CART-23772,2025-06-07,355.43,202.24,35.91,Electronics,3,Pending,Social Media,North,P-372,SKU-4712,118.48,4.00,28.43,VIP,Crypto
ORD-21773,CUST-8710,SESS-26773,CART-23773,2025-01-10,183.07,105.63,21.91,Fashion,3,Pending,Mobile App,East,P-520,SKU-2771,61.02,6.88,14.65,New,Debit Card
ORD-21774,CUST-8710,SESS-26774,CART-23774,2025-03-01,476.22,207.44,26.74,Home,1,Pending,Social Media,International,P-731,SKU-3631,476.22,13.78,38.10,New,PayPal
ORD-21775,CUST-8711,SESS-26775,CART-23775,2023-12-15,287.79,131.24,2.27,Electronics,5,Returned,Mobile App,East,P-71,SKU-2156,57.56,14.35,23.02,Returning,Debit Card
ORD-21776,CUST-8711,SESS-26776,CART-23776,2025-08-11,117.42,47.15,1.03,Sports,2,Cancelled,Social Media,West,P-811,SKU-3435,58.71,3.26,9.39,New,Crypto
ORD-21777,CUST-8711,SESS-26777,CART-23777,2025-03-16,377.41,125.72,42.69,Electronics,5,Cancelled,Social Media,North,P-530,SKU-755,75.48,2.70,30.19,New,Crypto
ORD-21778,CUST-8712,SESS-26778,CART-23778,2023-08-30,326.21,171.47,47.83,Fashion,1,Cancelled,Affiliate,West,P-869,SKU-3636,326.21,12.06,26.10,Returning,PayPal
ORD-21779,CUST-8712,SESS-26779,CART-23779,2023-04-24,355.36,112.64,20.39,Home,4,Shipped,Web,West,P-846,SKU-2397,88.84,11.95,28.43,Returning,PayPal
ORD-21780,CUST-8713,SESS-26780,CART-23780,1760163522655,96.01,47.53,40.25,Fashion,5,Shipped,Web,West,P-850,SKU-1632,19.20,3.05,7.68,New,Debit Card
ORD-21781,CUST-8713,SESS-26781,CART-23781,2024-04-16,135.76,46.10,23.39,Sports,4,Returned,Mobile App,South,P-513,SKU-730,33.94,7.41,10.86,Returning,Crypto
ORD-21782,CUST-8713,SESS-26782,CART-23782,2025-04-22,  296.35  ,144.53,7.53,Home,3,Shipped,Web,International,P-913,SKU-4562,98.78,17.88,23.71,VIP,PayPal
ORD-21783,CUST-8714,SESS-26783,CART-23783,2024-09-16,372.39,152.57,1.41,Electronics,3,Cancelled,Mobile App,East,P-654,SKU-243,124.13,15.19,29.79,Returning,Debit Card
ORD-21784,CUST-8714,SESS-26784,CART-23784,2026-02-25,17.52,6.41,39.52,Home,5,Completed,Social Media,International,P-372,SKU-334,3.50,7.84,1.40,New,Credit Card
ORD-21785,CUST-8715,SESS-26785,CART-23785,2025-03-17,314.57,106.45,36.68,Beauty,5,Returned,Social Media,South,P-643,SKU-4914,62.91,18.07,25.17,Returning,Crypto
ORD-21786,CUST-8715,SESS-26786,CART-23786,2023-07-26,55.63,19.82,35.82,Electronics,4,Returned,Mobile App,South,P-500,SKU-2864,13.91,0.99,4.45,Returning,Crypto
ORD-21787,CUST-8715,SESS-26787,CART-23787,2024-02-26,42.01,14.65,17.58,Home,2,Returned,Social Media,South,P-485,SKU-2862,21.01,12.13,3.36,VIP,PayPal
ORD-21788,CUST-8716,SESS-26788,CART-23788,1709760682335,323.81,169.05,18.83,Home,1,Pending,Web,International,P-522,SKU-2520,323.81,6.49,25.91,Returning,Credit Card
ORD-21789,CUST-8716,SESS-26789,CART-23789,2026-01-23,372.80,173.23,42.56,Home,4,Completed,Mobile App,North,P-733,SKU-1202,93.20,7.95,29.82,New,Crypto
ORD-21790,CUST-8717,SESS-26790,CART-23790,2023-12-15,17.27,6.58,47.72,Fashion,3,Pending,Mobile App,West,P-105,SKU-4993,5.76,12.98,1.38,New,Crypto
ORD-21791,CUST-8717,SESS-26791,CART-23791,2024-11-08,188.23,56.95,13.14,Fashion,4,Returned,Web,International,P-36,SKU-649,47.06,10.06,15.06,VIP,Crypto
ORD-21792,CUST-8717,SESS-26792,CART-23792,2023-10-28,230.19,115.46,42.00,Sports,5,Completed,Mobile App,North,P-345,SKU-4711,46.04,10.20,18.42,VIP,PayPal
ORD-21793,CUST-8718,SESS-26793,CART-23793,2025-05-01,28.29,13.45,17.21,Beauty,1,Returned,Web,East,P-429,SKU-3133,28.29,0.06,2.26,Returning,Crypto
ORD-21794,CUST-8718,SESS-26794,CART-23794,2024-05-10,224.73,73.76,19.08,Electronics,5,Shipped,Social Media,East,P-460,SKU-1977,44.95,9.12,17.98,Returning,Crypto
ORD-21795,CUST-8719,SESS-26795,CART-23795,2023-09-27,394.93,199.33,11.26,Home,2,Cancelled,Web,West,P-360,SKU-2183,197.46,7.86,31.59,New,Debit Card
ORD-21796,CUST-8719,SESS-26796,CART-23796,1769992189955,296.30,169.14,46.25,Sports,1,Returned,Social Media,West,P-200,SKU-4481,296.30,1.83,23.70,Returning,Crypto
ORD-21797,CUST-8719,SESS-26797,CART-23797,10/8/2025,404.26,213.02,36.80,Home,4,Completed,Affiliate,West,P-119,SKU-4651,101.07,16.04,32.34,VIP,PayPal
ORD-21798,CUST-8720,SESS-26798,CART-23798,2025-05-21,24.45,12.56,25.82,Fashion,2,Returned,Social Media,International,P-304,SKU-2928,12.23,4.48,1.96,Returning,Debit Card
ORD-21799,CUST-8720,SESS-26799,CART-23799,2025-11-19,239.95,121.47,10.76,Sports,3,Shipped,Mobile App,West,P-742,SKU-327,79.98,18.38,19.20,Returning,PayPal
ORD-21800,CUST-8721,SESS-26800,CART-23800,2023-11-28,234.73,94.36,18.06,Home,5,Returned,Affiliate,East,P-582,SKU-4533,46.95,9.66,18.78,Returning,PayPal
ORD-21801,CUST-8721,SESS-26801,CART-23801,2023-12-24,46.09,22.71,23.55,Sports,1,Shipped,Mobile App,South,P-724,SKU-2068,46.09,18.17,3.69,VIP,Debit Card
ORD-21802,CUST-8721,SESS-26802,CART-23802,2023-09-08,266.40,86.13,44.27,Home,4,Returned,Affiliate,International,P-489,SKU-47,66.60,7.57,21.31,New,PayPal
ORD-21803,CUST-8722,SESS-26803,CART-23803,2025-01-10,399.72,131.42,32.60,Electronics,5,Cancelled,Web,International,P-48,SKU-4999,79.94,0.22,31.98,New,Debit Card
ORD-21804,CUST-8722,SESS-26804,CART-23804,2023-01-07,386.26,135.93,44.07,Electronics,1,Pending,Mobile App,East,P-391,SKU-4453,386.26,7.58,30.90,VIP,PayPal
ORD-21805,CUST-8723,SESS-26805,CART-23805,2025-10-06,33.75,13.33,41.59,Electronics,3,Cancelled,Affiliate,West,P-394,SKU-939,11.25,5.21,2.70,VIP,Debit Card
ORD-21806,CUST-8723,SESS-26806,CART-23806,2024-04-09,269.11,103.96,13.55,Home,1,Cancelled,Mobile App,West,P-278,SKU-3535,269.11,19.57,21.53,New,Crypto
ORD-21807,CUST-8723,SESS-26807,CART-23807,2023-04-27,317.60,101.90,7.57,Electronics,1,Returned,Social Media,North,P-688,SKU-35,317.60,7.11,25.41,Returning,Credit Card
ORD-21808,CUST-8724,SESS-26808,CART-23808,2024-03-17,344.03,198.71,7.72,Sports,2,Shipped,Web,International,P-885,SKU-2792,172.02,7.07,27.52,New,PayPal
ORD-21809,CUST-8724,SESS-26809,CART-23809,2023-11-17,225.05,86.50,10.33,Beauty,2,Completed,Social Media,International,P-95,SKU-4057,112.53,10.50,18.00,Returning,Crypto
ORD-21810,CUST-8725,SESS-26810,CART-23810,2024-08-07,432.37,173.90,30.48,,5,Returned,Social Media,East,P-114,SKU-2113,86.47,4.64,34.59,Returning,Crypto
ORD-21811,CUST-8725,SESS-26811,CART-23811,2024-02-23,417.65,176.30,47.81,Sports,1,Pending,Web,International,P-769,SKU-1921,417.65,6.16,33.41,New,Debit Card
ORD-21812,CUST-8725,SESS-26812,CART-23812,2024-02-06,21.44,12.82,46.03,Electronics,2,Returned,Mobile App,International,P-925,SKU-1524,10.72,13.21,1.72,New,Crypto
ORD-21813,CUST-8726,SESS-26813,CART-23813,2023-11-09,73.42,39.93,38.41,Sports,2,Completed,Mobile App,East,P-704,SKU-1548,36.71,17.63,5.87,Returning,Crypto
ORD-21814,CUST-8726,SESS-26814,CART-23814,2023-06-10,106.03,46.13,2.97,Home,4,Shipped,Web,South,P-423,SKU-174,26.51,10.25,8.48,Returning,Credit Card
ORD-21815,CUST-8727,SESS-26815,CART-23815,2023-12-01,319.53,160.63,23.96,,1,Shipped,Web,South,P-913,SKU-4438,319.53,6.17,25.56,New,Credit Card
ORD-21816,CUST-8727,SESS-26816,CART-23816,2023-02-18,121.95,66.64,24.55,Fashion,5,Cancelled,Social Media,South,P-623,SKU-1033,24.39,9.35,9.76,New,PayPal
ORD-21817,CUST-8727,SESS-26817,CART-23817,2024-08-04,427.29,135.79,42.91,Beauty,3,Returned,Mobile App,West,P-795,SKU-2526,142.43,15.47,34.18,Returning,Crypto
ORD-21818,CUST-8728,SESS-26818,CART-23818,2024-07-17,490.48,199.64,29.53,Beauty,4,Completed,Social Media,North,P-485,SKU-734,122.62,9.42,39.24,VIP,Debit Card
ORD-21819,CUST-8728,SESS-26819,CART-23819,2024-12-06,334.51,199.22,10.24,Sports,2,Returned,Social Media,North,P-780,SKU-2298,167.26,1.63,26.76,VIP,PayPal
ORD-21820,CUST-8729,SESS-26820,CART-23820,2025-05-25,  322.86  ,137.28,30.06,Electronics,5,Completed,Affiliate,West,P-104,SKU-3809,64.57,16.52,25.83,Returning,Debit Card
ORD-21821,CUST-8729,SESS-26821,CART-23821,2025-09-08,32.14,14.84,2.91,Fashion,3,Completed,Mobile App,West,P-307,SKU-3870,10.71,15.55,2.57,VIP,PayPal
ORD-21822,CUST-8729,SESS-26822,CART-23822,2023-07-24,423.04,169.08,19.36,Electronics,2,Returned,Mobile App,North,P-728,SKU-4569,211.52,13.82,33.84,New,PayPal
ORD-21823,CUST-8730,SESS-26823,CART-23823,2025-12-14,355.75,189.45,40.45,Sports,2,Shipped,Affiliate,South,P-478,SKU-585,177.88,9.95,28.46,VIP,PayPal
ORD-21824,CUST-8730,SESS-26824,CART-23824,2024-07-30,320.00,140.90,33.17,Beauty,3,Pending,Social Media,East,P-785,SKU-2554,106.67,3.59,25.60,Returning,Crypto
ORD-21825,CUST-8731,SESS-26825,CART-23825,2024-12-29,228.61,119.22,18.25,Beauty,4,Cancelled,Social Media,North,P-845,SKU-1442,57.15,12.46,18.29,VIP,PayPal
ORD-21826,CUST-8731,SESS-26826,CART-23826,2023-08-07,144.68,79.90,35.61,Sports,4,Cancelled,Affiliate,East,P-566,SKU-4336,36.17,13.96,11.57,New,Crypto
ORD-21827,CUST-8731,SESS-26827,CART-23827,2025-09-02,205.91,91.15,30.87,Home,2,Completed,Web,West,P-648,SKU-2605,102.96,2.82,16.47,New,Credit Card
ORD-21828,CUST-8732,SESS-26828,CART-23828,2024-06-01,431.91,199.44,16.95,Electronics,2,Cancelled,Affiliate,East,P-534,SKU-3853,215.96,14.64,34.55,VIP,PayPal
ORD-21829,CUST-8732,SESS-26829,CART-23829,2024-09-12,374.11,207.97,4.90,Electronics,1,Shipped,Mobile App,East,P-626,SKU-4712,374.11,13.92,29.93,VIP,PayPal
ORD-21830,CUST-8733,SESS-26830,CART-23830,2023-07-31,310.68,107.49,46.56,Electronics,1,Returned,Affiliate,East,P-520,SKU-369,310.68,3.12,24.85,VIP,Crypto
ORD-21831,CUST-8733,SESS-26831,CART-23831,2023-09-06,17.18,9.06,33.45,Electronics,3,Shipped,Affiliate,South,P-547,SKU-4475,5.73,16.67,1.37,VIP,Crypto
ORD-21832,CUST-8733,SESS-26832,CART-23832,2025-06-14,263.55,91.97,9.47,Sports,2,Cancelled,Web,International,P-148,SKU-2255,131.78,12.04,21.08,New,Crypto
ORD-21833,CUST-8734,SESS-26833,CART-23833,2023-12-27,444.35,223.52,24.65,Fashion,1,Shipped,Web,West,P-779,SKU-281,444.35,3.90,35.55,New,Credit Card
ORD-21834,CUST-8734,SESS-26834,CART-23834,2025-02-28,187.16,72.53,1.47,Sports,3,Shipped,Mobile App,South,P-97,SKU-4388,62.39,19.57,14.97,Returning,Credit Card
ORD-21835,CUST-8735,SESS-26835,CART-23835,2026-01-22,105.62,62.90,6.28,Electronics,3,Shipped,Web,West,P-983,SKU-1736,35.21,19.18,8.45,VIP,Debit Card
ORD-21836,CUST-8735,SESS-26836,CART-23836,2025-03-25,407.32,122.31,29.50,Beauty,1,Pending,Affiliate,East,P-840,SKU-2531,407.32,12.93,32.59,Returning,Credit Card
ORD-21837,CUST-8735,SESS-26837,CART-23837,2024-07-22,504.36,207.42,10.79,Beauty,2,Shipped,Web,South,P-788,SKU-1357,252.18,2.84,40.35,VIP,Credit Card
ORD-21838,CUST-8736,SESS-26838,CART-23838,2023-05-18,122.44,44.99,42.51,Home,3,Pending,Web,South,P-949,SKU-3554,40.81,1.61,9.80,VIP,Credit Card
ORD-21839,CUST-8736,SESS-26839,CART-23839,2025-06-05,184.39,67.86,2.21,Electronics,4,Completed,Web,International,P-784,SKU-2302,46.10,7.38,14.75,VIP,Credit Card
ORD-21840,CUST-8737,SESS-26840,CART-23840,2024-12-25,254.50,106.84,14.53,Fashion,NULL,Pending,Mobile App,International,P-226,SKU-301,63.62,3.13,20.36,New,Crypto
ORD-21841,CUST-8737,SESS-26841,CART-23841,2025-07-12,  137.85  ,79.96,19.20,Electronics,3,Shipped,Social Media,South,P-290,SKU-1387,45.95,6.67,11.03,New,Debit Card
ORD-21842,CUST-8737,SESS-26842,CART-23842,2026-02-13,353.28,206.49,22.05,Beauty,2,Cancelled,Mobile App,International,P-656,SKU-1061,176.64,5.61,28.26,Returning,Debit Card
ORD-21843,CUST-8738,SESS-26843,CART-23843,2023-09-30,464.06,213.95,49.80,Beauty,4,Completed,Mobile App,International,P-822,SKU-416,116.02,12.44,37.12,VIP,Debit Card
ORD-21844,CUST-8738,SESS-26844,CART-23844,2025-09-07,267.15,135.58,30.03,Fashion,4,Pending,Social Media,North,P-868,SKU-430,66.79,11.51,21.37,VIP,PayPal
ORD-21845,CUST-8739,SESS-26845,CART-23845,2025-12-04,178.81,58.35,47.48,Electronics,4,Shipped,Affiliate,South,P-295,SKU-3148,44.70,9.87,14.30,New,PayPal
ORD-21846,CUST-8739,SESS-26846,CART-23846,2024-06-11,211.90,116.99,42.53,Home,5,Cancelled,Mobile App,North,P-154,SKU-4028,42.38,1.77,16.95,VIP,Crypto
ORD-21847,CUST-8739,SESS-26847,CART-23847,2025-10-10,276.88,149.67,29.72,Electronics,3,Shipped,Affiliate,North,P-990,SKU-2345,92.29,15.83,22.15,Returning,PayPal
ORD-21848,CUST-8740,SESS-26848,CART-23848,2/7/2024,  79.58  ,27.79,14.18,Electronics,5,Pending,Social Media,West,P-84,SKU-3281,15.92,2.60,6.37,New,PayPal
ORD-21849,CUST-8740,SESS-26849,CART-23849,2024-07-13,85.31,33.28,42.27,Electronics,1,Pending,Affiliate,International,P-954,SKU-601,85.31,0.43,6.82,VIP,Credit Card
ORD-21850,CUST-8741,SESS-26850,CART-23850,2023-04-15,176.67,71.45,23.83,Beauty,5,Returned,Web,East,P-733,SKU-3998,35.33,9.82,14.13,VIP,Crypto
ORD-21851,CUST-8741,SESS-26851,CART-23851,1760857810170,286.30,171.31,49.28,Fashion,2,Returned,Affiliate,International,P-623,SKU-241,143.15,6.18,22.90,VIP,Debit Card
ORD-21852,CUST-8741,SESS-26852,CART-23852,2026-02-15,128.00,51.93,29.07,Fashion,1,Pending,Affiliate,East,P-46,SKU-3309,128.00,6.51,10.24,VIP,Crypto
ORD-21853,CUST-8742,SESS-26853,CART-23853,2024-12-04,457.33,224.40,19.69,NULL,3,Shipped,Mobile App,East,P-477,SKU-2536,152.44,11.40,36.59,New,Credit Card
ORD-21854,CUST-8742,SESS-26854,CART-23854,2025-04-14,  226.63  ,127.31,47.25,Sports,1,Returned,Social Media,North,P-907,SKU-1565,226.63,11.45,18.13,Returning,Debit Card
ORD-21855,CUST-8743,SESS-26855,CART-23855,2023-11-07,406.63,223.70,29.21,Home,3,Returned,Web,West,P-703,SKU-2013,135.54,19.59,32.53,New,Credit Card
ORD-21856,CUST-8743,SESS-26856,CART-23856,12/15/2023,190.07,61.53,22.30,Fashion,4,Cancelled,Mobile App,International,P-215,SKU-781,47.52,12.81,15.21,Returning,Credit Card
ORD-21857,CUST-8743,SESS-26857,CART-23857,2024-12-07,222.72,120.64,16.51,Home,2,Cancelled,Social Media,South,P-615,SKU-1300,111.36,8.40,17.82,New,Credit Card
ORD-21858,CUST-8744,SESS-26858,CART-23858,2023-06-19,NULL,260.10,43.54,Home,3,Returned,Social Media,South,P-727,SKU-2037,167.08,6.05,40.10,Returning,Crypto
ORD-21859,CUST-8744,SESS-26859,CART-23859,2023-11-29,133.94,57.06,8.92,Beauty,1,Returned,Mobile App,South,P-136,SKU-632,133.94,10.30,10.72,New,Credit Card
ORD-21860,CUST-8745,SESS-26860,CART-23860,2025-01-16,426.88,246.26,4.73,Home,2,Pending,Mobile App,West,P-549,SKU-3444,213.44,19.82,34.15,New,Credit Card
ORD-21861,CUST-8745,SESS-26861,CART-23861,2024-10-28,122.21,42.40,14.51,Sports,3,Pending,Affiliate,South,P-682,SKU-1346,40.74,0.79,9.78,VIP,Crypto
ORD-21862,CUST-8745,SESS-26862,CART-23862,2023-01-17,338.84,148.39,14.48,Home,1,Cancelled,Web,West,P-394,SKU-4970,338.84,1.92,27.11,New,Credit Card
ORD-21863,CUST-8746,SESS-26863,CART-23863,2024-12-10,471.80,183.56,0.76,Sports,1,Pending,Web,East,P-518,SKU-4586,471.80,1.61,37.74,Returning,PayPal
ORD-21864,CUST-8746,SESS-26864,CART-23864,2025-01-11,191.66,62.93,42.33,Sports,5,Shipped,Web,South,P-266,SKU-1787,38.33,8.46,15.33,New,Debit Card
ORD-21865,CUST-8747,SESS-26865,CART-23865,2024-11-29,400.28,179.64,10.88,Electronics,3,Shipped,Mobile App,International,P-377,SKU-62,133.43,14.46,32.02,New,Credit Card
ORD-21866,CUST-8747,SESS-26866,CART-23866,2024-02-16,44.51,26.65,40.06,Home,5,Cancelled,Affiliate,West,P-817,SKU-250,8.90,16.93,3.56,New,Debit Card
ORD-21867,CUST-8747,SESS-26867,CART-23867,2024-01-09,143.37,80.54,27.93,Home,4,Shipped,Mobile App,South,P-48,SKU-1142,35.84,5.97,11.47,Returning,Debit Card
ORD-21868,CUST-8748,SESS-26868,CART-23868,2024-05-23,106.06,42.29,37.76,Sports,1,Completed,Mobile App,South,P-75,SKU-3964,106.06,6.33,8.49,New,Crypto
ORD-21869,CUST-8748,SESS-26869,CART-23869,2026-01-06,315.35,145.07,34.02,NULL,5,Pending,Social Media,North,P-573,SKU-4733,63.07,6.93,25.23,Returning,Debit Card
ORD-21870,CUST-8749,SESS-26870,CART-23870,2023-04-21,509.15,155.36,16.30,Electronics,1,Returned,Affiliate,North,P-536,SKU-3458,509.15,4.91,40.73,New,Credit Card
ORD-21871,CUST-8749,SESS-26871,CART-23871,2024-11-18,360.13,182.80,49.32,Electronics,4,Shipped,Affiliate,West,P-665,SKU-3201,90.03,3.06,28.81,New,Credit Card
ORD-21872,CUST-8749,SESS-26872,CART-23872,2023-05-29,34.72,16.36,42.71,Fashion,4,Returned,Mobile App,South,P-658,SKU-358,8.68,13.45,2.78,VIP,Debit Card
ORD-21873,CUST-8750,SESS-26873,CART-23873,2023-04-23,338.13,125.89,29.97,Beauty,1,Cancelled,Mobile App,International,P-994,SKU-756,338.13,2.33,27.05,VIP,Debit Card
ORD-21874,CUST-8750,SESS-26874,CART-23874,2026-02-06,86.40,30.42,9.35,,5,Completed,Social Media,North,P-35,SKU-2513,17.28,19.64,6.91,New,Crypto
ORD-21875,CUST-8751,SESS-26875,CART-23875,2024-12-08,278.08,162.93,22.83,Sports,4,Returned,Affiliate,East,P-606,SKU-1046,69.52,18.39,22.25,New,Credit Card
ORD-21876,CUST-8751,SESS-26876,CART-23876,2025-08-09,424.84,243.48,7.68,Sports,1,Completed,Social Media,East,P-237,SKU-1824,424.84,0.40,33.99,New,PayPal
ORD-21877,CUST-8751,SESS-26877,CART-23877,2024-12-22,20.59,10.53,5.80,Home,5,Pending,Mobile App,International,P-405,SKU-3194,4.12,4.44,1.65,VIP,Credit Card
ORD-21878,CUST-8752,SESS-26878,CART-23878,2025-04-05,401.87,139.00,38.77,Electronics,5,Returned,Mobile App,South,P-697,SKU-3729,80.37,17.93,32.15,VIP,Debit Card
ORD-21879,CUST-8752,SESS-26879,CART-23879,2025-10-16,178.68,55.46,10.01,Fashion,5,Cancelled,Mobile App,North,P-618,SKU-1465,35.74,7.25,14.29,New,Crypto
ORD-21880,CUST-8753,SESS-26880,CART-23880,2026-02-15,146.93,76.77,2.91,Sports,1,Returned,Social Media,North,P-475,SKU-752,146.93,0.69,11.75,Returning,Debit Card
ORD-21881,CUST-8753,SESS-26881,CART-23881,2023-06-03,377.11,218.05,42.63,Fashion,5,Returned,Mobile App,West,P-762,SKU-223,75.42,2.20,30.17,Returning,Debit Card
ORD-21882,CUST-8753,SESS-26882,CART-23882,2024-10-20,217.47,97.34,22.29,  beauty  ,1,Completed,Mobile App,South,P-629,SKU-562,217.47,1.41,17.40,New,Debit Card
ORD-21883,CUST-8754,SESS-26883,CART-23883,3/4/2025,66.05,35.24,11.59,Electronics,2,Shipped,Web,East,P-500,SKU-2617,33.03,0.44,5.28,VIP,Credit Card
ORD-21884,CUST-8754,SESS-26884,CART-23884,2025-04-20,330.88,162.46,41.71,Fashion,1,Cancelled,Social Media,West,P-75,SKU-2656,330.88,10.96,26.47,VIP,Credit Card
ORD-21885,CUST-8755,SESS-26885,CART-23885,2024-01-28,427.39,222.99,14.83,,5,Pending,Affiliate,West,P-477,SKU-3509,85.48,0.59,34.19,New,Credit Card
ORD-21886,CUST-8755,SESS-26886,CART-23886,12/16/2023,  466.97  ,156.02,39.71,Beauty,3,Returned,Web,International,P-796,SKU-1725,155.66,6.99,37.36,Returning,Credit Card
ORD-21887,CUST-8755,SESS-26887,CART-23887,2024-01-19,476.64,151.54,11.42,Beauty,4,Returned,Web,South,P-435,SKU-4326,119.16,0.62,38.13,Returning,PayPal
ORD-21888,CUST-8756,SESS-26888,CART-23888,2025-06-29,18.69,7.41,11.95,Sports,5,Completed,Mobile App,South,P-794,SKU-1941,3.74,15.41,1.50,VIP,Crypto
ORD-21889,CUST-8756,SESS-26889,CART-23889,2024-05-17,275.71,109.93,43.79,Fashion,3,Completed,Web,North,P-2,SKU-1575,91.90,17.38,22.06,Returning,Credit Card
ORD-21890,CUST-8757,SESS-26890,CART-23890,2025-04-07,408.97,199.02,30.44,Fashion,2,Shipped,Social Media,South,P-151,SKU-4966,204.48,19.02,32.72,Returning,PayPal
ORD-21891,CUST-8757,SESS-26891,CART-23891,2025-06-06,195.16,75.40,42.91,Home,2,Pending,Web,International,P-910,SKU-4298,97.58,11.69,15.61,VIP,Crypto
ORD-21892,CUST-8757,SESS-26892,CART-23892,2024-08-25,24.12,9.61,18.43,Sports,4,Shipped,Social Media,West,P-937,SKU-4780,6.03,2.94,1.93,VIP,Debit Card
ORD-21893,CUST-8758,SESS-26893,CART-23893,2024-08-24,392.13,181.16,38.60,Electronics,5,Pending,Web,West,P-465,SKU-3760,78.43,13.85,31.37,Returning,Credit Card
ORD-21894,CUST-8758,SESS-26894,CART-23894,2024-11-15,444.17,243.10,33.57,Electronics,2,Cancelled,Mobile App,East,P-277,SKU-359,222.08,4.18,35.53,VIP,Crypto
ORD-21895,CUST-8759,SESS-26895,CART-23895,2025-04-22,339.31,144.24,7.16,Home,2,Completed,Social Media,South,P-84,SKU-4162,169.66,14.89,27.15,New,PayPal
ORD-21896,CUST-8759,SESS-26896,CART-23896,2025-04-14,69.39,27.32,19.11,Electronics,2,Returned,Web,South,P-964,SKU-2562,34.70,10.60,5.55,VIP,Crypto
ORD-21897,CUST-8759,SESS-26897,CART-23897,1711180607071,53.46,17.83,23.45,Electronics,1,Shipped,Affiliate,East,P-536,SKU-3606,53.46,3.27,4.28,VIP,Crypto
ORD-21898,CUST-8760,SESS-26898,CART-23898,2025-07-28,52.43,30.05,26.46,Beauty,3,Returned,Affiliate,East,P-832,SKU-4471,17.48,19.23,4.19,Returning,Credit Card
ORD-21899,CUST-8760,SESS-26899,CART-23899,2024-05-13,260.32,149.36,40.92,Electronics,2,Pending,Social Media,International,P-499,SKU-1140,130.16,9.62,20.83,Returning,Credit Card
ORD-21900,CUST-8761,SESS-26900,CART-23900,2024-08-06,259.38,84.25,3.04,Beauty,2,Returned,Mobile App,East,P-71,SKU-2449,129.69,8.54,20.75,Returning,Credit Card
ORD-21901,CUST-8761,SESS-26901,CART-23901,2025-04-30,31.83,13.77,38.34,Sports,4,Pending,Web,International,P-617,SKU-1554,7.96,1.49,2.55,VIP,Debit Card
ORD-21902,CUST-8761,SESS-26902,CART-23902,2025-11-29,249.47,146.51,23.78,Fashion,2,Returned,Social Media,International,P-647,SKU-3404,124.74,15.89,19.96,VIP,PayPal
ORD-21903,CUST-8762,SESS-26903,CART-23903,2025-06-14,365.43,165.63,39.10,Fashion,5,Completed,Social Media,East,P-320,SKU-1094,73.09,9.29,29.23,Returning,Crypto
ORD-21904,CUST-8762,SESS-26904,CART-23904,2024-05-04,237.01,81.67,5.27,Fashion,5,Completed,Web,South,P-941,SKU-2124,47.40,4.52,18.96,New,Credit Card
ORD-21905,CUST-8763,SESS-26905,CART-23905,2023-06-14,409.86,217.74,6.91,Home,1,Cancelled,Affiliate,North,P-811,SKU-3105,409.86,7.97,32.79,VIP,Credit Card
ORD-21906,CUST-8763,SESS-26906,CART-23906,2023-07-30,435.09,258.71,13.43,Beauty,2,Completed,Affiliate,East,P-673,SKU-3001,217.55,16.13,34.81,Returning,PayPal
ORD-21907,CUST-8763,SESS-26907,CART-23907,2025-05-28,417.50,218.12,10.34,Beauty,2,Pending,Web,International,P-996,SKU-3397,208.75,5.28,33.40,New,Debit Card
ORD-21908,CUST-8764,SESS-26908,CART-23908,2023-08-22,11.43,3.84,2.19,Fashion,1,Cancelled,Mobile App,East,P-439,SKU-2061,11.43,2.96,0.91,Returning,Debit Card
ORD-21909,CUST-8764,SESS-26909,CART-23909,5/26/2023,407.15,198.92,24.57,Home,3,Returned,Mobile App,North,P-248,SKU-45,135.72,16.44,32.57,New,Debit Card
ORD-21910,CUST-8765,SESS-26910,CART-23910,2024-05-11,344.43,117.16,23.76,Electronics,5,Returned,Social Media,North,P-274,SKU-3557,68.89,2.23,27.55,Returning,Crypto
ORD-21911,CUST-8765,SESS-26911,CART-23911,2023-02-23,341.53,161.86,3.32,Sports,1,Shipped,Web,East,P-853,SKU-4044,341.53,0.31,27.32,New,Credit Card
ORD-21912,CUST-8765,SESS-26912,CART-23912,2024-04-22,52.70,25.47,2.28,Home,5,Returned,Affiliate,North,P-535,SKU-905,10.54,15.85,4.22,New,Crypto
ORD-21913,CUST-8766,SESS-26913,CART-23913,2025-05-02,501.87,239.76,46.92,Beauty,5,Cancelled,Mobile App,International,P-22,SKU-1406,100.37,9.08,40.15,New,Debit Card
ORD-21914,CUST-8766,SESS-26914,CART-23914,4/30/2024,205.86,120.66,18.61,Home,1,Pending,Social Media,International,P-604,SKU-4389,205.86,10.25,16.47,New,PayPal
ORD-21915,CUST-8767,SESS-26915,CART-23915,2023-04-03,292.87,151.48,46.82,Fashion,2,Completed,Social Media,East,P-890,SKU-3616,146.43,0.87,23.43,VIP,PayPal
ORD-21916,CUST-8767,SESS-26916,CART-23916,2024-02-24,112.80,57.18,23.44,Electronics,3,Shipped,Social Media,International,P-241,SKU-1037,37.60,6.49,9.02,Returning,Credit Card
ORD-21917,CUST-8767,SESS-26917,CART-23917,2025-08-13,432.03,165.17,1.95,Sports,5,Shipped,Social Media,International,P-944,SKU-3327,86.41,13.75,34.56,VIP,Crypto
ORD-21918,CUST-8768,SESS-26918,CART-23918,2025-06-12,454.64,173.52,18.54,Beauty,2,Cancelled,Web,South,P-130,SKU-1496,227.32,19.41,36.37,New,Crypto
ORD-21919,CUST-8768,SESS-26919,CART-23919,2023-06-18,67.19,35.28,43.66,Beauty,4,Pending,Mobile App,South,P-288,SKU-781,16.80,17.01,5.38,VIP,Credit Card
ORD-21920,CUST-8769,SESS-26920,CART-23920,2023-11-07,479.27,228.22,38.81,Electronics,3,Shipped,Social Media,South,P-806,SKU-4771,159.76,2.49,38.34,New,Credit Card
ORD-21921,CUST-8769,SESS-26921,CART-23921,2024-03-19,359.32,210.95,23.90,Sports,1,Returned,Web,East,P-970,SKU-2745,359.32,10.78,28.75,VIP,Debit Card
ORD-21922,CUST-8769,SESS-26922,CART-23922,2025-09-21,280.80,91.74,32.29,Home,2,Shipped,Social Media,West,P-278,SKU-3711,140.40,14.15,22.46,New,Credit Card
ORD-21923,CUST-8770,SESS-26923,CART-23923,2024-11-01,157.69,88.42,0.34,Fashion,3,Completed,Mobile App,North,P-932,SKU-1668,52.56,13.63,12.61,Returning,Debit Card
ORD-21924,CUST-8770,SESS-26924,CART-23924,2025-07-03,240.72,127.46,40.47,Home,2,Completed,Social Media,South,P-871,SKU-93,120.36,11.86,19.26,VIP,Credit Card
ORD-21925,CUST-8771,SESS-26925,CART-23925,2023-04-28,407.89,164.24,4.66,Electronics,3,Pending,Web,South,P-305,SKU-266,135.96,6.61,32.63,Returning,Credit Card
ORD-21926,CUST-8771,SESS-26926,CART-23926,1682942839775,29.72,14.09,47.62,Home,3,Returned,Social Media,East,P-476,SKU-2652,9.91,12.81,2.38,Returning,PayPal
ORD-21927,CUST-8771,SESS-26927,CART-23927,2025-08-18,146.78,52.27,30.05,Home,2,Shipped,Mobile App,West,P-503,SKU-1347,73.39,11.52,11.74,New,PayPal
ORD-21928,CUST-8772,SESS-26928,CART-23928,2025-06-06,377.99,164.68,13.52,Home,2,Shipped,Web,International,P-268,SKU-1994,188.99,8.80,30.24,VIP,Crypto
ORD-21929,CUST-8772,SESS-26929,CART-23929,2023-01-24,340.12,130.33,32.89,Beauty,2,Shipped,Mobile App,North,P-835,SKU-2616,170.06,13.96,27.21,New,Crypto
ORD-21930,CUST-8773,SESS-26930,CART-23930,2026-02-27,351.12,134.39,16.49,Beauty,3,Pending,Mobile App,International,P-77,SKU-2573,117.04,10.46,28.09,New,Crypto
ORD-21931,CUST-8773,SESS-26931,CART-23931,2024-03-10,48.76,20.21,6.58,Fashion,4,Returned,Affiliate,North,P-422,SKU-2502,12.19,14.66,3.90,VIP,PayPal
ORD-21932,CUST-8773,SESS-26932,CART-23932,2025-04-12,116.54,46.53,22.65,Beauty,2,Pending,Mobile App,East,P-231,SKU-993,58.27,18.66,9.32,Returning,Credit Card
ORD-21933,CUST-8774,SESS-26933,CART-23933,2023-12-15,282.42,97.01,22.04,Electronics,5,Completed,Web,South,P-23,SKU-554,56.48,19.24,22.59,Returning,PayPal
ORD-21934,CUST-8774,SESS-26934,CART-23934,2024-06-03,339.11,124.92,45.08,Fashion,2,Cancelled,Affiliate,North,P-284,SKU-4834,169.56,19.69,27.13,Returning,PayPal
ORD-21935,CUST-8775,SESS-26935,CART-23935,2025-02-12,347.84,133.11,13.75,Home,1,Pending,Affiliate,International,P-711,SKU-3130,347.84,13.76,27.83,VIP,Crypto
ORD-21936,CUST-8775,SESS-26936,CART-23936,2025-03-09,382.55,178.17,21.09,Home,1,Pending,Web,International,P-456,SKU-3963,382.55,7.24,30.60,Returning,Debit Card
ORD-21937,CUST-8775,SESS-26937,CART-23937,2025-03-12,228.17,133.52,49.85,Beauty,3,Completed,Affiliate,East,P-15,SKU-4283,76.06,6.59,18.25,New,Debit Card
ORD-21938,CUST-8776,SESS-26938,CART-23938,2023-11-17,129.78,70.59,6.24,Electronics,4,Completed,Web,International,P-846,SKU-1660,32.45,19.04,10.38,New,Credit Card
ORD-21939,CUST-8776,SESS-26939,CART-23939,2024-04-29,503.21,213.91,46.91,Beauty,5,Pending,Mobile App,South,P-837,SKU-2502,100.64,13.30,40.26,Returning,Debit Card
ORD-21940,CUST-8777,SESS-26940,CART-23940,2024-03-02,  194.76  ,96.01,40.92,Sports,2,Pending,Web,West,P-891,SKU-550,97.38,0.59,15.58,New,Credit Card
ORD-21941,CUST-8777,SESS-26941,CART-23941,2023-07-24,142.43,67.86,9.09,Sports,3,Shipped,Web,North,P-794,SKU-778,47.48,9.18,11.39,Returning,Credit Card
ORD-21942,CUST-8777,SESS-26942,CART-23942,2023-11-15,87.85,48.97,26.46,Beauty,5,Returned,Web,East,P-958,SKU-4430,17.57,2.67,7.03,Returning,Crypto
ORD-21943,CUST-8778,SESS-26943,CART-23943,2024-04-12,249.77,122.14,7.29,Home,1,Cancelled,Mobile App,International,P-648,SKU-1219,249.77,19.21,19.98,VIP,PayPal
ORD-21944,CUST-8778,SESS-26944,CART-23944,2025-01-29,471.42,280.94,21.16,Electronics,1,Shipped,Affiliate,North,P-379,SKU-2463,471.42,3.94,37.71,Returning,Credit Card
ORD-21945,CUST-8779,SESS-26945,CART-23945,2023-07-03,431.16,244.29,36.52,Sports,2,Pending,Social Media,North,P-364,SKU-4794,215.58,16.48,34.49,VIP,PayPal
ORD-21946,CUST-8779,SESS-26946,CART-23946,2023-06-29,120.06,61.29,11.23,Sports,2,Pending,Social Media,South,P-546,SKU-2431,60.03,16.08,9.60,VIP,Credit Card
ORD-21947,CUST-8779,SESS-26947,CART-23947,2026-03-07,118.30,60.92,10.18,Home,3,Pending,Web,East,P-768,SKU-1442,39.43,6.07,9.46,New,Crypto
ORD-21948,CUST-8780,SESS-26948,CART-23948,1691133786485,66.01,37.34,0.36,Fashion,1,Completed,Mobile App,North,P-294,SKU-1699,66.01,13.07,5.28,Returning,PayPal
ORD-21949,CUST-8780,SESS-26949,CART-23949,2025-04-14,149.76,63.80,41.51,Home,2,Cancelled,Web,International,P-175,SKU-2298,74.88,9.93,11.98,VIP,Credit Card
ORD-21950,CUST-8781,SESS-26950,CART-23950,1/20/2023,479.85,165.54,37.56,Beauty,2,Shipped,Social Media,South,P-875,SKU-362,239.93,11.40,38.39,New,Credit Card
ORD-21951,CUST-8781,SESS-26951,CART-23951,1731416780448,214.74,108.87,49.51,Electronics,5,Completed,Affiliate,East,P-434,SKU-1151,42.95,0.55,17.18,New,Credit Card
ORD-21952,CUST-8781,SESS-26952,CART-23952,2025-01-25,78.28,28.74,47.13,Sports,4,Pending,Social Media,West,P-445,SKU-837,19.57,9.10,6.26,Returning,Credit Card
ORD-21953,CUST-8782,SESS-26953,CART-23953,2024-01-05,137.60,58.93,23.22,,2,Shipped,Web,West,P-423,SKU-203,68.80,2.35,11.01,New,Credit Card
ORD-21954,CUST-8782,SESS-26954,CART-23954,2025-09-11,135.62,55.79,42.83,Home,3,Shipped,Mobile App,South,P-563,SKU-1263,45.21,8.98,10.85,Returning,Crypto
ORD-21955,CUST-8783,SESS-26955,CART-23955,2024-10-05,393.38,220.84,39.89,Electronics,4,Pending,Mobile App,South,P-232,SKU-3021,98.35,0.09,31.47,VIP,Crypto
ORD-21956,CUST-8783,SESS-26956,CART-23956,2024-04-26,500.17,271.95,22.46,Electronics,2,Shipped,Social Media,South,P-270,SKU-589,250.08,5.38,40.01,Returning,Credit Card
ORD-21957,CUST-8783,SESS-26957,CART-23957,2025-02-20,229.61,102.56,40.30,Electronics,2,Completed,Mobile App,West,P-467,SKU-4082,114.80,1.72,18.37,VIP,PayPal
ORD-21958,CUST-8784,SESS-26958,CART-23958,2025-01-28,193.31,62.72,26.98,,2,Returned,Web,North,P-786,SKU-2271,96.66,2.26,15.46,VIP,Credit Card
ORD-21959,CUST-8784,SESS-26959,CART-23959,2025-09-25,234.72,123.07,46.20,Home,3,Returned,Mobile App,South,P-555,SKU-331,78.24,2.98,18.78,New,PayPal
ORD-21960,CUST-8785,SESS-26960,CART-23960,2025-07-02,485.47,275.84,19.73,Electronics,5,Returned,Social Media,West,P-390,SKU-4137,97.09,15.81,38.84,New,Crypto
ORD-21961,CUST-8785,SESS-26961,CART-23961,2025-11-15,144.44,73.78,22.84,Beauty,2,Completed,Affiliate,South,P-649,SKU-2155,72.22,2.03,11.56,Returning,Crypto
ORD-21962,CUST-8785,SESS-26962,CART-23962,2026-03-11,325.03,156.50,46.76,Electronics,5,Cancelled,Affiliate,International,P-900,SKU-3567,65.01,5.99,26.00,Returning,PayPal
ORD-21963,CUST-8786,SESS-26963,CART-23963,2026-02-13,90.90,32.31,21.28,Beauty,1,Returned,Mobile App,North,P-937,SKU-996,90.90,4.64,7.27,New,Credit Card
ORD-21964,CUST-8786,SESS-26964,CART-23964,2023-09-18,233.49,131.94,8.05,Sports,3,Cancelled,Social Media,West,P-880,SKU-2161,77.83,8.04,18.68,Returning,Debit Card
ORD-21965,CUST-8787,SESS-26965,CART-23965,2024-07-10,117.91,37.00,22.37,Fashion,1,Completed,Affiliate,International,P-552,SKU-4087,117.91,11.94,9.43,Returning,Debit Card
ORD-21966,CUST-8787,SESS-26966,CART-23966,2024-04-30,460.12,144.35,20.30,Home,1,Returned,Mobile App,North,P-41,SKU-100,460.12,14.66,36.81,VIP,Crypto
ORD-21967,CUST-8787,SESS-26967,CART-23967,7/21/2025,145.31,56.68,29.01,Home,4,Cancelled,Social Media,East,P-358,SKU-1387,36.33,13.03,11.62,VIP,Crypto
ORD-21968,CUST-8788,SESS-26968,CART-23968,2023-11-27,117.21,60.23,41.69,Beauty,1,Completed,Web,International,P-485,SKU-596,117.21,12.98,9.38,VIP,Debit Card
ORD-21969,CUST-8788,SESS-26969,CART-23969,1756254681377,306.72,184.00,10.00,Electronics,4,Completed,Web,South,P-640,SKU-2925,76.68,18.26,24.54,Returning,Credit Card
ORD-21970,CUST-8789,SESS-26970,CART-23970,2023-03-14,242.99,126.28,25.78,Fashion,5,Shipped,Web,East,P-756,SKU-2019,48.60,14.07,19.44,Returning,PayPal
ORD-21971,CUST-8789,SESS-26971,CART-23971,2025-04-17,219.83,68.97,17.56,Home,4,Shipped,Mobile App,West,P-702,SKU-2960,54.96,7.24,17.59,Returning,PayPal
ORD-21972,CUST-8789,SESS-26972,CART-23972,2024-05-09,422.87,174.01,22.70,Sports,3,Cancelled,Mobile App,West,P-544,SKU-4929,140.96,1.94,33.83,Returning,Debit Card
ORD-21973,CUST-8790,SESS-26973,CART-23973,2026-02-05,130.30,39.40,23.79,Home,2,Completed,Web,North,P-611,SKU-2052,65.15,12.64,10.42,New,Credit Card
ORD-21974,CUST-8790,SESS-26974,CART-23974,2025-07-08,91.18,27.52,41.82,NULL,2,Returned,Social Media,South,P-911,SKU-1316,45.59,15.39,7.29,VIP,Crypto
ORD-21975,CUST-8791,SESS-26975,CART-23975,2025-05-25,92.67,31.75,11.04,Home,5,Cancelled,Web,International,P-593,SKU-4020,18.53,16.17,7.41,Returning,Credit Card
ORD-21976,CUST-8791,SESS-26976,CART-23976,2023-04-18,37.71,13.30,6.65,Home,4,Completed,Mobile App,North,P-428,SKU-3225,9.43,4.78,3.02,New,Crypto
ORD-21977,CUST-8791,SESS-26977,CART-23977,2024-03-08,508.89,266.27,40.59,Sports,2,Completed,Web,South,P-149,SKU-1723,254.44,16.04,40.71,New,Credit Card
ORD-21978,CUST-8792,SESS-26978,CART-23978,2025-02-02,469.95,214.89,15.02,Sports,2,Cancelled,Mobile App,North,P-507,SKU-4611,234.98,6.94,37.60,New,Credit Card
ORD-21979,CUST-8792,SESS-26979,CART-23979,1709220990851,144.37,53.73,8.71,Sports,3,Cancelled,Social Media,South,P-830,SKU-3048,48.12,4.54,11.55,New,Debit Card
ORD-21980,CUST-8793,SESS-26980,CART-23980,2024-06-30,66.22,20.09,32.94,Beauty,4,Shipped,Mobile App,East,P-445,SKU-4989,16.56,11.69,5.30,New,PayPal
ORD-21981,CUST-8793,SESS-26981,CART-23981,2024-09-16,  67.28  ,34.77,16.33,Sports,3,Pending,Social Media,North,P-12,SKU-2263,22.43,18.35,5.38,VIP,Crypto
ORD-21982,CUST-8793,SESS-26982,CART-23982,2023-04-29,145.12,83.63,1.02,Beauty,3,Completed,Mobile App,International,P-110,SKU-1151,48.37,17.36,11.61,VIP,Credit Card
ORD-21983,CUST-8794,SESS-26983,CART-23983,2023-04-23,313.99,179.02,37.55,Electronics,4,Cancelled,Affiliate,South,P-187,SKU-4606,78.50,19.31,25.12,Returning,Debit Card
ORD-21984,CUST-8794,SESS-26984,CART-23984,2024-11-05,343.35,122.88,14.24,Beauty,3,Cancelled,Mobile App,East,P-427,SKU-391,114.45,3.98,27.47,Returning,Crypto
ORD-21985,CUST-8795,SESS-26985,CART-23985,2023-11-23,314.15,132.59,45.08,Sports,2,Pending,Affiliate,International,P-351,SKU-1208,157.08,11.82,25.13,New,Crypto
ORD-21986,CUST-8795,SESS-26986,CART-23986,1770338633259,65.31,34.37,45.04,Beauty,5,Returned,Mobile App,North,P-599,SKU-3564,13.06,13.13,5.22,Returning,Credit Card
ORD-21987,CUST-8795,SESS-26987,CART-23987,2023-01-20,342.92,156.73,16.53,Home,1,Cancelled,Affiliate,East,P-750,SKU-211,342.92,14.86,27.43,Returning,Crypto
ORD-21988,CUST-8796,SESS-26988,CART-23988,2026-02-19,336.74,156.77,25.63,Home,5,Cancelled,Affiliate,South,P-695,SKU-4173,67.35,4.10,26.94,New,PayPal
ORD-21989,CUST-8796,SESS-26989,CART-23989,2025-10-20,  436.26  ,148.64,35.28,Fashion,1,Pending,Affiliate,South,P-646,SKU-2937,436.26,8.78,34.90,VIP,PayPal
ORD-21990,CUST-8797,SESS-26990,CART-23990,2025-02-12,80.57,26.89,12.17,Fashion,3,Completed,Affiliate,South,P-693,SKU-2924,26.86,10.09,6.45,Returning,Crypto
ORD-21991,CUST-8797,SESS-26991,CART-23991,2025-04-23,340.46,195.32,5.31,Electronics,3,Shipped,Social Media,East,P-582,SKU-1114,113.49,15.07,27.24,Returning,Credit Card
ORD-21992,CUST-8797,SESS-26992,CART-23992,2024-05-11,102.41,36.36,11.99,Fashion,1,Cancelled,Web,North,P-649,SKU-2157,102.41,11.67,8.19,New,PayPal
ORD-21993,CUST-8798,SESS-26993,CART-23993,2024-02-07,491.36,280.36,14.22,Fashion,1,Pending,Web,West,P-33,SKU-3016,491.36,14.12,39.31,Returning,Debit Card
ORD-21994,CUST-8798,SESS-26994,CART-23994,2024-06-04,183.40,77.74,17.99,Fashion,4,Shipped,Affiliate,West,P-421,SKU-2140,45.85,14.91,14.67,VIP,Debit Card
ORD-21995,CUST-8799,SESS-26995,CART-23995,2023-06-28,458.06,181.63,8.23,Sports,4,Returned,Web,West,P-137,SKU-4661,114.52,19.13,36.65,Returning,Debit Card
ORD-21996,CUST-8799,SESS-26996,CART-23996,2025-06-27,108.01,35.92,39.91,Home,3,Cancelled,Web,South,P-104,SKU-492,36.00,15.17,8.64,New,PayPal
ORD-21997,CUST-8799,SESS-26997,CART-23997,2023-11-29,297.94,173.68,37.83,Beauty,2,Cancelled,Mobile App,West,P-847,SKU-4145,148.97,7.80,23.84,VIP,Crypto
ORD-21998,CUST-8800,SESS-26998,CART-23998,2024-12-02,283.44,138.58,48.07,Fashion,2,Shipped,Social Media,West,P-606,SKU-1419,141.72,16.88,22.68,Returning,Debit Card
ORD-21999,CUST-8800,SESS-26999,CART-23999,2025-07-13,331.92,162.44,8.37,Electronics,3,Pending,Mobile App,International,P-502,SKU-2718,110.64,6.87,26.55,New,PayPal
ORD-22000,CUST-8801,SESS-27000,CART-24000,2025-11-04,194.43,76.22,32.72,Home,2,Returned,Social Media,South,P-983,SKU-2828,97.21,3.52,15.55,New,Credit Card
ORD-22001,CUST-8801,SESS-27001,CART-24001,2023-02-01,56.04,18.46,43.94,Home,1,Returned,Mobile App,International,P-695,SKU-4274,56.04,17.75,4.48,VIP,Crypto
ORD-22002,CUST-8801,SESS-27002,CART-24002,2025-03-07,51.35,21.29,7.16,Home,1,Shipped,Mobile App,West,P-410,SKU-2007,51.35,3.84,4.11,VIP,PayPal
ORD-22003,CUST-8802,SESS-27003,CART-24003,2025-06-10,377.56,152.38,0.62,Home,5,Returned,Affiliate,North,P-64,SKU-532,75.51,7.00,30.20,New,Credit Card
ORD-22004,CUST-8802,SESS-27004,CART-24004,2024-05-25,149.18,52.60,14.51,Beauty,2,Cancelled,Social Media,International,P-180,SKU-252,74.59,9.29,11.93,VIP,Credit Card
ORD-22005,CUST-8803,SESS-27005,CART-24005,2025-09-17,  86.57  ,49.15,23.25,Fashion,3,Pending,Web,South,P-141,SKU-281,28.86,19.53,6.93,VIP,Crypto
ORD-22006,CUST-8803,SESS-27006,CART-24006,2023-09-05,355.80,199.94,42.74,Beauty,1,Pending,Social Media,West,P-146,SKU-4347,355.80,19.19,28.46,Returning,PayPal
ORD-22007,CUST-8803,SESS-27007,CART-24007,2023-06-24,103.55,56.62,0.72,Fashion,1,Cancelled,Mobile App,International,P-459,SKU-2002,103.55,12.78,8.28,VIP,Credit Card
ORD-22008,CUST-8804,SESS-27008,CART-24008,2024-08-04,274.43,149.75,36.32,  beauty  ,1,Completed,Affiliate,North,P-11,SKU-4321,274.43,18.06,21.95,VIP,PayPal
ORD-22009,CUST-8804,SESS-27009,CART-24009,2023-02-02,456.99,205.97,24.90,Home,3,Pending,Social Media,North,P-138,SKU-3750,152.33,15.38,36.56,VIP,Crypto
ORD-22010,CUST-8805,SESS-27010,CART-24010,2025-02-13,142.88,50.06,29.56,Electronics,1,Pending,Affiliate,North,P-551,SKU-4792,142.88,6.39,11.43,VIP,Crypto
ORD-22011,CUST-8805,SESS-27011,CART-24011,2025-06-18,105.95,55.94,47.66,Sports,3,Shipped,Affiliate,International,P-606,SKU-2073,35.32,13.36,8.48,Returning,Crypto
ORD-22012,CUST-8805,SESS-27012,CART-24012,2025-05-13,91.38,32.56,2.88,Fashion,4,Shipped,Affiliate,International,P-819,SKU-296,22.85,9.54,7.31,VIP,Credit Card
ORD-22013,CUST-8806,SESS-27013,CART-24013,2023-10-11,219.18,128.07,48.10,Fashion,5,Returned,Social Media,North,P-3,SKU-1657,43.84,18.34,17.53,VIP,Crypto
ORD-22014,CUST-8806,SESS-27014,CART-24014,2025-12-24,242.17,95.48,10.11,Fashion,5,Shipped,Social Media,South,P-198,SKU-3117,48.43,14.93,19.37,Returning,Debit Card
ORD-22015,CUST-8807,SESS-27015,CART-24015,2024-02-07,351.14,163.68,10.43,Sports,4,Shipped,Social Media,International,P-81,SKU-4279,87.79,19.47,28.09,VIP,Crypto
ORD-22016,CUST-8807,SESS-27016,CART-24016,2023-09-06,41.52,13.32,20.69,Fashion,4,Pending,Affiliate,East,P-143,SKU-312,10.38,19.31,3.32,New,PayPal
ORD-22017,CUST-8807,SESS-27017,CART-24017,2023-08-15,400.27,179.37,31.04,Home,4,Shipped,Social Media,International,P-646,SKU-1980,100.07,11.78,32.02,VIP,Crypto
ORD-22018,CUST-8808,SESS-27018,CART-24018,2024-06-03,130.12,41.62,7.55,Fashion,5,Shipped,Mobile App,International,P-275,SKU-4202,26.02,1.44,10.41,Returning,Debit Card
ORD-22019,CUST-8808,SESS-27019,CART-24019,2024-04-21,57.02,22.68,40.10,Fashion,4,Completed,Affiliate,North,P-508,SKU-708,14.25,9.81,4.56,Returning,PayPal
ORD-22020,CUST-8809,SESS-27020,CART-24020,2023-01-29,252.11,92.74,13.02,Home,4,Shipped,Social Media,East,P-865,SKU-2806,63.03,16.43,20.17,New,PayPal
ORD-22021,CUST-8809,SESS-27021,CART-24021,2023-09-22,420.64,135.90,15.43,Beauty,1,Returned,Social Media,South,P-263,SKU-953,420.64,13.11,33.65,New,Debit Card
ORD-22022,CUST-8809,SESS-27022,CART-24022,2023-07-29,206.66,96.42,8.02,Sports,1,Returned,Affiliate,International,P-446,SKU-2230,206.66,14.18,16.53,VIP,Crypto
ORD-22023,CUST-8810,SESS-27023,CART-24023,2025-07-30,250.27,90.23,2.89,Electronics,4,Cancelled,Affiliate,East,P-369,SKU-601,62.57,9.19,20.02,Returning,PayPal
ORD-22024,CUST-8810,SESS-27024,CART-24024,7/28/2025,300.57,110.98,0.66,Beauty,5,Returned,Social Media,North,P-984,SKU-1721,60.11,17.72,24.05,Returning,Credit Card
ORD-22025,CUST-8811,SESS-27025,CART-24025,2023-09-20,485.43,157.84,35.40,Fashion,3,Cancelled,Web,West,P-955,SKU-1254,161.81,9.48,38.83,New,Credit Card
ORD-22026,CUST-8811,SESS-27026,CART-24026,2023-05-19,423.46,145.71,12.95,Sports,5,Shipped,Social Media,South,P-384,SKU-2083,84.69,19.27,33.88,New,PayPal
ORD-22027,CUST-8811,SESS-27027,CART-24027,2025-11-29,335.14,110.23,41.53,Fashion,4,Cancelled,Web,South,P-753,SKU-3204,83.79,12.69,26.81,New,Debit Card
ORD-22028,CUST-8812,SESS-27028,CART-24028,2024-10-09,54.12,27.78,19.78,Fashion,1,Cancelled,Mobile App,West,P-671,SKU-1071,54.12,4.03,4.33,Returning,Credit Card
ORD-22029,CUST-8812,SESS-27029,CART-24029,2025-10-07,23.75,10.00,24.08,Fashion,5,Cancelled,Mobile App,South,P-39,SKU-1866,4.75,1.09,1.90,VIP,Credit Card
ORD-22030,CUST-8813,SESS-27030,CART-24030,2025-05-13,54.22,31.10,18.93,Sports,3,Cancelled,Web,South,P-767,SKU-1742,18.07,12.11,4.34,Returning,Debit Card
ORD-22031,CUST-8813,SESS-27031,CART-24031,2025-11-24,480.07,261.73,44.33,Fashion,3,Completed,Social Media,South,P-719,SKU-2276,160.02,9.43,38.41,VIP,Credit Card
ORD-22032,CUST-8813,SESS-27032,CART-24032,2024-09-29,376.79,138.42,18.61,Electronics,3,Shipped,Mobile App,North,P-201,SKU-3274,125.60,3.97,30.14,Returning,Crypto
ORD-22033,CUST-8814,SESS-27033,CART-24033,10/22/2025,107.05,36.78,15.72,Electronics,,Cancelled,Affiliate,South,P-190,SKU-1201,35.68,19.86,8.56,VIP,Credit Card
ORD-22034,CUST-8814,SESS-27034,CART-24034,2024-05-21,216.76,82.19,43.36,Fashion,3,Returned,Social Media,South,P-203,SKU-675,72.25,1.56,17.34,Returning,Crypto
ORD-22035,CUST-8815,SESS-27035,CART-24035,2024-05-23,279.33,142.51,37.27,Fashion,4,Cancelled,Web,East,P-846,SKU-1163,69.83,5.46,22.35,VIP,Crypto
ORD-22036,CUST-8815,SESS-27036,CART-24036,2024-08-05,396.94,152.79,38.11,Sports,5,Shipped,Mobile App,North,P-397,SKU-2977,79.39,17.65,31.76,VIP,PayPal
ORD-22037,CUST-8815,SESS-27037,CART-24037,2023-11-28,251.41,145.17,46.98,Beauty,3,Returned,Social Media,International,P-36,SKU-4912,83.80,13.26,20.11,New,Debit Card
ORD-22038,CUST-8816,SESS-27038,CART-24038,2023-05-27,505.24,260.69,4.23,Beauty,1,Pending,Mobile App,North,P-301,SKU-1136,505.24,10.76,40.42,New,Crypto
ORD-22039,CUST-8816,SESS-27039,CART-24039,2025-10-24,77.73,24.32,17.48,Beauty,2,Cancelled,Web,West,P-344,SKU-651,38.86,11.10,6.22,Returning,Crypto
ORD-22040,CUST-8817,SESS-27040,CART-24040,2023-07-15,10.60,5.39,28.37,Electronics,,Cancelled,Mobile App,West,P-591,SKU-4415,10.60,12.27,0.85,Returning,Credit Card
ORD-22041,CUST-8817,SESS-27041,CART-24041,2024-10-15,  182.76  ,105.00,32.24,Fashion,4,Cancelled,Mobile App,South,P-795,SKU-388,45.69,12.48,14.62,VIP,Credit Card
ORD-22042,CUST-8817,SESS-27042,CART-24042,2025-07-21,341.83,147.55,47.27,Electronics,1,Pending,Social Media,International,P-927,SKU-598,341.83,19.77,27.35,Returning,Credit Card
ORD-22043,CUST-8818,SESS-27043,CART-24043,2024-01-04,24.86,12.70,8.83,Fashion,1,Pending,Social Media,East,P-108,SKU-3816,24.86,7.41,1.99,New,Debit Card
ORD-22044,CUST-8818,SESS-27044,CART-24044,2024-03-18,502.54,152.37,23.94,Beauty,2,Shipped,Mobile App,East,P-764,SKU-1107,251.27,6.71,40.20,VIP,Crypto
ORD-22045,CUST-8819,SESS-27045,CART-24045,2024-02-10,35.87,21.25,12.64,Sports,2,Completed,Mobile App,West,P-149,SKU-2609,17.94,8.08,2.87,New,PayPal
ORD-22046,CUST-8819,SESS-27046,CART-24046,2023-10-04,124.83,60.45,13.10,Sports,5,Shipped,Social Media,North,P-819,SKU-16,24.97,8.08,9.99,VIP,PayPal
ORD-22047,CUST-8819,SESS-27047,CART-24047,2024-07-14,273.75,117.77,4.14,Home,4,Shipped,Affiliate,South,P-723,SKU-1534,68.44,19.71,21.90,New,Debit Card
ORD-22048,CUST-8820,SESS-27048,CART-24048,2024-09-11,436.34,241.74,37.14,  fashion  ,4,Pending,Affiliate,West,P-598,SKU-54,109.09,5.76,34.91,Returning,Credit Card
ORD-22049,CUST-8820,SESS-27049,CART-24049,2024-10-28,81.03,48.44,15.49,Home,2,Pending,Affiliate,South,P-783,SKU-2669,40.51,17.53,6.48,Returning,Debit Card
ORD-22050,CUST-8821,SESS-27050,CART-24050,2023-12-16,147.89,75.51,12.81,Fashion,5,Shipped,Mobile App,South,P-153,SKU-4765,29.58,1.85,11.83,Returning,PayPal
ORD-22051,CUST-8821,SESS-27051,CART-24051,2024-08-13,  172.26  ,77.52,39.54,  home  ,3,Completed,Affiliate,West,P-710,SKU-4337,57.42,7.10,13.78,VIP,Credit Card
ORD-22052,CUST-8821,SESS-27052,CART-24052,2024-09-21,171.36,101.47,2.48,Electronics,4,Pending,Web,North,P-242,SKU-4410,42.84,5.78,13.71,VIP,Crypto
ORD-22053,CUST-8822,SESS-27053,CART-24053,2024-11-06,216.60,79.94,37.40,Electronics,5,Pending,Mobile App,West,P-487,SKU-3204,43.32,6.56,17.33,VIP,Debit Card
ORD-22054,CUST-8822,SESS-27054,CART-24054,2023-02-10,471.06,262.76,43.36,Home,1,Cancelled,Affiliate,West,P-26,SKU-4543,471.06,16.21,37.68,VIP,PayPal
ORD-22055,CUST-8823,SESS-27055,CART-24055,2024-04-07,216.53,69.08,9.12,Home,2,Pending,Web,North,P-191,SKU-1614,108.27,2.35,17.32,New,Crypto
ORD-22056,CUST-8823,SESS-27056,CART-24056,2023-10-02,51.53,18.34,31.11,Fashion,2,Shipped,Social Media,West,P-873,SKU-4920,25.77,4.30,4.12,VIP,Credit Card
ORD-22057,CUST-8823,SESS-27057,CART-24057,2025-09-13,181.46,79.24,4.30,Fashion,3,Returned,Web,North,P-533,SKU-4003,60.49,8.97,14.52,New,Debit Card
ORD-22058,CUST-8824,SESS-27058,CART-24058,2024-11-24,91.08,47.25,34.96,Sports,4,Cancelled,Web,South,P-736,SKU-2209,22.77,8.28,7.29,VIP,Debit Card
ORD-22059,CUST-8824,SESS-27059,CART-24059,2023-08-06,140.50,53.36,37.58,Beauty,2,Shipped,Social Media,East,P-888,SKU-3846,70.25,10.98,11.24,Returning,PayPal
ORD-22060,CUST-8825,SESS-27060,CART-24060,2025-07-08,134.83,52.69,0.71,Electronics,5,Pending,Social Media,South,P-277,SKU-1848,26.97,7.47,10.79,Returning,Credit Card
ORD-22061,CUST-8825,SESS-27061,CART-24061,2025-02-28,10.50,4.91,37.46,Electronics,3,Pending,Mobile App,North,P-801,SKU-3296,3.50,10.56,0.84,Returning,PayPal
ORD-22062,CUST-8825,SESS-27062,CART-24062,2023-06-17,322.48,99.84,7.66,Home,3,Cancelled,Mobile App,West,P-179,SKU-4892,107.49,12.79,25.80,New,Crypto
ORD-22063,CUST-8826,SESS-27063,CART-24063,2024-02-11,265.96,106.84,1.16,Electronics,5,Completed,Mobile App,International,P-541,SKU-2079,53.19,13.15,21.28,Returning,Crypto
ORD-22064,CUST-8826,SESS-27064,CART-24064,2023-05-30,155.42,63.36,48.20,Fashion,3,Returned,Web,International,P-653,SKU-2838,51.81,14.05,12.43,VIP,Debit Card
ORD-22065,CUST-8827,SESS-27065,CART-24065,2026-02-24,456.35,206.59,1.53,Sports,5,Pending,Web,North,P-153,SKU-2065,91.27,16.96,36.51,VIP,Debit Card
ORD-22066,CUST-8827,SESS-27066,CART-24066,2024-08-28,404.12,212.46,13.41,Sports,3,Returned,Social Media,North,P-837,SKU-700,134.71,16.89,32.33,New,Crypto
ORD-22067,CUST-8827,SESS-27067,CART-24067,2023-02-18,144.13,78.45,31.97,Home,4,Shipped,Affiliate,International,P-896,SKU-4967,36.03,10.23,11.53,Returning,PayPal
ORD-22068,CUST-8828,SESS-27068,CART-24068,2023-02-24,252.53,144.85,44.92,Fashion,1,Pending,Web,South,P-87,SKU-4849,252.53,11.13,20.20,New,Debit Card
ORD-22069,CUST-8828,SESS-27069,CART-24069,2023-11-19,215.82,99.43,0.72,Electronics,1,Completed,Affiliate,South,P-518,SKU-2247,215.82,9.11,17.27,VIP,Credit Card
ORD-22070,CUST-8829,SESS-27070,CART-24070,2024-11-16,290.56,119.42,7.49,Fashion,1,Completed,Mobile App,West,P-270,SKU-388,290.56,19.74,23.24,New,Debit Card
ORD-22071,CUST-8829,SESS-27071,CART-24071,2023-07-08,15.38,8.07,44.05,Sports,1,Shipped,Mobile App,East,P-427,SKU-4271,15.38,9.31,1.23,VIP,Crypto
ORD-22072,CUST-8829,SESS-27072,CART-24072,2024-06-26,12.19,5.03,33.19,Fashion,1,Completed,Social Media,International,P-536,SKU-4169,12.19,2.19,0.98,VIP,Credit Card
ORD-22073,CUST-8830,SESS-27073,CART-24073,2024-05-01,278.49,113.35,45.77,Fashion,3,Completed,Mobile App,East,P-679,SKU-3501,92.83,0.36,22.28,VIP,Crypto
ORD-22074,CUST-8830,SESS-27074,CART-24074,2024-09-04,26.25,13.52,38.36,Sports,1,Shipped,Social Media,South,P-933,SKU-2854,26.25,7.03,2.10,Returning,Crypto
ORD-22075,CUST-8831,SESS-27075,CART-24075,2025-03-21,380.67,161.88,11.01,Home,2,Cancelled,Affiliate,West,P-68,SKU-3295,190.34,3.17,30.45,Returning,Debit Card
ORD-22076,CUST-8831,SESS-27076,CART-24076,2023-12-03,452.97,221.22,9.47,Electronics,4,Cancelled,Mobile App,North,P-540,SKU-1026,113.24,10.80,36.24,New,PayPal
ORD-22077,CUST-8831,SESS-27077,CART-24077,2025-01-29,148.38,78.01,49.92,Fashion,2,Pending,Social Media,East,P-677,SKU-3975,74.19,10.44,11.87,VIP,Credit Card
ORD-22078,CUST-8832,SESS-27078,CART-24078,2024-07-20,132.67,42.29,38.76,Electronics,4,Shipped,Web,North,P-909,SKU-4382,33.17,7.89,10.61,Returning,Credit Card
ORD-22079,CUST-8832,SESS-27079,CART-24079,2025-09-29,336.77,155.49,11.66,Home,5,Completed,Affiliate,East,P-868,SKU-83,67.35,5.03,26.94,VIP,Credit Card
ORD-22080,CUST-8833,SESS-27080,CART-24080,2023-08-03,100.99,49.35,11.40,Electronics,5,Shipped,Web,North,P-815,SKU-200,20.20,3.59,8.08,Returning,PayPal
ORD-22081,CUST-8833,SESS-27081,CART-24081,2025-05-24,277.29,108.51,4.67,Electronics,3,Shipped,Affiliate,North,P-56,SKU-3861,92.43,14.43,22.18,VIP,Credit Card
ORD-22082,CUST-8833,SESS-27082,CART-24082,2024-03-13,309.76,109.32,8.49,Beauty,4,Completed,Mobile App,North,P-578,SKU-2841,77.44,18.01,24.78,Returning,PayPal
ORD-22083,CUST-8834,SESS-27083,CART-24083,12/3/2025,333.69,183.07,49.85,Fashion,1,Cancelled,Social Media,South,P-213,SKU-4201,333.69,18.45,26.70,VIP,Crypto
ORD-22084,CUST-8834,SESS-27084,CART-24084,2024-03-24,170.15,98.86,34.43,NULL,2,Returned,Mobile App,South,P-96,SKU-2764,85.07,2.62,13.61,Returning,Credit Card
ORD-22085,CUST-8835,SESS-27085,CART-24085,2023-07-18,381.33,120.64,33.82,Sports,1,Completed,Social Media,South,P-365,SKU-1484,381.33,2.45,30.51,Returning,Credit Card
ORD-22086,CUST-8835,SESS-27086,CART-24086,2023-11-27,306.21,174.96,40.28,Fashion,1,Completed,Mobile App,North,P-338,SKU-2273,306.21,18.36,24.50,New,Credit Card
ORD-22087,CUST-8835,SESS-27087,CART-24087,2023-03-11,136.25,47.54,34.41,Sports,4,Completed,Web,East,P-48,SKU-2201,34.06,9.34,10.90,VIP,Credit Card
ORD-22088,CUST-8836,SESS-27088,CART-24088,2025-04-11,392.09,125.19,14.79,Sports,3,Shipped,Social Media,South,P-220,SKU-3640,130.70,4.44,31.37,Returning,Debit Card
ORD-22089,CUST-8836,SESS-27089,CART-24089,2025-12-28,453.63,221.53,33.32,Home,2,Returned,Social Media,West,P-693,SKU-1332,226.81,3.70,36.29,Returning,PayPal
ORD-22090,CUST-8837,SESS-27090,CART-24090,2023-10-17,335.98,119.53,30.57,Home,5,Shipped,Social Media,West,P-31,SKU-4242,67.20,6.30,26.88,VIP,Crypto
ORD-22091,CUST-8837,SESS-27091,CART-24091,2023-02-21,379.89,206.19,18.31,Beauty,1,Pending,Web,International,P-197,SKU-223,379.89,9.97,30.39,New,PayPal
ORD-22092,CUST-8837,SESS-27092,CART-24092,2025-10-29,37.03,16.62,12.96,Fashion,3,Shipped,Web,International,P-268,SKU-3204,12.34,13.80,2.96,VIP,PayPal
ORD-22093,CUST-8838,SESS-27093,CART-24093,2025-02-13,332.18,197.63,47.10,  fashion  ,3,Returned,Affiliate,South,P-123,SKU-3139,110.73,12.07,26.57,VIP,PayPal
ORD-22094,CUST-8838,SESS-27094,CART-24094,2025-03-21,263.28,117.97,17.06,Sports,2,Cancelled,Social Media,North,P-738,SKU-3062,131.64,0.89,21.06,Returning,Credit Card
ORD-22095,CUST-8839,SESS-27095,CART-24095,2025-05-22,87.67,33.44,22.85,Beauty,4,Cancelled,Mobile App,West,P-354,SKU-2605,21.92,0.84,7.01,VIP,Debit Card
ORD-22096,CUST-8839,SESS-27096,CART-24096,2026-01-18,258.29,100.80,14.49,Electronics,5,Completed,Mobile App,North,P-491,SKU-2315,51.66,5.54,20.66,New,PayPal
ORD-22097,CUST-8839,SESS-27097,CART-24097,2025-01-07,453.19,207.26,9.60,Fashion,1,Completed,Mobile App,South,P-695,SKU-3345,453.19,17.02,36.26,VIP,Credit Card
ORD-22098,CUST-8840,SESS-27098,CART-24098,2024-06-18,405.50,215.32,6.67,Fashion,1,Completed,Mobile App,West,P-959,SKU-4310,405.50,11.64,32.44,VIP,Crypto
ORD-22099,CUST-8840,SESS-27099,CART-24099,2023-03-22,211.64,125.13,40.24,Fashion,3,Completed,Social Media,West,P-572,SKU-2098,70.55,4.04,16.93,Returning,Crypto
ORD-22100,CUST-8841,SESS-27100,CART-24100,2023-08-08,365.84,199.36,37.59,Sports,3,Pending,Affiliate,International,P-432,SKU-607,121.95,2.08,29.27,Returning,PayPal
ORD-22101,CUST-8841,SESS-27101,CART-24101,2025-11-12,277.67,92.38,29.36,Home,4,Pending,Affiliate,International,P-401,SKU-3244,69.42,13.15,22.21,VIP,Crypto
ORD-22102,CUST-8841,SESS-27102,CART-24102,2023-01-27,222.48,108.32,40.77,Fashion,5,Pending,Social Media,International,P-724,SKU-3362,44.50,11.03,17.80,New,Credit Card
ORD-22103,CUST-8842,SESS-27103,CART-24103,1753940787504,379.21,114.19,20.05,Beauty,5,Pending,Web,North,P-436,SKU-344,75.84,6.75,30.34,VIP,Debit Card
ORD-22104,CUST-8842,SESS-27104,CART-24104,2023-08-20,425.37,184.91,12.06,Beauty,4,Cancelled,Web,East,P-298,SKU-4151,106.34,2.48,34.03,Returning,Crypto
ORD-22105,CUST-8843,SESS-27105,CART-24105,2023-11-29,393.20,225.31,3.02,Electronics,3,Shipped,Affiliate,East,P-12,SKU-3755,131.07,13.41,31.46,VIP,Debit Card
ORD-22106,CUST-8843,SESS-27106,CART-24106,2024-11-25,41.29,16.16,38.59,,,Pending,Mobile App,International,P-540,SKU-809,13.76,17.32,3.30,VIP,Debit Card
ORD-22107,CUST-8843,SESS-27107,CART-24107,2026-01-09,461.05,248.51,30.21,Sports,1,Returned,Affiliate,East,P-552,SKU-1699,461.05,15.93,36.88,New,Credit Card
ORD-22108,CUST-8844,SESS-27108,CART-24108,8/11/2025,45.75,20.07,10.97,Electronics,5,Pending,Web,East,P-185,SKU-2335,9.15,12.06,3.66,New,Debit Card
ORD-22109,CUST-8844,SESS-27109,CART-24109,2025-05-23,214.25,111.37,31.15,Electronics,5,Shipped,Social Media,International,P-913,SKU-1394,42.85,0.64,17.14,New,Debit Card
ORD-22110,CUST-8845,SESS-27110,CART-24110,2023-02-01,98.51,38.20,48.61,Beauty,2,Pending,Mobile App,West,P-139,SKU-4212,49.25,14.57,7.88,New,PayPal
ORD-22111,CUST-8845,SESS-27111,CART-24111,2023-11-02,293.18,154.33,22.85,Sports,2,Pending,Affiliate,West,P-989,SKU-2541,146.59,17.06,23.45,VIP,Crypto
ORD-22112,CUST-8845,SESS-27112,CART-24112,2024-11-23,359.66,204.68,1.11,Sports,2,Pending,Affiliate,East,P-997,SKU-3347,179.83,10.34,28.77,VIP,Debit Card
ORD-22113,CUST-8846,SESS-27113,CART-24113,2024-01-13,111.47,44.74,24.34,Sports,2,Returned,Social Media,International,P-799,SKU-824,55.74,11.46,8.92,Returning,Credit Card
ORD-22114,CUST-8846,SESS-27114,CART-24114,2024-08-24,108.40,62.45,12.61,Fashion,4,Cancelled,Social Media,South,P-638,SKU-674,27.10,13.97,8.67,Returning,PayPal
ORD-22115,CUST-8847,SESS-27115,CART-24115,2025-06-13,143.46,62.79,24.27,Fashion,5,Pending,Mobile App,South,P-109,SKU-2386,28.69,9.45,11.48,New,PayPal
ORD-22116,CUST-8847,SESS-27116,CART-24116,2024-08-12,114.31,58.59,14.00,Electronics,4,Shipped,Affiliate,International,P-321,SKU-4607,28.58,15.42,9.14,New,Debit Card
ORD-22117,CUST-8847,SESS-27117,CART-24117,2024-08-30,418.59,165.46,23.68,Electronics,2,Pending,Social Media,East,P-717,SKU-3157,209.29,7.01,33.49,New,Debit Card
ORD-22118,CUST-8848,SESS-27118,CART-24118,2023-02-02,,250.83,6.39,Beauty,2,Cancelled,Social Media,North,P-638,SKU-761,230.97,17.94,36.96,Returning,Debit Card
ORD-22119,CUST-8848,SESS-27119,CART-24119,2024-02-14,155.34,62.16,15.30,Fashion,1,Returned,Mobile App,North,P-341,SKU-4731,155.34,19.29,12.43,Returning,Debit Card
ORD-22120,CUST-8849,SESS-27120,CART-24120,2024-01-17,266.91,129.12,4.46,Home,,Returned,Social Media,West,P-161,SKU-4234,266.91,16.19,21.35,Returning,Debit Card
ORD-22121,CUST-8849,SESS-27121,CART-24121,2023-02-14,219.58,92.48,8.63,Electronics,5,Pending,Web,North,P-216,SKU-4498,43.92,18.70,17.57,Returning,Crypto
ORD-22122,CUST-8849,SESS-27122,CART-24122,2024-10-06,66.95,35.88,32.79,Fashion,4,Cancelled,Affiliate,North,P-390,SKU-3139,16.74,6.73,5.36,VIP,PayPal
ORD-22123,CUST-8850,SESS-27123,CART-24123,2023-11-13,439.18,233.91,4.00,Electronics,4,Shipped,Mobile App,International,P-671,SKU-397,109.80,11.76,35.13,New,Credit Card
ORD-22124,CUST-8850,SESS-27124,CART-24124,2024-09-17,171.84,78.00,12.29,Fashion,5,Returned,Social Media,East,P-694,SKU-4584,34.37,19.47,13.75,VIP,PayPal
ORD-22125,CUST-8851,SESS-27125,CART-24125,1/8/2026,469.30,202.76,28.97,Fashion,1,Cancelled,Affiliate,North,P-678,SKU-2798,469.30,14.12,37.54,Returning,Credit Card
ORD-22126,CUST-8851,SESS-27126,CART-24126,2024-12-22,164.71,72.16,23.79,Electronics,1,Returned,Social Media,West,P-638,SKU-1049,164.71,18.04,13.18,Returning,PayPal
ORD-22127,CUST-8851,SESS-27127,CART-24127,2024-03-28,473.23,212.46,11.16,Home,3,Cancelled,Social Media,South,P-100,SKU-2714,157.74,8.08,37.86,New,Debit Card
ORD-22128,CUST-8852,SESS-27128,CART-24128,2024-08-11,11.09,6.58,17.39,Electronics,1,Cancelled,Web,North,P-884,SKU-2430,11.09,0.32,0.89,New,Credit Card
ORD-22129,CUST-8852,SESS-27129,CART-24129,2023-12-03,384.33,218.59,43.85,Home,2,Pending,Mobile App,International,P-837,SKU-4491,192.16,11.68,30.75,Returning,Credit Card
ORD-22130,CUST-8853,SESS-27130,CART-24130,2025-05-26,445.84,185.81,49.18,  beauty  ,4,Cancelled,Affiliate,North,P-140,SKU-2178,111.46,11.84,35.67,Returning,Credit Card
ORD-22131,CUST-8853,SESS-27131,CART-24131,2024-02-06,NULL,69.88,16.10,Home,5,Returned,Social Media,South,P-918,SKU-317,27.66,14.80,11.06,VIP,Debit Card
ORD-22132,CUST-8853,SESS-27132,CART-24132,1718446412949,435.51,160.55,14.35,Beauty,3,Shipped,Web,East,P-154,SKU-2621,145.17,7.34,34.84,VIP,Credit Card
ORD-22133,CUST-8854,SESS-27133,CART-24133,2025-01-08,475.92,269.13,7.03,Sports,4,Returned,Web,East,P-444,SKU-4844,118.98,15.88,38.07,VIP,Credit Card
ORD-22134,CUST-8854,SESS-27134,CART-24134,2025-10-19,NULL,106.79,9.99,Electronics,2,Pending,Mobile App,International,P-910,SKU-3506,137.22,14.94,21.96,VIP,Crypto
ORD-22135,CUST-8855,SESS-27135,CART-24135,2023-01-20,347.55,138.58,47.77,Beauty,3,Returned,Web,East,P-450,SKU-2541,115.85,16.81,27.80,New,Crypto
ORD-22136,CUST-8855,SESS-27136,CART-24136,2024-04-26,72.94,23.29,39.39,Home,3,Pending,Web,South,P-946,SKU-4225,24.31,7.82,5.84,VIP,Debit Card
ORD-22137,CUST-8855,SESS-27137,CART-24137,2025-02-21,164.35,80.62,31.31,NULL,4,Shipped,Mobile App,East,P-772,SKU-585,41.09,0.31,13.15,Returning,PayPal
ORD-22138,CUST-8856,SESS-27138,CART-24138,1758375523879,14.77,7.41,38.14,Sports,2,Returned,Web,North,P-288,SKU-4370,7.39,6.13,1.18,VIP,PayPal
ORD-22139,CUST-8856,SESS-27139,CART-24139,2024-02-16,18.31,8.50,33.36,Sports,4,Shipped,Mobile App,West,P-405,SKU-1731,4.58,5.48,1.47,VIP,Crypto
ORD-22140,CUST-8857,SESS-27140,CART-24140,2024-11-10,93.16,28.99,8.56,Sports,5,Pending,Social Media,East,P-988,SKU-3649,18.63,2.29,7.45,New,Credit Card
ORD-22141,CUST-8857,SESS-27141,CART-24141,1766893649536,93.72,46.17,25.18,Beauty,2,Shipped,Affiliate,West,P-430,SKU-3007,46.86,8.58,7.50,New,PayPal
ORD-22142,CUST-8857,SESS-27142,CART-24142,1741756245043,317.56,158.30,23.75,Home,4,Completed,Mobile App,West,P-417,SKU-4056,79.39,18.32,25.40,VIP,Crypto
ORD-22143,CUST-8858,SESS-27143,CART-24143,2025-01-20,232.86,95.23,41.85,Beauty,3,Shipped,Mobile App,South,P-688,SKU-3271,77.62,15.17,18.63,VIP,Credit Card
ORD-22144,CUST-8858,SESS-27144,CART-24144,2025-03-03,87.12,40.96,9.03,Sports,4,Returned,Affiliate,West,P-707,SKU-4501,21.78,9.99,6.97,VIP,Credit Card
ORD-22145,CUST-8859,SESS-27145,CART-24145,2023-07-26,465.34,243.40,38.34,Beauty,1,Shipped,Web,International,P-391,SKU-3135,465.34,11.27,37.23,VIP,PayPal
ORD-22146,CUST-8859,SESS-27146,CART-24146,2025-12-01,113.95,38.61,44.30,Electronics,2,Pending,Affiliate,East,P-677,SKU-143,56.97,16.40,9.12,New,Credit Card
ORD-22147,CUST-8859,SESS-27147,CART-24147,2025-08-21,253.90,133.68,42.41,Fashion,2,Shipped,Affiliate,International,P-89,SKU-3516,126.95,17.91,20.31,VIP,PayPal
ORD-22148,CUST-8860,SESS-27148,CART-24148,1758395299917,116.14,68.79,26.38,Beauty,2,Cancelled,Affiliate,West,P-935,SKU-238,58.07,16.15,9.29,Returning,PayPal
ORD-22149,CUST-8860,SESS-27149,CART-24149,2025-01-24,492.19,273.50,9.88,Fashion,3,Returned,Web,East,P-857,SKU-3296,164.06,11.57,39.38,New,Credit Card
ORD-22150,CUST-8861,SESS-27150,CART-24150,2026-02-11,58.28,28.61,41.72,Electronics,4,Shipped,Mobile App,West,P-555,SKU-3162,14.57,0.94,4.66,VIP,Debit Card
ORD-22151,CUST-8861,SESS-27151,CART-24151,2023-07-11,174.31,64.67,33.34,Sports,1,Pending,Mobile App,West,P-200,SKU-2597,174.31,13.71,13.95,Returning,Crypto
ORD-22152,CUST-8861,SESS-27152,CART-24152,2023-01-17,410.47,126.94,30.15,,5,Completed,Affiliate,North,P-324,SKU-246,82.09,11.04,32.84,Returning,PayPal
ORD-22153,CUST-8862,SESS-27153,CART-24153,2024-05-04,132.53,57.57,6.85,Home,1,Returned,Affiliate,International,P-90,SKU-4595,132.53,5.93,10.60,Returning,PayPal
ORD-22154,CUST-8862,SESS-27154,CART-24154,2024-03-16,497.75,182.24,3.99,Sports,2,Pending,Affiliate,West,P-163,SKU-3506,248.87,15.53,39.82,Returning,Crypto
ORD-22155,CUST-8863,SESS-27155,CART-24155,2025-05-11,143.60,79.80,2.73,Home,3,Pending,Web,South,P-562,SKU-3767,47.87,13.45,11.49,VIP,Credit Card
ORD-22156,CUST-8863,SESS-27156,CART-24156,2025-04-11,472.30,185.82,39.40,Beauty,3,Shipped,Web,International,P-91,SKU-2728,157.43,7.17,37.78,VIP,Debit Card
ORD-22157,CUST-8863,SESS-27157,CART-24157,2024-07-10,23.04,9.16,13.30,Sports,4,Shipped,Social Media,International,P-37,SKU-4151,5.76,12.71,1.84,New,Debit Card
ORD-22158,CUST-8864,SESS-27158,CART-24158,2024-07-26,184.26,86.48,44.02,Home,4,Completed,Web,International,P-118,SKU-1021,46.07,5.21,14.74,New,PayPal
ORD-22159,CUST-8864,SESS-27159,CART-24159,2024-09-14,162.74,58.48,21.08,Sports,4,Completed,Affiliate,West,P-439,SKU-4381,40.68,6.63,13.02,VIP,Crypto
ORD-22160,CUST-8865,SESS-27160,CART-24160,2025-02-18,321.31,143.48,47.24,Home,5,Shipped,Social Media,West,P-727,SKU-1346,64.26,14.36,25.70,New,Credit Card
ORD-22161,CUST-8865,SESS-27161,CART-24161,2024-06-07,10.58,5.36,35.21,Sports,4,Shipped,Social Media,South,P-947,SKU-1374,2.65,9.36,0.85,New,Crypto
ORD-22162,CUST-8865,SESS-27162,CART-24162,2024-03-08,75.74,36.57,36.19,Beauty,1,Pending,Mobile App,West,P-888,SKU-1224,75.74,10.91,6.06,VIP,Credit Card
ORD-22163,CUST-8866,SESS-27163,CART-24163,1684486918202,187.30,105.28,13.56,Fashion,1,Returned,Web,International,P-103,SKU-929,187.30,3.03,14.98,VIP,Credit Card
ORD-22164,CUST-8866,SESS-27164,CART-24164,2023-02-04,435.21,226.49,11.90,Home,3,Cancelled,Mobile App,North,P-994,SKU-2922,145.07,18.94,34.82,VIP,Credit Card
ORD-22165,CUST-8867,SESS-27165,CART-24165,2024-07-27,143.77,44.19,4.85,  beauty  ,1,Pending,Affiliate,International,P-420,SKU-4411,143.77,18.50,11.50,New,Debit Card
ORD-22166,CUST-8867,SESS-27166,CART-24166,2025-01-03,158.58,94.39,2.63,Sports,4,Pending,Social Media,West,P-491,SKU-598,39.64,1.88,12.69,Returning,Debit Card
ORD-22167,CUST-8867,SESS-27167,CART-24167,2023-05-24,264.08,105.75,20.02,Fashion,1,Returned,Affiliate,North,P-518,SKU-825,264.08,15.42,21.13,New,Debit Card
ORD-22168,CUST-8868,SESS-27168,CART-24168,2025-09-08,217.41,85.29,41.53,Sports,5,Shipped,Affiliate,East,P-685,SKU-707,43.48,9.45,17.39,Returning,Crypto
ORD-22169,CUST-8868,SESS-27169,CART-24169,2023-03-07,70.87,27.26,41.36,NULL,5,Cancelled,Web,West,P-199,SKU-2594,14.17,4.86,5.67,Returning,Credit Card
ORD-22170,CUST-8869,SESS-27170,CART-24170,2023-08-12,34.86,15.31,23.33,Fashion,1,Completed,Web,South,P-658,SKU-1214,34.86,17.25,2.79,New,Crypto
ORD-22171,CUST-8869,SESS-27171,CART-24171,2025-01-25,202.91,72.17,33.67,Beauty,1,Pending,Affiliate,East,P-498,SKU-4001,202.91,7.15,16.23,New,Credit Card
ORD-22172,CUST-8869,SESS-27172,CART-24172,2025-04-30,193.29,82.38,30.39,Home,2,Cancelled,Web,South,P-373,SKU-3783,96.64,6.75,15.46,New,Debit Card
ORD-22173,CUST-8870,SESS-27173,CART-24173,2025-04-28,116.14,36.91,14.09,Sports,3,Cancelled,Social Media,West,P-525,SKU-1716,38.71,8.16,9.29,New,PayPal
ORD-22174,CUST-8870,SESS-27174,CART-24174,2023-07-19,241.38,72.72,11.08,Beauty,1,Pending,Web,International,P-603,SKU-2821,241.38,14.57,19.31,New,PayPal
ORD-22175,CUST-8871,SESS-27175,CART-24175,2024-04-30,358.72,202.34,45.27,Fashion,4,Shipped,Mobile App,International,P-827,SKU-1940,89.68,5.04,28.70,New,PayPal
ORD-22176,CUST-8871,SESS-27176,CART-24176,2025-03-30,195.78,85.76,15.10,Electronics,2,Returned,Social Media,International,P-898,SKU-2775,97.89,15.63,15.66,VIP,Credit Card
ORD-22177,CUST-8871,SESS-27177,CART-24177,2023-12-26,277.91,99.84,1.43,Sports,,Cancelled,Social Media,East,P-202,SKU-1055,55.58,14.58,22.23,Returning,PayPal
ORD-22178,CUST-8872,SESS-27178,CART-24178,2025-04-20,  193.34  ,62.16,48.27,Home,1,Completed,Affiliate,International,P-657,SKU-1274,193.34,10.30,15.47,VIP,PayPal
ORD-22179,CUST-8872,SESS-27179,CART-24179,2023-11-15,192.04,84.24,10.72,Sports,2,Pending,Mobile App,East,P-558,SKU-3413,96.02,16.54,15.36,VIP,Crypto
ORD-22180,CUST-8873,SESS-27180,CART-24180,2026-02-04,150.99,47.00,1.95,Home,3,Shipped,Web,North,P-273,SKU-301,50.33,1.89,12.08,Returning,Debit Card
ORD-22181,CUST-8873,SESS-27181,CART-24181,2023-07-23,389.70,205.46,9.64,Electronics,2,Pending,Affiliate,West,P-243,SKU-148,194.85,18.36,31.18,New,Credit Card
ORD-22182,CUST-8873,SESS-27182,CART-24182,2024-05-30,195.63,73.97,49.45,Beauty,4,Cancelled,Web,South,P-660,SKU-4076,48.91,0.43,15.65,VIP,PayPal
ORD-22183,CUST-8874,SESS-27183,CART-24183,2023-11-18,325.37,117.29,18.08,Sports,3,Shipped,Social Media,East,P-500,SKU-251,108.46,2.33,26.03,Returning,Debit Card
ORD-22184,CUST-8874,SESS-27184,CART-24184,2023-09-17,266.46,114.66,7.30,Beauty,4,Cancelled,Mobile App,East,P-706,SKU-3702,66.62,3.91,21.32,New,Crypto
ORD-22185,CUST-8875,SESS-27185,CART-24185,2024-12-24,79.16,41.34,47.06,Sports,4,Returned,Mobile App,West,P-805,SKU-1291,19.79,9.35,6.33,Returning,PayPal
ORD-22186,CUST-8875,SESS-27186,CART-24186,2023-05-27,462.83,277.03,26.87,Fashion,5,Cancelled,Web,South,P-366,SKU-1153,92.57,6.84,37.03,New,Debit Card
ORD-22187,CUST-8875,SESS-27187,CART-24187,2023-01-10,460.12,153.52,29.77,Beauty,1,Cancelled,Affiliate,West,P-244,SKU-1673,460.12,5.86,36.81,New,Debit Card
ORD-22188,CUST-8876,SESS-27188,CART-24188,2024-12-13,454.42,147.93,4.92,Beauty,1,Pending,Affiliate,West,P-515,SKU-1791,454.42,16.95,36.35,Returning,Credit Card
ORD-22189,CUST-8876,SESS-27189,CART-24189,2025-11-10,189.59,110.94,25.28,Beauty,2,Completed,Mobile App,East,P-671,SKU-2051,94.80,17.35,15.17,Returning,Credit Card
ORD-22190,CUST-8877,SESS-27190,CART-24190,2025-09-29,74.28,36.08,21.09,Electronics,3,Completed,Social Media,East,P-785,SKU-4606,24.76,0.25,5.94,Returning,Credit Card
ORD-22191,CUST-8877,SESS-27191,CART-24191,2023-05-19,  420.04  ,220.94,28.48,Beauty,2,Cancelled,Mobile App,East,P-289,SKU-1998,210.02,5.16,33.60,New,Crypto
ORD-22192,CUST-8877,SESS-27192,CART-24192,2023-06-21,435.47,245.86,34.70,Sports,3,Completed,Mobile App,North,P-19,SKU-1675,145.16,18.29,34.84,New,PayPal
ORD-22193,CUST-8878,SESS-27193,CART-24193,2023-12-20,  302.98  ,138.01,7.66,Home,1,Cancelled,Web,East,P-497,SKU-737,302.98,17.50,24.24,VIP,Credit Card
ORD-22194,CUST-8878,SESS-27194,CART-24194,2025-07-25,253.47,148.83,22.63,Sports,3,Pending,Web,East,P-52,SKU-1230,84.49,7.46,20.28,VIP,Debit Card
ORD-22195,CUST-8879,SESS-27195,CART-24195,2023-07-31,377.72,223.33,21.54,Sports,5,Returned,Web,North,P-208,SKU-695,75.54,14.78,30.22,Returning,Credit Card
ORD-22196,CUST-8879,SESS-27196,CART-24196,2024-10-15,29.24,9.42,4.44,Fashion,5,Shipped,Web,North,P-132,SKU-2122,5.85,9.68,2.34,New,PayPal
ORD-22197,CUST-8879,SESS-27197,CART-24197,2023-06-06,285.58,146.20,0.83,Sports,4,Shipped,Affiliate,International,P-191,SKU-2214,71.40,12.27,22.85,VIP,Credit Card
ORD-22198,CUST-8880,SESS-27198,CART-24198,2024-10-25,270.45,112.54,45.66,Beauty,2,Shipped,Affiliate,North,P-876,SKU-388,135.23,2.67,21.64,New,Credit Card
ORD-22199,CUST-8880,SESS-27199,CART-24199,2023-10-25,266.18,90.54,28.98,Beauty,5,Returned,Web,North,P-790,SKU-3242,53.24,4.04,21.29,Returning,PayPal
ORD-22200,CUST-8881,SESS-27200,CART-24200,2024-02-07,80.80,24.47,26.38,Home,2,Pending,Affiliate,West,P-106,SKU-1988,40.40,2.00,6.46,VIP,Credit Card
ORD-22201,CUST-8881,SESS-27201,CART-24201,2025-01-04,387.59,136.76,25.52,Beauty,4,Cancelled,Social Media,International,P-482,SKU-787,96.90,7.04,31.01,VIP,Credit Card
ORD-22202,CUST-8881,SESS-27202,CART-24202,2024-12-08,493.53,203.14,34.93,Sports,1,Returned,Affiliate,International,P-474,SKU-1732,493.53,1.80,39.48,VIP,Credit Card
ORD-22203,CUST-8882,SESS-27203,CART-24203,2023-06-02,358.80,150.60,11.04,Beauty,5,Pending,Web,West,P-294,SKU-4908,71.76,9.92,28.70,VIP,Debit Card
ORD-22204,CUST-8882,SESS-27204,CART-24204,2025-04-26,40.28,17.59,6.23,Home,2,Returned,Social Media,International,P-40,SKU-4859,20.14,9.29,3.22,Returning,Crypto
ORD-22205,CUST-8883,SESS-27205,CART-24205,2024-09-05,298.77,175.34,26.61,Home,5,Pending,Mobile App,International,P-832,SKU-4943,59.75,0.06,23.90,Returning,PayPal
ORD-22206,CUST-8883,SESS-27206,CART-24206,2024-05-29,243.58,136.88,7.87,Home,3,Completed,Affiliate,East,P-375,SKU-4143,81.19,9.44,19.49,Returning,Credit Card
ORD-22207,CUST-8883,SESS-27207,CART-24207,2023-06-02,68.01,36.05,33.94,Electronics,4,Shipped,Social Media,West,P-21,SKU-2486,17.00,4.57,5.44,Returning,Credit Card
ORD-22208,CUST-8884,SESS-27208,CART-24208,2025-05-07,126.55,53.28,39.60,Beauty,3,Returned,Social Media,West,P-440,SKU-3808,42.18,7.53,10.12,Returning,Crypto
ORD-22209,CUST-8884,SESS-27209,CART-24209,10/25/2024,438.08,204.01,40.82,Sports,4,Pending,Social Media,West,P-860,SKU-3273,109.52,10.65,35.05,New,PayPal
ORD-22210,CUST-8885,SESS-27210,CART-24210,2025-02-23,279.78,164.94,0.07,NULL,4,Cancelled,Affiliate,North,P-72,SKU-2614,69.94,5.99,22.38,VIP,Debit Card
ORD-22211,CUST-8885,SESS-27211,CART-24211,2024-09-15,141.48,55.47,41.79,Fashion,1,Pending,Web,International,P-211,SKU-2888,141.48,1.20,11.32,New,PayPal
ORD-22212,CUST-8885,SESS-27212,CART-24212,2023-02-18,103.98,37.54,11.85,,3,Pending,Mobile App,East,P-593,SKU-4562,34.66,19.63,8.32,VIP,Credit Card
ORD-22213,CUST-8886,SESS-27213,CART-24213,2023-05-01,167.21,94.34,32.25,Beauty,1,Completed,Social Media,South,P-473,SKU-2030,167.21,3.11,13.38,Returning,Debit Card
ORD-22214,CUST-8886,SESS-27214,CART-24214,1685533343560,347.03,151.01,32.44,Home,3,Completed,Mobile App,North,P-650,SKU-4057,115.68,14.06,27.76,New,PayPal
ORD-22215,CUST-8887,SESS-27215,CART-24215,2025-07-03,432.67,238.13,2.47,Electronics,5,Cancelled,Mobile App,East,P-184,SKU-4404,86.53,11.12,34.61,Returning,Credit Card
ORD-22216,CUST-8887,SESS-27216,CART-24216,2025-08-06,263.18,86.95,36.64,Beauty,4,Pending,Web,West,P-143,SKU-2202,65.79,5.35,21.05,Returning,PayPal
ORD-22217,CUST-8887,SESS-27217,CART-24217,2023-12-26,37.44,21.55,0.83,Electronics,4,Shipped,Affiliate,East,P-396,SKU-4326,9.36,7.00,3.00,Returning,Debit Card
ORD-22218,CUST-8888,SESS-27218,CART-24218,2024-11-03,211.84,84.74,42.36,Fashion,4,Shipped,Affiliate,West,P-32,SKU-2648,52.96,10.25,16.95,Returning,Crypto
ORD-22219,CUST-8888,SESS-27219,CART-24219,2025-05-04,341.99,127.44,20.32,Electronics,1,Cancelled,Social Media,International,P-558,SKU-826,341.99,17.92,27.36,VIP,PayPal
ORD-22220,CUST-8889,SESS-27220,CART-24220,2024-05-27,123.42,66.19,0.37,Home,5,Cancelled,Mobile App,South,P-151,SKU-2102,24.68,19.68,9.87,New,PayPal
ORD-22221,CUST-8889,SESS-27221,CART-24221,2023-10-10,107.42,59.94,9.28,Home,1,Completed,Affiliate,West,P-323,SKU-2791,107.42,7.53,8.59,New,Debit Card
ORD-22222,CUST-8889,SESS-27222,CART-24222,2025-03-28,202.40,98.20,41.41,Electronics,4,Pending,Social Media,East,P-162,SKU-3723,50.60,14.34,16.19,Returning,Crypto
ORD-22223,CUST-8890,SESS-27223,CART-24223,2024-09-06,33.85,16.56,34.81,Fashion,1,Shipped,Social Media,International,P-826,SKU-4776,33.85,13.55,2.71,VIP,Credit Card
ORD-22224,CUST-8890,SESS-27224,CART-24224,2025-09-30,498.85,215.12,38.14,Home,2,Cancelled,Web,International,P-744,SKU-1019,249.42,11.63,39.91,VIP,PayPal
ORD-22225,CUST-8891,SESS-27225,CART-24225,1768527148203,156.00,54.97,3.27,  fashion  ,3,Completed,Affiliate,West,P-579,SKU-3939,52.00,0.64,12.48,New,PayPal
ORD-22226,CUST-8891,SESS-27226,CART-24226,2024-08-01,48.74,16.57,38.09,Fashion,2,Completed,Web,North,P-892,SKU-3815,24.37,16.56,3.90,New,PayPal
ORD-22227,CUST-8891,SESS-27227,CART-24227,2025-09-19,482.24,159.84,11.73,Electronics,4,Shipped,Affiliate,International,P-688,SKU-861,120.56,8.42,38.58,New,Debit Card
ORD-22228,CUST-8892,SESS-27228,CART-24228,2026-02-07,345.49,120.61,29.52,Electronics,2,Completed,Social Media,South,P-243,SKU-2,172.75,4.38,27.64,Returning,PayPal
ORD-22229,CUST-8892,SESS-27229,CART-24229,2025-09-23,142.01,66.35,42.42,Electronics,2,Pending,Social Media,South,P-949,SKU-382,71.00,11.03,11.36,New,Credit Card
ORD-22230,CUST-8893,SESS-27230,CART-24230,2025-11-08,14.73,6.12,23.66,Beauty,1,Cancelled,Mobile App,International,P-862,SKU-1277,14.73,15.65,1.18,New,PayPal
ORD-22231,CUST-8893,SESS-27231,CART-24231,2024-10-17,28.45,11.04,34.07,Home,5,Cancelled,Affiliate,North,P-16,SKU-2166,5.69,3.65,2.28,Returning,Crypto
ORD-22232,CUST-8893,SESS-27232,CART-24232,3/19/2025,,120.67,36.23,Fashion,2,Cancelled,Mobile App,International,P-535,SKU-2793,116.86,16.16,18.70,Returning,Credit Card
ORD-22233,CUST-8894,SESS-27233,CART-24233,2024-09-17,498.50,259.84,32.93,Home,,Pending,Web,East,P-438,SKU-4613,249.25,7.39,39.88,Returning,Credit Card
ORD-22234,CUST-8894,SESS-27234,CART-24234,2023-11-03,253.60,128.99,7.86,Fashion,2,Returned,Mobile App,East,P-145,SKU-4124,126.80,16.21,20.29,Returning,Debit Card
ORD-22235,CUST-8895,SESS-27235,CART-24235,2024-12-25,349.33,183.74,28.10,Fashion,3,Returned,Web,East,P-523,SKU-89,116.44,9.85,27.95,VIP,Crypto
ORD-22236,CUST-8895,SESS-27236,CART-24236,2023-02-15,95.28,45.10,19.89,Electronics,5,Cancelled,Web,South,P-770,SKU-2325,19.06,11.68,7.62,New,Debit Card
ORD-22237,CUST-8895,SESS-27237,CART-24237,2024-03-28,140.05,75.58,7.65,Home,1,Pending,Web,International,P-502,SKU-186,140.05,6.84,11.20,Returning,Crypto
ORD-22238,CUST-8896,SESS-27238,CART-24238,2024-12-03,289.56,170.08,10.75,Beauty,5,Completed,Mobile App,South,P-581,SKU-4603,57.91,17.40,23.17,VIP,Credit Card
ORD-22239,CUST-8896,SESS-27239,CART-24239,2026-02-02,454.09,259.51,8.13,Sports,3,Completed,Mobile App,North,P-923,SKU-212,151.36,16.51,36.33,New,Crypto
ORD-22240,CUST-8897,SESS-27240,CART-24240,2023-03-05,26.77,9.17,3.66,Beauty,1,Shipped,Social Media,East,P-21,SKU-3342,26.77,3.77,2.14,New,Debit Card
ORD-22241,CUST-8897,SESS-27241,CART-24241,2025-02-26,374.28,129.91,49.87,Sports,,Shipped,Mobile App,West,P-891,SKU-474,74.86,17.86,29.94,VIP,Debit Card
ORD-22242,CUST-8897,SESS-27242,CART-24242,2025-09-26,344.42,156.13,15.25,Beauty,3,Shipped,Mobile App,North,P-452,SKU-3637,114.81,8.05,27.55,New,PayPal
ORD-22243,CUST-8898,SESS-27243,CART-24243,2025-01-18,19.35,8.74,49.57,Electronics,4,Completed,Web,International,P-636,SKU-704,4.84,8.89,1.55,VIP,Crypto
ORD-22244,CUST-8898,SESS-27244,CART-24244,2023-10-23,  325.89  ,120.81,45.76,Beauty,3,Shipped,Affiliate,North,P-760,SKU-875,108.63,8.01,26.07,Returning,PayPal
ORD-22245,CUST-8899,SESS-27245,CART-24245,2023-03-20,434.35,225.69,8.09,Home,1,Shipped,Affiliate,International,P-698,SKU-4157,434.35,9.61,34.75,Returning,Debit Card
ORD-22246,CUST-8899,SESS-27246,CART-24246,2023-02-19,77.02,33.40,15.22,Home,1,Pending,Affiliate,International,P-38,SKU-1320,77.02,19.20,6.16,New,PayPal
ORD-22247,CUST-8899,SESS-27247,CART-24247,2023-07-14,408.07,149.41,4.10,Home,2,Shipped,Affiliate,South,P-746,SKU-2623,204.04,4.31,32.65,VIP,Debit Card
ORD-22248,CUST-8900,SESS-27248,CART-24248,2024-05-20,267.07,114.48,31.61,Fashion,5,Returned,Social Media,International,P-149,SKU-2094,53.41,18.25,21.37,Returning,Debit Card
ORD-22249,CUST-8900,SESS-27249,CART-24249,2025-05-18,155.98,52.18,23.73,Electronics,3,Returned,Mobile App,International,P-9,SKU-4825,51.99,3.85,12.48,New,Crypto
ORD-22250,CUST-8901,SESS-27250,CART-24250,2025-11-20,443.84,145.18,17.72,Electronics,1,Cancelled,Social Media,South,P-787,SKU-3555,443.84,9.47,35.51,VIP,Debit Card
ORD-22251,CUST-8901,SESS-27251,CART-24251,2025-11-25,433.39,234.31,37.24,NULL,2,Completed,Web,North,P-429,SKU-2739,216.69,7.19,34.67,VIP,PayPal
ORD-22252,CUST-8901,SESS-27252,CART-24252,2025-08-03,181.74,60.56,28.64,Electronics,4,Returned,Affiliate,West,P-804,SKU-1259,45.44,17.05,14.54,Returning,Debit Card
ORD-22253,CUST-8902,SESS-27253,CART-24253,1692182671190,391.18,172.56,0.43,Sports,5,Returned,Affiliate,East,P-651,SKU-878,78.24,15.72,31.29,Returning,Credit Card
ORD-22254,CUST-8902,SESS-27254,CART-24254,2023-10-13,356.10,146.10,7.80,Beauty,4,Pending,Web,International,P-34,SKU-2037,89.02,12.26,28.49,VIP,PayPal
ORD-22255,CUST-8903,SESS-27255,CART-24255,2024-02-07,,224.66,5.05,Electronics,4,Pending,Web,East,P-236,SKU-3876,106.01,12.50,33.92,VIP,Credit Card
ORD-22256,CUST-8903,SESS-27256,CART-24256,2024-03-14,40.39,14.25,45.18,Home,1,Returned,Affiliate,International,P-489,SKU-723,40.39,8.30,3.23,Returning,Credit Card
ORD-22257,CUST-8903,SESS-27257,CART-24257,2025-11-17,86.73,41.82,35.51,Beauty,5,Cancelled,Mobile App,North,P-339,SKU-4727,17.35,12.84,6.94,Returning,PayPal
ORD-22258,CUST-8904,SESS-27258,CART-24258,2026-01-27,398.13,189.83,36.17,Home,2,Completed,Social Media,South,P-424,SKU-4114,199.06,10.51,31.85,Returning,Crypto
ORD-22259,CUST-8904,SESS-27259,CART-24259,2024-09-25,444.94,222.94,0.96,Fashion,1,Completed,Web,East,P-461,SKU-2391,444.94,8.52,35.60,Returning,Credit Card
ORD-22260,CUST-8905,SESS-27260,CART-24260,2023-07-07,399.21,167.78,29.33,Sports,5,Cancelled,Web,West,P-862,SKU-823,79.84,12.95,31.94,Returning,PayPal
ORD-22261,CUST-8905,SESS-27261,CART-24261,2023-07-11,242.45,86.91,38.37,Electronics,1,Pending,Mobile App,International,P-549,SKU-2033,242.45,17.39,19.40,VIP,Crypto
ORD-22262,CUST-8905,SESS-27262,CART-24262,2023-10-09,54.01,25.80,18.15,Fashion,3,Returned,Affiliate,International,P-643,SKU-3761,18.00,15.66,4.32,New,Credit Card
ORD-22263,CUST-8906,SESS-27263,CART-24263,1749581848573,81.73,35.22,35.24,Electronics,2,Pending,Social Media,East,P-397,SKU-736,40.86,4.32,6.54,Returning,Credit Card
ORD-22264,CUST-8906,SESS-27264,CART-24264,2023-06-16,457.92,233.40,5.41,Beauty,2,Shipped,Web,International,P-270,SKU-1039,228.96,9.79,36.63,Returning,Debit Card
ORD-22265,CUST-8907,SESS-27265,CART-24265,2023-09-18,138.50,57.26,34.42,Home,2,Shipped,Mobile App,International,P-259,SKU-751,69.25,12.64,11.08,VIP,Crypto
ORD-22266,CUST-8907,SESS-27266,CART-24266,2023-02-19,  100.34  ,30.38,33.86,Electronics,2,Pending,Affiliate,South,P-223,SKU-2919,50.17,17.47,8.03,New,Credit Card
ORD-22267,CUST-8907,SESS-27267,CART-24267,2023-03-15,152.32,50.96,11.49,Fashion,NULL,Shipped,Social Media,East,P-647,SKU-2010,152.32,18.30,12.19,Returning,Debit Card
ORD-22268,CUST-8908,SESS-27268,CART-24268,2023-11-30,402.78,234.12,29.01,Home,1,Completed,Social Media,West,P-663,SKU-861,402.78,10.34,32.22,New,PayPal
ORD-22269,CUST-8908,SESS-27269,CART-24269,2023-01-04,289.96,134.00,25.90,Home,4,Returned,Web,North,P-153,SKU-3116,72.49,8.88,23.20,VIP,PayPal
ORD-22270,CUST-8909,SESS-27270,CART-24270,2025-10-19,362.52,160.60,15.50,Electronics,4,Pending,Affiliate,North,P-284,SKU-159,90.63,5.09,29.00,New,Debit Card
ORD-22271,CUST-8909,SESS-27271,CART-24271,2023-11-30,288.54,124.45,19.50,Electronics,2,Returned,Social Media,North,P-717,SKU-1892,144.27,17.55,23.08,Returning,Debit Card
ORD-22272,CUST-8909,SESS-27272,CART-24272,2023-06-30,202.14,64.65,4.50,Sports,2,Cancelled,Social Media,North,P-455,SKU-1506,101.07,15.50,16.17,Returning,Crypto
ORD-22273,CUST-8910,SESS-27273,CART-24273,2025-08-27,133.81,56.26,22.96,Fashion,2,Pending,Mobile App,North,P-450,SKU-4378,66.91,16.58,10.71,VIP,PayPal
ORD-22274,CUST-8910,SESS-27274,CART-24274,2024-11-24,142.20,56.55,48.73,Beauty,1,Pending,Web,North,P-895,SKU-1590,142.20,6.53,11.38,New,PayPal
ORD-22275,CUST-8911,SESS-27275,CART-24275,2025-05-24,278.69,119.66,25.96,Sports,2,Pending,Web,North,P-395,SKU-4973,139.35,5.11,22.30,VIP,Crypto
ORD-22276,CUST-8911,SESS-27276,CART-24276,2024-07-08,327.20,149.73,17.92,Electronics,3,Cancelled,Mobile App,West,P-877,SKU-3246,109.07,1.34,26.18,VIP,PayPal
ORD-22277,CUST-8911,SESS-27277,CART-24277,2026-02-03,364.50,112.85,45.94,Beauty,3,Returned,Mobile App,East,P-223,SKU-3040,121.50,7.64,29.16,New,Crypto
ORD-22278,CUST-8912,SESS-27278,CART-24278,2025-10-18,80.37,43.30,33.69,Sports,4,Completed,Social Media,South,P-338,SKU-1265,20.09,18.64,6.43,Returning,Debit Card
ORD-22279,CUST-8912,SESS-27279,CART-24279,2024-06-10,473.49,211.65,48.15,Sports,3,Returned,Mobile App,East,P-104,SKU-4141,157.83,19.88,37.88,Returning,Credit Card
ORD-22280,CUST-8913,SESS-27280,CART-24280,2025-12-19,55.91,23.44,29.19,Beauty,3,Completed,Social Media,South,P-629,SKU-368,18.64,11.41,4.47,VIP,Debit Card
ORD-22281,CUST-8913,SESS-27281,CART-24281,1728603351662,343.43,178.87,21.40,Electronics,1,Pending,Social Media,International,P-167,SKU-4533,343.43,0.12,27.47,New,PayPal
ORD-22282,CUST-8913,SESS-27282,CART-24282,2024-03-04,246.54,140.54,9.20,Home,4,Pending,Web,International,P-995,SKU-605,61.64,16.20,19.72,New,Crypto
ORD-22283,CUST-8914,SESS-27283,CART-24283,2025-07-13,113.47,61.69,24.36,Electronics,2,Pending,Affiliate,West,P-112,SKU-968,56.73,12.69,9.08,Returning,Crypto
ORD-22284,CUST-8914,SESS-27284,CART-24284,2024-01-02,460.42,229.32,27.83,Home,2,Returned,Affiliate,South,P-75,SKU-535,230.21,3.24,36.83,New,PayPal
ORD-22285,CUST-8915,SESS-27285,CART-24285,2025-01-25,188.23,72.73,5.27,Fashion,1,Shipped,Mobile App,International,P-861,SKU-1172,188.23,19.64,15.06,VIP,Credit Card
ORD-22286,CUST-8915,SESS-27286,CART-24286,2025-02-17,,240.92,12.97,Fashion,5,Pending,Mobile App,International,P-627,SKU-1371,81.64,3.05,32.66,Returning,PayPal
ORD-22287,CUST-8915,SESS-27287,CART-24287,2023-09-07,357.76,149.92,22.67,Sports,5,Shipped,Web,West,P-265,SKU-144,71.55,7.17,28.62,VIP,PayPal
ORD-22288,CUST-8916,SESS-27288,CART-24288,1721514930808,393.09,215.80,22.35,Home,5,Cancelled,Mobile App,West,P-592,SKU-2860,78.62,0.23,31.45,Returning,Credit Card
ORD-22289,CUST-8916,SESS-27289,CART-24289,2025-06-29,363.74,118.84,8.68,Fashion,3,Returned,Affiliate,West,P-507,SKU-35,121.25,4.47,29.10,New,Credit Card
ORD-22290,CUST-8917,SESS-27290,CART-24290,1716154237779,198.33,69.58,32.53,Fashion,2,Pending,Social Media,North,P-854,SKU-3904,99.16,2.06,15.87,Returning,Crypto
ORD-22291,CUST-8917,SESS-27291,CART-24291,2024-03-26,  297.76  ,114.63,27.01,Electronics,4,Completed,Social Media,International,P-756,SKU-1456,74.44,4.83,23.82,VIP,Credit Card
ORD-22292,CUST-8917,SESS-27292,CART-24292,2024-10-11,417.50,250.38,15.24,,3,Shipped,Web,International,P-259,SKU-1808,139.17,7.49,33.40,New,PayPal
ORD-22293,CUST-8918,SESS-27293,CART-24293,2025-12-03,468.60,171.87,8.06,Home,1,Completed,Mobile App,West,P-309,SKU-16,468.60,11.57,37.49,Returning,Crypto
ORD-22294,CUST-8918,SESS-27294,CART-24294,2024-05-08,317.51,149.47,22.87,Sports,1,Shipped,Affiliate,West,P-103,SKU-919,317.51,17.72,25.40,Returning,Credit Card
ORD-22295,CUST-8919,SESS-27295,CART-24295,2024-09-22,304.18,177.67,2.91,Home,3,Returned,Mobile App,International,P-865,SKU-2138,101.39,9.87,24.33,New,Debit Card
ORD-22296,CUST-8919,SESS-27296,CART-24296,2023-09-30,301.40,107.33,28.57,Fashion,5,Completed,Web,South,P-276,SKU-703,60.28,0.18,24.11,VIP,Credit Card
ORD-22297,CUST-8919,SESS-27297,CART-24297,2024-11-12,22.79,7.82,37.29,Beauty,2,Pending,Web,East,P-633,SKU-3735,11.40,11.14,1.82,VIP,Credit Card
ORD-22298,CUST-8920,SESS-27298,CART-24298,1704170734028,26.29,14.48,4.06,Sports,3,Cancelled,Web,North,P-88,SKU-1448,8.76,13.30,2.10,Returning,Crypto
ORD-22299,CUST-8920,SESS-27299,CART-24299,2023-07-21,123.47,43.36,6.96,Home,3,Cancelled,Mobile App,East,P-902,SKU-73,41.16,3.20,9.88,VIP,Debit Card
ORD-22300,CUST-8921,SESS-27300,CART-24300,2025-08-20,107.94,61.73,20.73,Home,3,Shipped,Mobile App,North,P-769,SKU-2540,35.98,15.67,8.64,VIP,Credit Card
ORD-22301,CUST-8921,SESS-27301,CART-24301,2023-01-21,114.18,62.68,42.65,NULL,5,Completed,Social Media,East,P-491,SKU-803,22.84,18.78,9.13,Returning,Debit Card
ORD-22302,CUST-8921,SESS-27302,CART-24302,2025-06-22,374.83,162.80,13.47,Electronics,5,Returned,Web,International,P-990,SKU-2571,74.97,15.50,29.99,New,Credit Card
ORD-22303,CUST-8922,SESS-27303,CART-24303,2023-04-21,469.50,252.58,22.58,Electronics,1,Pending,Web,International,P-844,SKU-3169,469.50,16.93,37.56,VIP,Credit Card
ORD-22304,CUST-8922,SESS-27304,CART-24304,2025-12-28,311.33,112.80,7.76,Electronics,3,Cancelled,Web,East,P-833,SKU-1403,103.78,19.60,24.91,VIP,Crypto
ORD-22305,CUST-8923,SESS-27305,CART-24305,2023-12-17,443.87,185.70,38.58,Beauty,5,Pending,Web,South,P-474,SKU-1632,88.77,4.96,35.51,Returning,Debit Card
ORD-22306,CUST-8923,SESS-27306,CART-24306,1765024906350,332.99,110.30,28.15,Electronics,2,Cancelled,Mobile App,East,P-821,SKU-133,166.50,16.69,26.64,New,Credit Card
ORD-22307,CUST-8923,SESS-27307,CART-24307,2023-01-03,471.58,250.68,10.36,Beauty,2,Returned,Web,East,P-664,SKU-3372,235.79,19.58,37.73,VIP,Credit Card
ORD-22308,CUST-8924,SESS-27308,CART-24308,2024-04-13,334.24,183.59,22.95,Sports,3,Returned,Affiliate,North,P-343,SKU-2925,111.41,17.21,26.74,New,PayPal
ORD-22309,CUST-8924,SESS-27309,CART-24309,1769225267527,381.45,131.91,21.46,Home,4,Cancelled,Affiliate,East,P-484,SKU-1103,95.36,3.47,30.52,VIP,Crypto
ORD-22310,CUST-8925,SESS-27310,CART-24310,2023-03-31,412.03,246.76,26.55,Home,2,Shipped,Social Media,West,P-590,SKU-1593,206.02,11.85,32.96,VIP,Crypto
ORD-22311,CUST-8925,SESS-27311,CART-24311,9/11/2023,305.08,125.76,25.83,Electronics,5,Completed,Web,North,P-537,SKU-974,61.02,0.78,24.41,New,Credit Card
ORD-22312,CUST-8925,SESS-27312,CART-24312,2024-01-13,361.77,212.17,22.93,Electronics,3,Pending,Affiliate,South,P-174,SKU-4429,120.59,11.20,28.94,New,Credit Card
ORD-22313,CUST-8926,SESS-27313,CART-24313,2024-01-15,477.31,268.20,23.11,Sports,1,Cancelled,Social Media,International,P-929,SKU-4567,477.31,1.39,38.19,VIP,Debit Card
ORD-22314,CUST-8926,SESS-27314,CART-24314,2023-04-22,363.47,154.58,0.74,Fashion,3,Completed,Affiliate,East,P-195,SKU-3645,121.16,19.06,29.08,New,Credit Card
ORD-22315,CUST-8927,SESS-27315,CART-24315,2025-06-21,356.11,139.67,40.69,Home,3,Returned,Affiliate,North,P-979,SKU-1716,118.70,14.21,28.49,New,PayPal
ORD-22316,CUST-8927,SESS-27316,CART-24316,2024-09-22,337.27,197.83,5.34,Electronics,1,Shipped,Affiliate,West,P-605,SKU-1341,337.27,8.73,26.98,VIP,Debit Card
ORD-22317,CUST-8927,SESS-27317,CART-24317,2023-02-27,141.85,52.85,46.87,Home,5,Shipped,Web,South,P-863,SKU-1094,28.37,11.10,11.35,Returning,Crypto
ORD-22318,CUST-8928,SESS-27318,CART-24318,1700489583353,70.63,40.77,42.13,Electronics,4,Pending,Social Media,North,P-823,SKU-2378,17.66,19.80,5.65,Returning,PayPal
ORD-22319,CUST-8928,SESS-27319,CART-24319,2025-02-06,363.33,179.79,22.21,Electronics,3,Completed,Mobile App,South,P-74,SKU-26,121.11,7.45,29.07,New,Credit Card
ORD-22320,CUST-8929,SESS-27320,CART-24320,2023-11-28,206.89,92.18,40.36,Electronics,3,Completed,Affiliate,International,P-874,SKU-3354,68.96,9.82,16.55,VIP,Crypto
ORD-22321,CUST-8929,SESS-27321,CART-24321,2023-08-07,481.47,203.21,23.11,Home,1,Shipped,Social Media,North,P-186,SKU-530,481.47,8.84,38.52,New,Credit Card
ORD-22322,CUST-8929,SESS-27322,CART-24322,1704220995512,306.91,120.42,27.97,Electronics,2,Pending,Social Media,International,P-21,SKU-4029,153.46,3.10,24.55,Returning,Debit Card
ORD-22323,CUST-8930,SESS-27323,CART-24323,2025-06-02,62.97,32.04,49.85,Fashion,3,Cancelled,Affiliate,East,P-19,SKU-2062,20.99,3.72,5.04,VIP,Crypto
ORD-22324,CUST-8930,SESS-27324,CART-24324,2025-03-08,26.96,15.22,43.86,Home,5,Cancelled,Social Media,International,P-421,SKU-356,5.39,8.99,2.16,Returning,Credit Card
ORD-22325,CUST-8931,SESS-27325,CART-24325,2023-04-21,254.96,99.25,11.95,Home,3,Completed,Web,South,P-248,SKU-1169,84.99,8.26,20.40,VIP,Debit Card
ORD-22326,CUST-8931,SESS-27326,CART-24326,1716746872386,37.93,21.83,40.03,Fashion,4,Completed,Social Media,South,P-968,SKU-1424,9.48,12.73,3.03,New,Credit Card
ORD-22327,CUST-8931,SESS-27327,CART-24327,2024-03-06,481.44,188.68,7.88,Beauty,2,Shipped,Affiliate,North,P-783,SKU-23,240.72,11.33,38.52,VIP,Crypto
ORD-22328,CUST-8932,SESS-27328,CART-24328,2025-06-11,400.87,141.82,20.41,Home,5,Cancelled,Affiliate,East,P-195,SKU-264,80.17,13.68,32.07,New,Credit Card
ORD-22329,CUST-8932,SESS-27329,CART-24329,2025-07-07,341.38,202.09,47.58,Electronics,5,Cancelled,Affiliate,North,P-505,SKU-3550,68.28,18.28,27.31,Returning,Credit Card
ORD-22330,CUST-8933,SESS-27330,CART-24330,2025-08-16,410.75,203.12,41.89,Fashion,1,Pending,Web,South,P-196,SKU-1952,410.75,17.88,32.86,New,Crypto
ORD-22331,CUST-8933,SESS-27331,CART-24331,2023-12-13,246.50,80.84,27.43,Fashion,4,Shipped,Affiliate,South,P-210,SKU-471,61.63,18.78,19.72,VIP,Debit Card
ORD-22332,CUST-8933,SESS-27332,CART-24332,2024-10-22,127.04,51.36,7.54,Beauty,4,Returned,Mobile App,West,P-747,SKU-2880,31.76,1.10,10.16,Returning,Crypto
ORD-22333,CUST-8934,SESS-27333,CART-24333,2023-06-27,260.21,118.98,32.22,Fashion,2,Completed,Social Media,South,P-212,SKU-33,130.10,12.89,20.82,VIP,Debit Card
ORD-22334,CUST-8934,SESS-27334,CART-24334,2023-05-27,434.57,203.21,5.84,Home,3,Returned,Web,North,P-159,SKU-160,144.86,11.95,34.77,VIP,Crypto
ORD-22335,CUST-8935,SESS-27335,CART-24335,2025-10-08,80.60,28.34,41.17,Fashion,3,Shipped,Web,North,P-616,SKU-3349,26.87,17.79,6.45,New,Credit Card
ORD-22336,CUST-8935,SESS-27336,CART-24336,2024-03-03,429.21,175.36,19.09,Fashion,NULL,Completed,Web,International,P-785,SKU-1508,85.84,9.59,34.34,Returning,Crypto
ORD-22337,CUST-8935,SESS-27337,CART-24337,2024-11-30,428.32,195.06,48.04,Sports,2,Pending,Social Media,East,P-195,SKU-3175,214.16,0.25,34.27,Returning,Debit Card
ORD-22338,CUST-8936,SESS-27338,CART-24338,2023-06-04,459.54,162.65,31.38,Fashion,5,Cancelled,Web,East,P-830,SKU-4834,91.91,7.30,36.76,Returning,Credit Card
ORD-22339,CUST-8936,SESS-27339,CART-24339,2023-06-30,233.72,113.41,25.71,Electronics,1,Completed,Affiliate,West,P-508,SKU-850,233.72,1.72,18.70,VIP,PayPal
ORD-22340,CUST-8937,SESS-27340,CART-24340,2023-02-05,158.14,79.81,27.24,Fashion,5,Cancelled,Mobile App,International,P-747,SKU-3042,31.63,6.33,12.65,VIP,Crypto
ORD-22341,CUST-8937,SESS-27341,CART-24341,2024-02-27,396.26,187.43,24.67,Home,1,Cancelled,Mobile App,South,P-727,SKU-1118,396.26,18.92,31.70,Returning,Credit Card
ORD-22342,CUST-8937,SESS-27342,CART-24342,2024-09-24,380.76,150.78,0.84,Sports,2,Completed,Web,South,P-416,SKU-2039,190.38,11.52,30.46,New,Credit Card
ORD-22343,CUST-8938,SESS-27343,CART-24343,2024-06-12,351.84,200.00,14.48,Beauty,4,Shipped,Mobile App,East,P-264,SKU-1957,87.96,13.38,28.15,New,Crypto
ORD-22344,CUST-8938,SESS-27344,CART-24344,2025-11-02,149.32,61.08,3.70,Electronics,3,Cancelled,Web,North,P-613,SKU-2708,49.77,11.34,11.95,VIP,Crypto
ORD-22345,CUST-8939,SESS-27345,CART-24345,2023-12-14,146.44,68.25,7.78,Home,4,Returned,Mobile App,North,P-530,SKU-59,36.61,19.72,11.72,VIP,PayPal
ORD-22346,CUST-8939,SESS-27346,CART-24346,2025-04-27,360.51,137.88,1.87,Fashion,5,Shipped,Web,East,P-434,SKU-3429,72.10,9.49,28.84,New,PayPal
ORD-22347,CUST-8939,SESS-27347,CART-24347,2025-10-18,364.83,214.72,16.92,Beauty,4,Returned,Affiliate,International,P-679,SKU-1087,91.21,9.97,29.19,New,Crypto
ORD-22348,CUST-8940,SESS-27348,CART-24348,2023-01-07,198.75,64.01,37.20,Sports,3,Completed,Affiliate,South,P-528,SKU-119,66.25,15.91,15.90,Returning,Debit Card
ORD-22349,CUST-8940,SESS-27349,CART-24349,2023-11-16,55.79,25.21,4.09,Home,4,Completed,Social Media,South,P-584,SKU-2375,13.95,6.47,4.46,New,Debit Card
ORD-22350,CUST-8941,SESS-27350,CART-24350,2023-11-27,254.70,107.40,38.49,Electronics,4,Returned,Mobile App,International,P-250,SKU-2858,63.67,5.40,20.38,VIP,Debit Card
ORD-22351,CUST-8941,SESS-27351,CART-24351,2025-10-17,278.58,115.62,5.00,Home,2,Returned,Mobile App,East,P-256,SKU-520,139.29,4.40,22.29,VIP,Credit Card
ORD-22352,CUST-8941,SESS-27352,CART-24352,2024-01-31,112.25,37.77,39.38,Electronics,2,Completed,Social Media,International,P-630,SKU-309,56.13,3.97,8.98,New,Debit Card
ORD-22353,CUST-8942,SESS-27353,CART-24353,2023-06-20,241.68,134.26,20.17,Beauty,4,Pending,Mobile App,International,P-55,SKU-3041,60.42,7.57,19.33,Returning,PayPal
ORD-22354,CUST-8942,SESS-27354,CART-24354,2025-05-31,416.86,177.56,3.54,Electronics,3,Cancelled,Affiliate,International,P-924,SKU-1656,138.95,1.90,33.35,VIP,PayPal
ORD-22355,CUST-8943,SESS-27355,CART-24355,2024-06-08,254.58,108.59,39.75,Fashion,4,Completed,Affiliate,West,P-781,SKU-350,63.65,2.11,20.37,VIP,PayPal
ORD-22356,CUST-8943,SESS-27356,CART-24356,2025-11-06,220.57,92.86,49.43,Beauty,4,Completed,Social Media,International,P-306,SKU-4457,55.14,14.25,17.65,VIP,Credit Card
ORD-22357,CUST-8943,SESS-27357,CART-24357,2024-03-12,468.65,222.07,7.57,Electronics,5,Shipped,Affiliate,West,P-135,SKU-3431,93.73,15.61,37.49,VIP,Crypto
ORD-22358,CUST-8944,SESS-27358,CART-24358,2023-07-24,147.98,55.42,2.36,Beauty,4,Returned,Affiliate,West,P-470,SKU-4018,37.00,3.73,11.84,New,Crypto
ORD-22359,CUST-8944,SESS-27359,CART-24359,2025-07-12,395.01,194.19,24.99,Electronics,1,Pending,Affiliate,North,P-191,SKU-829,395.01,6.10,31.60,VIP,PayPal
ORD-22360,CUST-8945,SESS-27360,CART-24360,2024-04-24,444.38,175.86,11.17,Sports,5,Pending,Social Media,North,P-195,SKU-2043,88.88,9.85,35.55,New,PayPal
ORD-22361,CUST-8945,SESS-27361,CART-24361,2023-10-12,211.90,102.03,4.98,Electronics,5,Completed,Affiliate,South,P-739,SKU-2701,42.38,8.54,16.95,New,Crypto
ORD-22362,CUST-8945,SESS-27362,CART-24362,2024-10-30,61.59,28.20,35.10,Beauty,2,Pending,Mobile App,South,P-20,SKU-2185,30.80,16.10,4.93,Returning,Credit Card
ORD-22363,CUST-8946,SESS-27363,CART-24363,2024-05-28,273.30,148.57,0.39,Beauty,3,Shipped,Mobile App,International,P-97,SKU-1818,91.10,18.54,21.86,Returning,PayPal
ORD-22364,CUST-8946,SESS-27364,CART-24364,2025-11-30,140.57,80.59,35.36,Fashion,5,Shipped,Social Media,West,P-685,SKU-1472,28.11,6.00,11.25,VIP,Crypto
ORD-22365,CUST-8947,SESS-27365,CART-24365,2025-01-17,284.05,167.61,5.46,NULL,1,Pending,Affiliate,South,P-104,SKU-4644,284.05,8.39,22.72,Returning,Credit Card
ORD-22366,CUST-8947,SESS-27366,CART-24366,5/12/2025,NULL,28.89,19.89,Home,1,Cancelled,Web,International,P-338,SKU-1123,89.80,4.39,7.18,Returning,Debit Card
ORD-22367,CUST-8947,SESS-27367,CART-24367,2023-12-24,49.39,29.58,18.46,Home,4,Returned,Web,North,P-940,SKU-2641,12.35,4.03,3.95,Returning,Crypto
ORD-22368,CUST-8948,SESS-27368,CART-24368,8/12/2024,306.05,156.17,7.76,Electronics,1,Completed,Affiliate,West,P-884,SKU-2306,306.05,17.31,24.48,New,Crypto
ORD-22369,CUST-8948,SESS-27369,CART-24369,2025-03-22,167.59,81.36,7.08,Beauty,5,Completed,Mobile App,South,P-894,SKU-3363,33.52,19.70,13.41,New,Debit Card
ORD-22370,CUST-8949,SESS-27370,CART-24370,2024-04-16,42.78,22.77,48.47,Home,4,Cancelled,Mobile App,International,P-475,SKU-1771,10.69,8.90,3.42,Returning,Debit Card
ORD-22371,CUST-8949,SESS-27371,CART-24371,2024-06-19,454.07,193.33,46.90,Electronics,5,Returned,Social Media,West,P-231,SKU-888,90.81,7.64,36.33,New,Credit Card
ORD-22372,CUST-8949,SESS-27372,CART-24372,2024-01-07,486.94,181.12,33.22,Home,4,Completed,Affiliate,East,P-986,SKU-4423,121.74,1.67,38.96,New,Credit Card
ORD-22373,CUST-8950,SESS-27373,CART-24373,4/30/2024,375.90,170.26,34.12,Home,5,Pending,Web,South,P-952,SKU-2086,75.18,19.81,30.07,Returning,Credit Card
ORD-22374,CUST-8950,SESS-27374,CART-24374,2023-07-16,210.01,104.95,32.69,Beauty,3,Shipped,Social Media,South,P-754,SKU-3704,70.00,7.75,16.80,New,Credit Card
ORD-22375,CUST-8951,SESS-27375,CART-24375,2025-07-03,447.86,248.29,25.45,Fashion,3,Returned,Web,West,P-770,SKU-3019,149.29,16.36,35.83,VIP,Credit Card
ORD-22376,CUST-8951,SESS-27376,CART-24376,2024-05-04,137.89,58.86,35.31,Sports,2,Shipped,Web,West,P-495,SKU-1614,68.95,14.33,11.03,VIP,Credit Card
ORD-22377,CUST-8951,SESS-27377,CART-24377,2024-11-14,321.68,134.54,22.47,Home,3,Completed,Social Media,West,P-822,SKU-4323,107.23,15.39,25.73,New,Debit Card
ORD-22378,CUST-8952,SESS-27378,CART-24378,2024-07-19,181.62,106.00,14.92,Sports,2,Cancelled,Mobile App,International,P-236,SKU-1288,90.81,19.50,14.53,New,Credit Card
ORD-22379,CUST-8952,SESS-27379,CART-24379,2025-06-02,393.17,176.54,11.50,Home,5,Returned,Social Media,West,P-713,SKU-116,78.63,2.48,31.45,New,Crypto
ORD-22380,CUST-8953,SESS-27380,CART-24380,2025-07-15,280.67,141.87,15.10,Sports,3,Shipped,Mobile App,West,P-490,SKU-179,93.56,6.65,22.45,VIP,Crypto
ORD-22381,CUST-8953,SESS-27381,CART-24381,2023-10-25,473.58,218.98,20.44,Beauty,2,Pending,Social Media,South,P-896,SKU-2763,236.79,15.43,37.89,New,Crypto
ORD-22382,CUST-8953,SESS-27382,CART-24382,2026-01-05,50.99,23.91,15.00,Home,4,Returned,Web,South,P-312,SKU-405,12.75,0.73,4.08,VIP,Credit Card
ORD-22383,CUST-8954,SESS-27383,CART-24383,2023-03-31,262.71,84.30,21.67,Home,5,Shipped,Social Media,South,P-649,SKU-1558,52.54,9.58,21.02,VIP,Crypto
ORD-22384,CUST-8954,SESS-27384,CART-24384,2025-03-25,211.11,119.04,41.27,,5,Shipped,Mobile App,International,P-681,SKU-2265,42.22,13.74,16.89,New,Debit Card
ORD-22385,CUST-8955,SESS-27385,CART-24385,2023-06-26,51.27,19.36,13.23,Beauty,2,Completed,Affiliate,West,P-783,SKU-4950,25.63,3.31,4.10,Returning,Debit Card
ORD-22386,CUST-8955,SESS-27386,CART-24386,2024-12-17,261.36,150.76,6.21,Fashion,2,Cancelled,Mobile App,South,P-48,SKU-1205,130.68,17.44,20.91,Returning,Debit Card
ORD-22387,CUST-8955,SESS-27387,CART-24387,2025-02-18,443.33,148.55,21.58,Sports,4,Pending,Web,West,P-187,SKU-2586,110.83,7.21,35.47,VIP,Credit Card
ORD-22388,CUST-8956,SESS-27388,CART-24388,2025-04-20,505.18,273.95,29.93,Sports,1,Returned,Mobile App,East,P-343,SKU-4692,505.18,3.71,40.41,VIP,Crypto
ORD-22389,CUST-8956,SESS-27389,CART-24389,2025-10-26,138.98,47.17,11.62,Electronics,4,Completed,Social Media,East,P-839,SKU-1616,34.74,12.15,11.12,VIP,Credit Card
ORD-22390,CUST-8957,SESS-27390,CART-24390,2024-03-12,362.86,122.69,40.36,Sports,5,Cancelled,Affiliate,North,P-193,SKU-3599,72.57,18.59,29.03,Returning,Debit Card
ORD-22391,CUST-8957,SESS-27391,CART-24391,3/23/2023,450.63,266.48,43.59,Electronics,2,Returned,Affiliate,South,P-721,SKU-289,225.31,19.59,36.05,New,Crypto
ORD-22392,CUST-8957,SESS-27392,CART-24392,7/30/2025,248.71,107.76,6.89,Fashion,3,Completed,Web,South,P-466,SKU-1139,82.90,16.99,19.90,VIP,Debit Card
ORD-22393,CUST-8958,SESS-27393,CART-24393,2025-10-17,462.51,244.29,39.14,Home,5,Shipped,Web,West,P-818,SKU-3956,92.50,0.19,37.00,VIP,PayPal
ORD-22394,CUST-8958,SESS-27394,CART-24394,2024-11-24,  227.88  ,94.15,13.97,Home,3,Shipped,Mobile App,East,P-857,SKU-1821,75.96,10.93,18.23,New,Debit Card
ORD-22395,CUST-8959,SESS-27395,CART-24395,2023-03-30,240.69,138.57,39.52,Beauty,5,Returned,Web,South,P-920,SKU-2279,48.14,12.29,19.25,Returning,Debit Card
ORD-22396,CUST-8959,SESS-27396,CART-24396,2024-11-30,481.79,229.85,44.71,Fashion,5,Returned,Web,South,P-235,SKU-11,96.36,12.17,38.54,VIP,Debit Card
ORD-22397,CUST-8959,SESS-27397,CART-24397,2024-02-03,235.70,127.16,19.85,Home,1,Shipped,Affiliate,West,P-524,SKU-3822,235.70,0.63,18.86,New,PayPal
ORD-22398,CUST-8960,SESS-27398,CART-24398,2024-12-06,445.96,144.91,47.67,Fashion,1,Returned,Social Media,West,P-935,SKU-4443,445.96,3.91,35.68,Returning,Crypto
ORD-22399,CUST-8960,SESS-27399,CART-24399,2024-06-02,471.23,264.10,43.28,Sports,5,Pending,Affiliate,South,P-716,SKU-2720,94.25,1.98,37.70,VIP,Credit Card
ORD-22400,CUST-8961,SESS-27400,CART-24400,2023-02-19,257.18,134.13,8.00,Sports,3,Returned,Web,International,P-406,SKU-4772,85.73,15.56,20.57,Returning,Debit Card
ORD-22401,CUST-8961,SESS-27401,CART-24401,2023-03-27,426.93,195.28,17.25,Beauty,3,Completed,Mobile App,North,P-496,SKU-554,142.31,17.57,34.15,New,Credit Card
ORD-22402,CUST-8961,SESS-27402,CART-24402,2025-10-23,157.16,76.82,8.60,Electronics,2,Pending,Affiliate,East,P-582,SKU-1598,78.58,17.84,12.57,VIP,Credit Card
ORD-22403,CUST-8962,SESS-27403,CART-24403,2024-10-31,107.79,42.55,25.69,Home,3,Cancelled,Web,West,P-461,SKU-3557,35.93,7.27,8.62,New,Debit Card
ORD-22404,CUST-8962,SESS-27404,CART-24404,2023-01-29,122.43,37.07,48.49,Sports,1,Shipped,Social Media,West,P-909,SKU-874,122.43,8.99,9.79,New,Debit Card
ORD-22405,CUST-8963,SESS-27405,CART-24405,2026-02-26,162.82,55.77,36.11,Beauty,3,Pending,Social Media,West,P-394,SKU-124,54.27,1.34,13.03,New,Debit Card
ORD-22406,CUST-8963,SESS-27406,CART-24406,2023-07-10,478.46,168.01,4.09,Fashion,3,Returned,Affiliate,South,P-524,SKU-203,159.49,10.77,38.28,New,Crypto
ORD-22407,CUST-8963,SESS-27407,CART-24407,1705568184383,17.84,5.83,3.00,Fashion,5,Returned,Web,North,P-263,SKU-3889,3.57,7.94,1.43,VIP,Credit Card
ORD-22408,CUST-8964,SESS-27408,CART-24408,2024-06-22,79.32,31.77,17.92,Home,3,Pending,Social Media,International,P-103,SKU-4267,26.44,1.94,6.35,VIP,PayPal
ORD-22409,CUST-8964,SESS-27409,CART-24409,1702062184243,32.61,9.95,36.00,Fashion,4,Completed,Social Media,North,P-827,SKU-412,8.15,14.32,2.61,VIP,Crypto
ORD-22410,CUST-8965,SESS-27410,CART-24410,2023-10-25,308.21,179.13,46.84,Sports,3,Pending,Web,North,P-219,SKU-2368,102.74,11.64,24.66,Returning,Debit Card
ORD-22411,CUST-8965,SESS-27411,CART-24411,1684734349951,214.45,76.17,20.76,Sports,4,Shipped,Mobile App,South,P-33,SKU-495,53.61,19.74,17.16,VIP,Debit Card
ORD-22412,CUST-8965,SESS-27412,CART-24412,2024-04-18,93.07,30.34,47.08,Sports,1,Completed,Social Media,International,P-172,SKU-2545,93.07,2.51,7.45,New,PayPal
ORD-22413,CUST-8966,SESS-27413,CART-24413,2023-01-28,259.77,153.17,32.54,Beauty,3,Returned,Web,West,P-164,SKU-2830,86.59,3.02,20.78,VIP,PayPal
ORD-22414,CUST-8966,SESS-27414,CART-24414,2024-02-06,347.90,167.00,5.95,Fashion,4,Shipped,Mobile App,East,P-300,SKU-799,86.98,0.40,27.83,Returning,PayPal
ORD-22415,CUST-8967,SESS-27415,CART-24415,2023-02-11,233.67,129.96,40.70,Beauty,1,Returned,Mobile App,South,P-838,SKU-1744,233.67,10.14,18.69,New,PayPal
ORD-22416,CUST-8967,SESS-27416,CART-24416,2024-04-21,477.85,207.23,14.18,Home,1,Returned,Social Media,North,P-901,SKU-791,477.85,18.07,38.23,VIP,Credit Card
ORD-22417,CUST-8967,SESS-27417,CART-24417,2023-11-17,109.05,59.81,48.83,Sports,4,Returned,Mobile App,East,P-713,SKU-2245,27.26,12.64,8.72,New,PayPal
ORD-22418,CUST-8968,SESS-27418,CART-24418,1712729411339,396.76,146.97,15.48,,3,Returned,Web,South,P-217,SKU-3429,132.25,14.80,31.74,Returning,Credit Card
ORD-22419,CUST-8968,SESS-27419,CART-24419,2023-11-13,476.55,252.66,7.00,Fashion,1,Shipped,Web,East,P-316,SKU-4301,476.55,1.00,38.12,VIP,Crypto
ORD-22420,CUST-8969,SESS-27420,CART-24420,2025-08-04,86.17,50.75,11.84,Home,1,Returned,Social Media,North,P-405,SKU-3095,86.17,3.88,6.89,Returning,Crypto
ORD-22421,CUST-8969,SESS-27421,CART-24421,2024-05-11,434.58,210.55,3.74,Electronics,4,Returned,Social Media,East,P-637,SKU-1864,108.64,2.49,34.77,New,Crypto
ORD-22422,CUST-8969,SESS-27422,CART-24422,2024-04-20,318.87,149.68,22.35,Electronics,1,Completed,Web,International,P-926,SKU-4203,318.87,4.18,25.51,New,Crypto
ORD-22423,CUST-8970,SESS-27423,CART-24423,2024-05-22,450.90,151.78,45.88,Home,3,Returned,Web,North,P-478,SKU-2446,150.30,7.89,36.07,Returning,PayPal
ORD-22424,CUST-8970,SESS-27424,CART-24424,2023-04-16,118.62,63.40,37.11,Beauty,2,Shipped,Web,North,P-285,SKU-155,59.31,0.92,9.49,New,Credit Card
ORD-22425,CUST-8971,SESS-27425,CART-24425,2025-08-22,132.81,43.83,37.19,Sports,1,Shipped,Mobile App,South,P-45,SKU-868,132.81,15.03,10.62,VIP,PayPal
ORD-22426,CUST-8971,SESS-27426,CART-24426,2025-04-11,243.30,129.21,44.12,Electronics,5,Returned,Affiliate,East,P-976,SKU-2149,48.66,7.12,19.46,VIP,Debit Card
ORD-22427,CUST-8971,SESS-27427,CART-24427,2026-02-13,416.84,125.51,19.74,Beauty,3,Shipped,Social Media,West,P-513,SKU-2217,138.95,7.23,33.35,New,Credit Card
ORD-22428,CUST-8972,SESS-27428,CART-24428,2026-03-08,113.45,60.55,23.63,Beauty,5,Pending,Affiliate,East,P-93,SKU-4279,22.69,16.45,9.08,VIP,PayPal
ORD-22429,CUST-8972,SESS-27429,CART-24429,2023-09-10,498.07,223.58,43.78,Beauty,2,Returned,Social Media,International,P-627,SKU-313,249.04,1.82,39.85,VIP,Debit Card
ORD-22430,CUST-8973,SESS-27430,CART-24430,2023-05-26,134.78,69.98,24.61,Electronics,2,Returned,Mobile App,East,P-939,SKU-981,67.39,9.36,10.78,Returning,PayPal
ORD-22431,CUST-8973,SESS-27431,CART-24431,2024-12-08,126.12,74.15,49.05,Electronics,NULL,Cancelled,Social Media,West,P-655,SKU-972,63.06,17.85,10.09,VIP,PayPal
ORD-22432,CUST-8973,SESS-27432,CART-24432,2024-12-17,469.12,279.86,20.35,Sports,1,Shipped,Affiliate,East,P-223,SKU-4190,469.12,0.11,37.53,Returning,Credit Card
ORD-22433,CUST-8974,SESS-27433,CART-24433,2025-01-03,234.55,135.01,20.59,Beauty,5,Returned,Web,West,P-650,SKU-1661,46.91,3.30,18.76,Returning,Debit Card
ORD-22434,CUST-8974,SESS-27434,CART-24434,2026-01-22,127.72,60.00,21.71,  electronics  ,1,Pending,Social Media,East,P-799,SKU-1762,127.72,8.82,10.22,Returning,Credit Card
ORD-22435,CUST-8975,SESS-27435,CART-24435,2025-07-09,392.48,207.41,32.94,Sports,4,Returned,Web,International,P-91,SKU-1563,98.12,1.72,31.40,New,Credit Card
ORD-22436,CUST-8975,SESS-27436,CART-24436,2023-05-07,312.34,107.33,29.36,Electronics,2,Cancelled,Web,West,P-665,SKU-1100,156.17,0.25,24.99,Returning,Crypto
ORD-22437,CUST-8975,SESS-27437,CART-24437,2024-04-27,232.81,102.84,48.75,Beauty,5,Completed,Mobile App,International,P-885,SKU-1670,46.56,18.29,18.62,VIP,Credit Card
ORD-22438,CUST-8976,SESS-27438,CART-24438,2024-07-18,339.45,178.56,35.40,Fashion,2,Completed,Mobile App,West,P-309,SKU-3320,169.73,11.54,27.16,New,Debit Card
ORD-22439,CUST-8976,SESS-27439,CART-24439,2025-07-06,266.70,138.74,22.90,Electronics,3,Cancelled,Web,East,P-761,SKU-4267,88.90,13.69,21.34,New,Credit Card
ORD-22440,CUST-8977,SESS-27440,CART-24440,2024-07-13,484.37,153.00,9.26,Home,1,Cancelled,Affiliate,International,P-302,SKU-4456,484.37,5.56,38.75,Returning,Debit Card
ORD-22441,CUST-8977,SESS-27441,CART-24441,2023-03-04,478.04,197.70,41.95,Fashion,5,Completed,Social Media,East,P-55,SKU-1702,95.61,11.33,38.24,New,Credit Card
ORD-22442,CUST-8977,SESS-27442,CART-24442,2023-05-30,117.81,60.61,9.04,Electronics,3,Completed,Mobile App,North,P-827,SKU-2701,39.27,10.68,9.42,Returning,Crypto
ORD-22443,CUST-8978,SESS-27443,CART-24443,2024-04-25,499.60,283.79,15.19,Home,1,Returned,Social Media,North,P-599,SKU-3908,499.60,6.95,39.97,Returning,PayPal
ORD-22444,CUST-8978,SESS-27444,CART-24444,2025-09-16,393.70,185.66,41.13,Electronics,2,Shipped,Web,South,P-378,SKU-843,196.85,2.26,31.50,New,PayPal
ORD-22445,CUST-8979,SESS-27445,CART-24445,2023-10-26,38.65,13.43,2.68,Electronics,4,Returned,Social Media,West,P-401,SKU-1503,9.66,18.84,3.09,VIP,Debit Card
ORD-22446,CUST-8979,SESS-27446,CART-24446,2025-07-06,183.21,88.70,27.79,Electronics,5,Completed,Mobile App,East,P-732,SKU-3925,36.64,12.53,14.66,Returning,Credit Card
ORD-22447,CUST-8979,SESS-27447,CART-24447,2023-05-01,33.62,12.36,13.57,Home,2,Returned,Web,West,P-304,SKU-28,16.81,19.26,2.69,New,PayPal
ORD-22448,CUST-8980,SESS-27448,CART-24448,2025-12-31,123.71,65.24,10.02,Beauty,1,Shipped,Affiliate,West,P-32,SKU-1671,123.71,1.52,9.90,VIP,Crypto
ORD-22449,CUST-8980,SESS-27449,CART-24449,2023-07-21,319.13,189.27,5.36,Beauty,4,Cancelled,Web,South,P-443,SKU-2528,79.78,17.22,25.53,New,Credit Card
ORD-22450,CUST-8981,SESS-27450,CART-24450,2025-01-03,  265.12  ,156.27,9.27,Sports,2,Pending,Web,West,P-313,SKU-3811,132.56,13.30,21.21,Returning,Debit Card
ORD-22451,CUST-8981,SESS-27451,CART-24451,2025-09-21,307.74,111.11,5.18,Electronics,5,Shipped,Social Media,International,P-158,SKU-1726,61.55,17.96,24.62,Returning,PayPal
ORD-22452,CUST-8981,SESS-27452,CART-24452,2025-02-05,NULL,154.93,1.92,Beauty,5,Pending,Social Media,West,P-755,SKU-7,82.38,17.68,32.95,VIP,Crypto
ORD-22453,CUST-8982,SESS-27453,CART-24453,2026-02-01,482.96,156.30,16.23,Electronics,3,Shipped,Mobile App,East,P-310,SKU-4757,160.99,11.22,38.64,VIP,Crypto
ORD-22454,CUST-8982,SESS-27454,CART-24454,2/11/2026,133.08,58.83,28.48,Electronics,2,Cancelled,Mobile App,International,P-805,SKU-4943,66.54,0.08,10.65,VIP,Credit Card
ORD-22455,CUST-8983,SESS-27455,CART-24455,2023-01-22,444.01,188.67,26.79,Electronics,3,Shipped,Affiliate,West,P-183,SKU-429,148.00,8.72,35.52,New,Debit Card
ORD-22456,CUST-8983,SESS-27456,CART-24456,2023-12-26,127.13,66.93,2.75,Beauty,1,Completed,Mobile App,East,P-456,SKU-4442,127.13,10.04,10.17,Returning,Debit Card
ORD-22457,CUST-8983,SESS-27457,CART-24457,2023-07-20,498.48,156.97,47.26,Home,3,Cancelled,Web,North,P-967,SKU-659,166.16,19.96,39.88,New,Credit Card
ORD-22458,CUST-8984,SESS-27458,CART-24458,2023-02-04,412.45,181.02,4.62,Electronics,3,Returned,Affiliate,North,P-933,SKU-918,137.48,13.70,33.00,Returning,Debit Card
ORD-22459,CUST-8984,SESS-27459,CART-24459,2025-08-12,466.75,161.74,49.49,Electronics,4,Returned,Web,North,P-95,SKU-3273,116.69,16.81,37.34,New,Credit Card
ORD-22460,CUST-8985,SESS-27460,CART-24460,2023-03-14,34.94,12.57,22.78,Home,3,Cancelled,Web,East,P-355,SKU-2706,11.65,5.27,2.80,New,Credit Card
ORD-22461,CUST-8985,SESS-27461,CART-24461,2025-11-10,NULL,188.90,3.46,Fashion,2,Completed,Web,North,P-919,SKU-502,219.74,2.15,35.16,VIP,PayPal
ORD-22462,CUST-8985,SESS-27462,CART-24462,2023-01-01,269.78,102.95,13.08,Beauty,4,Completed,Social Media,International,P-263,SKU-4198,67.44,19.15,21.58,Returning,Crypto
ORD-22463,CUST-8986,SESS-27463,CART-24463,2023-04-30,175.28,92.35,5.67,Fashion,5,Returned,Web,South,P-810,SKU-2351,35.06,19.22,14.02,VIP,Crypto
ORD-22464,CUST-8986,SESS-27464,CART-24464,2024-12-24,43.72,22.21,40.93,Sports,5,Pending,Social Media,South,P-212,SKU-553,8.74,3.36,3.50,VIP,PayPal
ORD-22465,CUST-8987,SESS-27465,CART-24465,2025-08-06,107.26,38.88,5.36,Electronics,1,Pending,Affiliate,North,P-491,SKU-1794,107.26,17.24,8.58,Returning,Debit Card
ORD-22466,CUST-8987,SESS-27466,CART-24466,2023-01-07,155.40,63.70,5.59,Beauty,2,Cancelled,Web,North,P-108,SKU-388,77.70,17.07,12.43,VIP,Crypto
ORD-22467,CUST-8987,SESS-27467,CART-24467,2025-09-16,267.39,136.45,17.08,Beauty,4,Pending,Affiliate,West,P-510,SKU-2282,66.85,0.69,21.39,New,Crypto
ORD-22468,CUST-8988,SESS-27468,CART-24468,2024-10-02,471.89,156.68,26.13,Beauty,5,Completed,Web,South,P-316,SKU-1789,94.38,12.95,37.75,New,Credit Card
ORD-22469,CUST-8988,SESS-27469,CART-24469,2026-02-12,376.76,176.84,42.19,Home,1,Returned,Social Media,North,P-854,SKU-702,376.76,3.91,30.14,Returning,Crypto
ORD-22470,CUST-8989,SESS-27470,CART-24470,2025-06-02,452.49,149.23,40.49,Sports,5,Shipped,Affiliate,South,P-40,SKU-2876,90.50,14.81,36.20,Returning,Credit Card
ORD-22471,CUST-8989,SESS-27471,CART-24471,2023-09-14,19.96,6.37,32.74,Electronics,2,Completed,Web,North,P-439,SKU-3068,9.98,11.33,1.60,VIP,PayPal
ORD-22472,CUST-8989,SESS-27472,CART-24472,2023-10-05,194.41,58.45,48.17,Beauty,2,Returned,Social Media,International,P-697,SKU-3993,97.20,19.13,15.55,VIP,Crypto
ORD-22473,CUST-8990,SESS-27473,CART-24473,2026-03-08,300.72,170.28,18.84,Home,2,Completed,Web,West,P-848,SKU-3772,150.36,12.25,24.06,VIP,PayPal
ORD-22474,CUST-8990,SESS-27474,CART-24474,2024-10-01,296.61,159.13,47.38,Electronics,5,Pending,Mobile App,East,P-217,SKU-188,59.32,14.74,23.73,Returning,Credit Card
ORD-22475,CUST-8991,SESS-27475,CART-24475,2025-11-28,171.14,63.31,45.42,Beauty,4,Shipped,Social Media,West,P-71,SKU-308,42.79,4.52,13.69,New,Debit Card
ORD-22476,CUST-8991,SESS-27476,CART-24476,2025-11-03,153.82,57.13,45.88,Fashion,1,Cancelled,Affiliate,North,P-840,SKU-1583,153.82,8.84,12.31,VIP,Credit Card
ORD-22477,CUST-8991,SESS-27477,CART-24477,2026-01-20,329.03,104.69,13.59,Fashion,5,Pending,Affiliate,International,P-880,SKU-4724,65.81,12.04,26.32,VIP,Credit Card
ORD-22478,CUST-8992,SESS-27478,CART-24478,2023-09-12,286.60,133.88,15.68,Fashion,5,Pending,Web,East,P-389,SKU-1423,57.32,10.18,22.93,VIP,Debit Card
ORD-22479,CUST-8992,SESS-27479,CART-24479,2025-04-12,222.68,113.06,33.50,Sports,5,Cancelled,Affiliate,North,P-710,SKU-1169,44.54,18.95,17.81,VIP,Crypto
ORD-22480,CUST-8993,SESS-27480,CART-24480,2025-11-20,482.58,169.01,23.15,Sports,3,Completed,Mobile App,North,P-92,SKU-2067,160.86,7.89,38.61,New,Crypto
ORD-22481,CUST-8993,SESS-27481,CART-24481,2023-03-13,156.92,71.25,49.11,Electronics,4,Pending,Social Media,North,P-345,SKU-1415,39.23,8.83,12.55,Returning,Credit Card
ORD-22482,CUST-8993,SESS-27482,CART-24482,2024-12-07,13.36,4.16,18.66,Beauty,5,Pending,Mobile App,South,P-874,SKU-3710,2.67,1.02,1.07,VIP,Crypto
ORD-22483,CUST-8994,SESS-27483,CART-24483,2024-01-31,332.84,190.35,46.42,Fashion,3,Returned,Affiliate,International,P-351,SKU-3101,110.95,18.66,26.63,VIP,Crypto
ORD-22484,CUST-8994,SESS-27484,CART-24484,2023-09-29,501.00,279.09,8.32,Beauty,4,Pending,Social Media,West,P-607,SKU-2003,125.25,18.61,40.08,New,Debit Card
ORD-22485,CUST-8995,SESS-27485,CART-24485,2025-02-09,350.50,140.94,40.93,Beauty,4,Pending,Web,North,P-311,SKU-1707,87.63,12.22,28.04,Returning,PayPal
ORD-22486,CUST-8995,SESS-27486,CART-24486,2025-09-03,402.62,171.84,7.83,Fashion,4,Pending,Social Media,North,P-656,SKU-3526,100.66,3.33,32.21,VIP,PayPal
ORD-22487,CUST-8995,SESS-27487,CART-24487,2024-07-07,347.63,113.62,16.18,Beauty,5,Completed,Social Media,East,P-911,SKU-690,69.53,5.56,27.81,Returning,PayPal
ORD-22488,CUST-8996,SESS-27488,CART-24488,2024-08-27,291.48,134.74,49.20,Fashion,5,Returned,Mobile App,East,P-452,SKU-2017,58.30,12.22,23.32,New,Crypto
ORD-22489,CUST-8996,SESS-27489,CART-24489,2023-09-28,91.50,39.86,7.55,Beauty,5,Shipped,Social Media,North,P-313,SKU-1773,18.30,13.20,7.32,Returning,PayPal
ORD-22490,CUST-8997,SESS-27490,CART-24490,1747281608745,81.50,26.50,37.87,Home,2,Cancelled,Social Media,North,P-207,SKU-1780,40.75,1.01,6.52,VIP,Crypto
ORD-22491,CUST-8997,SESS-27491,CART-24491,2026-02-11,18.09,6.15,32.21,Sports,2,Shipped,Social Media,International,P-861,SKU-3791,9.05,6.69,1.45,VIP,Crypto
ORD-22492,CUST-8997,SESS-27492,CART-24492,2024-09-10,360.52,185.67,20.35,Beauty,3,Cancelled,Mobile App,East,P-413,SKU-2103,120.17,15.41,28.84,Returning,Debit Card
ORD-22493,CUST-8998,SESS-27493,CART-24493,2024-11-07,72.77,28.78,34.25,Home,3,Shipped,Mobile App,East,P-547,SKU-184,24.26,5.05,5.82,VIP,Credit Card
ORD-22494,CUST-8998,SESS-27494,CART-24494,2024-02-02,171.08,78.13,12.40,Sports,5,Pending,Social Media,East,P-586,SKU-3575,34.22,5.55,13.69,New,Debit Card
ORD-22495,CUST-8999,SESS-27495,CART-24495,2025-06-07,126.70,43.85,9.63,NULL,1,Returned,Affiliate,International,P-112,SKU-14,126.70,16.84,10.14,Returning,PayPal
ORD-22496,CUST-8999,SESS-27496,CART-24496,2026-02-04,467.24,227.52,34.47,Fashion,2,Completed,Social Media,East,P-982,SKU-684,233.62,14.96,37.38,Returning,Debit Card
ORD-22497,CUST-8999,SESS-27497,CART-24497,2024-04-08,241.47,132.21,30.59,Sports,3,Cancelled,Affiliate,South,P-287,SKU-1554,80.49,0.14,19.32,New,Debit Card
ORD-22498,CUST-9000,SESS-27498,CART-24498,1724274836092,393.57,218.30,28.62,Beauty,5,Cancelled,Affiliate,East,P-64,SKU-130,78.71,9.02,31.49,Returning,Crypto
ORD-22499,CUST-9000,SESS-27499,CART-24499,2023-01-20,138.99,79.52,6.70,Electronics,2,Completed,Web,North,P-859,SKU-1781,69.50,10.54,11.12,New,Crypto
ORD-22500,CUST-9001,SESS-27500,CART-24500,2023-11-17,406.62,220.35,2.32,Fashion,5,Pending,Affiliate,International,P-118,SKU-88,81.32,2.59,32.53,Returning,Debit Card
ORD-22501,CUST-9001,SESS-27501,CART-24501,1697620474773,34.15,15.74,25.77,Beauty,1,Pending,Web,South,P-96,SKU-4458,34.15,6.56,2.73,New,Debit Card
ORD-22502,CUST-9001,SESS-27502,CART-24502,2023-03-19,204.36,116.89,3.61,Electronics,1,Returned,Mobile App,South,P-156,SKU-4428,204.36,19.60,16.35,VIP,Credit Card
ORD-22503,CUST-9002,SESS-27503,CART-24503,1678332088203,392.84,123.62,46.20,Beauty,2,Completed,Social Media,West,P-20,SKU-1721,196.42,11.15,31.43,VIP,Crypto
ORD-22504,CUST-9002,SESS-27504,CART-24504,2025-03-17,288.90,166.62,11.93,Fashion,3,Cancelled,Mobile App,East,P-484,SKU-769,96.30,19.34,23.11,Returning,Credit Card
ORD-22505,CUST-9003,SESS-27505,CART-24505,2023-10-13,458.72,178.36,24.00,Home,3,Completed,Social Media,East,P-614,SKU-1211,152.91,9.95,36.70,VIP,Debit Card
ORD-22506,CUST-9003,SESS-27506,CART-24506,2024-07-20,109.50,37.73,8.38,Home,2,Completed,Web,International,P-334,SKU-99,54.75,19.04,8.76,VIP,Debit Card
ORD-22507,CUST-9003,SESS-27507,CART-24507,2025-02-25,191.62,98.60,11.61,Beauty,2,Cancelled,Social Media,West,P-661,SKU-2816,95.81,9.38,15.33,VIP,PayPal
ORD-22508,CUST-9004,SESS-27508,CART-24508,2025-02-23,228.09,127.64,43.40,  sports  ,1,Shipped,Affiliate,East,P-956,SKU-3489,228.09,0.39,18.25,VIP,Credit Card
ORD-22509,CUST-9004,SESS-27509,CART-24509,2025-12-14,59.55,18.90,18.67,Sports,5,Returned,Mobile App,North,P-810,SKU-4018,11.91,10.06,4.76,VIP,Crypto
ORD-22510,CUST-9005,SESS-27510,CART-24510,2024-04-02,154.27,85.70,45.51,Fashion,2,Completed,Social Media,South,P-949,SKU-1719,77.14,9.59,12.34,New,Credit Card
ORD-22511,CUST-9005,SESS-27511,CART-24511,2024-11-26,185.19,61.63,29.06,Sports,2,Cancelled,Web,West,P-429,SKU-4016,92.59,16.21,14.81,VIP,PayPal
ORD-22512,CUST-9005,SESS-27512,CART-24512,2024-10-20,302.43,115.85,17.05,Beauty,2,Returned,Web,South,P-395,SKU-3826,151.22,13.84,24.19,VIP,PayPal
ORD-22513,CUST-9006,SESS-27513,CART-24513,2026-01-10,116.29,39.35,47.52,Sports,4,Shipped,Social Media,South,P-635,SKU-4020,29.07,17.55,9.30,New,Credit Card
ORD-22514,CUST-9006,SESS-27514,CART-24514,2025-04-11,176.84,87.77,5.52,Beauty,1,Completed,Web,East,P-321,SKU-4125,176.84,13.90,14.15,Returning,PayPal
ORD-22515,CUST-9007,SESS-27515,CART-24515,2023-03-30,83.24,40.35,7.01,Beauty,3,Shipped,Social Media,International,P-642,SKU-4192,27.75,15.22,6.66,Returning,PayPal
ORD-22516,CUST-9007,SESS-27516,CART-24516,2025-10-12,284.43,166.10,3.31,Fashion,4,Pending,Affiliate,West,P-581,SKU-2836,71.11,9.75,22.75,VIP,PayPal
ORD-22517,CUST-9007,SESS-27517,CART-24517,2025-02-11,  272.97  ,94.99,29.38,Home,3,Pending,Affiliate,East,P-580,SKU-4579,90.99,10.70,21.84,VIP,Debit Card
ORD-22518,CUST-9008,SESS-27518,CART-24518,2023-05-18,123.60,57.56,28.30,Sports,1,Cancelled,Affiliate,West,P-614,SKU-4753,123.60,15.89,9.89,New,Credit Card
ORD-22519,CUST-9008,SESS-27519,CART-24519,2024-09-30,455.00,238.13,34.38,Beauty,,Returned,Social Media,West,P-857,SKU-342,91.00,7.50,36.40,VIP,Debit Card
ORD-22520,CUST-9009,SESS-27520,CART-24520,2025-02-02,307.83,120.65,49.41,Electronics,1,Cancelled,Mobile App,West,P-729,SKU-2659,307.83,9.67,24.63,VIP,Debit Card
ORD-22521,CUST-9009,SESS-27521,CART-24521,2025-06-12,  29.18  ,10.20,4.95,Sports,3,Pending,Social Media,North,P-850,SKU-1536,9.73,12.81,2.33,New,Crypto
ORD-22522,CUST-9009,SESS-27522,CART-24522,2023-12-10,261.78,111.16,42.19,Home,1,Completed,Social Media,International,P-914,SKU-2887,261.78,6.14,20.94,Returning,Credit Card
ORD-22523,CUST-9010,SESS-27523,CART-24523,2026-02-26,167.58,79.95,10.13,Home,3,Completed,Affiliate,East,P-516,SKU-2502,55.86,15.79,13.41,VIP,Debit Card
ORD-22524,CUST-9010,SESS-27524,CART-24524,2024-03-05,367.20,199.47,4.03,Electronics,5,Shipped,Mobile App,North,P-399,SKU-2824,73.44,7.45,29.38,Returning,PayPal
ORD-22525,CUST-9011,SESS-27525,CART-24525,2025-07-13,432.00,243.42,25.40,Fashion,5,Returned,Affiliate,North,P-623,SKU-3915,86.40,10.53,34.56,VIP,Debit Card
ORD-22526,CUST-9011,SESS-27526,CART-24526,2025-04-06,  465.89  ,252.99,18.43,Home,5,Pending,Mobile App,South,P-980,SKU-382,93.18,15.15,37.27,VIP,PayPal
ORD-22527,CUST-9011,SESS-27527,CART-24527,2023-11-24,10.56,5.00,35.47,Fashion,2,Pending,Web,West,P-911,SKU-2361,5.28,4.74,0.85,VIP,PayPal
ORD-22528,CUST-9012,SESS-27528,CART-24528,2025-07-28,424.00,130.04,1.71,Electronics,3,Pending,Affiliate,International,P-406,SKU-3073,141.33,0.30,33.92,Returning,Debit Card
ORD-22529,CUST-9012,SESS-27529,CART-24529,2024-04-14,227.67,130.74,16.87,Beauty,5,Cancelled,Web,International,P-261,SKU-3185,45.53,8.68,18.21,Returning,Debit Card
ORD-22530,CUST-9013,SESS-27530,CART-24530,2023-12-11,234.86,110.45,1.73,  beauty  ,5,Cancelled,Affiliate,North,P-120,SKU-3130,46.97,16.00,18.79,VIP,PayPal
ORD-22531,CUST-9013,SESS-27531,CART-24531,2025-09-17,,18.81,37.39,Beauty,5,Completed,Social Media,South,P-97,SKU-3142,6.64,17.15,2.65,Returning,Crypto
ORD-22532,CUST-9013,SESS-27532,CART-24532,2024-06-13,464.68,177.18,22.31,Home,1,Cancelled,Mobile App,South,P-55,SKU-1770,464.68,5.69,37.17,Returning,Debit Card
ORD-22533,CUST-9014,SESS-27533,CART-24533,2023-10-27,482.21,242.97,0.00,  beauty  ,1,Returned,Social Media,International,P-122,SKU-2914,482.21,10.84,38.58,VIP,Crypto
ORD-22534,CUST-9014,SESS-27534,CART-24534,2023-04-19,91.03,28.62,31.72,Home,1,Shipped,Web,East,P-741,SKU-1978,91.03,18.23,7.28,Returning,PayPal
ORD-22535,CUST-9015,SESS-27535,CART-24535,2023-12-12,199.26,81.97,25.99,Home,1,Shipped,Mobile App,North,P-655,SKU-760,199.26,5.57,15.94,New,Crypto
ORD-22536,CUST-9015,SESS-27536,CART-24536,2025-08-26,101.01,58.62,45.26,Fashion,1,Pending,Affiliate,East,P-623,SKU-471,101.01,7.03,8.08,New,Credit Card
ORD-22537,CUST-9015,SESS-27537,CART-24537,2025-05-13,375.07,155.27,11.37,Home,4,Shipped,Mobile App,International,P-862,SKU-828,93.77,6.76,30.01,New,Crypto
ORD-22538,CUST-9016,SESS-27538,CART-24538,2023-06-21,432.14,190.66,48.51,Electronics,5,Shipped,Social Media,East,P-572,SKU-4861,86.43,0.02,34.57,VIP,Crypto
ORD-22539,CUST-9016,SESS-27539,CART-24539,2024-06-01,107.81,33.76,48.85,Beauty,5,Pending,Affiliate,International,P-255,SKU-2369,21.56,0.91,8.63,New,Credit Card
ORD-22540,CUST-9017,SESS-27540,CART-24540,2025-12-17,85.19,43.01,24.10,Beauty,2,Pending,Web,East,P-252,SKU-4159,42.59,8.74,6.82,New,PayPal
ORD-22541,CUST-9017,SESS-27541,CART-24541,2025-10-30,429.45,140.93,17.49,Electronics,2,Returned,Affiliate,West,P-801,SKU-855,214.73,14.55,34.36,Returning,PayPal
ORD-22542,CUST-9017,SESS-27542,CART-24542,2025-05-13,84.67,26.70,19.94,Fashion,3,Completed,Web,East,P-176,SKU-2359,28.22,18.53,6.77,New,Debit Card
ORD-22543,CUST-9018,SESS-27543,CART-24543,3/10/2024,115.18,67.83,22.97,Sports,,Returned,Mobile App,International,P-307,SKU-410,28.79,9.33,9.21,VIP,Debit Card
ORD-22544,CUST-9018,SESS-27544,CART-24544,2/4/2026,95.96,51.41,3.02,Electronics,4,Cancelled,Mobile App,International,P-230,SKU-2949,23.99,17.13,7.68,New,PayPal
ORD-22545,CUST-9019,SESS-27545,CART-24545,2023-11-10,260.76,78.90,17.12,Home,1,Returned,Affiliate,South,P-149,SKU-2727,260.76,9.02,20.86,New,Credit Card
ORD-22546,CUST-9019,SESS-27546,CART-24546,2024-08-23,58.74,22.64,32.66,Electronics,2,Shipped,Affiliate,North,P-382,SKU-1039,29.37,16.93,4.70,VIP,Crypto
ORD-22547,CUST-9019,SESS-27547,CART-24547,2025-04-25,316.17,188.42,7.29,Home,3,Completed,Mobile App,East,P-969,SKU-1050,105.39,14.43,25.29,VIP,Credit Card
ORD-22548,CUST-9020,SESS-27548,CART-24548,2023-07-22,170.27,65.38,44.37,Electronics,1,Shipped,Web,North,P-496,SKU-2265,170.27,1.77,13.62,VIP,Debit Card
ORD-22549,CUST-9020,SESS-27549,CART-24549,2025-03-13,56.56,19.27,33.75,Electronics,5,Cancelled,Social Media,West,P-558,SKU-2009,11.31,1.11,4.52,New,Credit Card
ORD-22550,CUST-9021,SESS-27550,CART-24550,2025-01-21,99.68,33.07,5.93,Home,3,Pending,Affiliate,East,P-422,SKU-2970,33.23,19.44,7.97,Returning,Credit Card
ORD-22551,CUST-9021,SESS-27551,CART-24551,2026-01-19,240.21,116.44,26.25,Electronics,2,Returned,Web,North,P-984,SKU-918,120.10,3.49,19.22,New,Credit Card
ORD-22552,CUST-9021,SESS-27552,CART-24552,2025-12-22,30.22,9.50,43.15,Home,4,Pending,Web,International,P-996,SKU-1552,7.55,8.58,2.42,New,PayPal
ORD-22553,CUST-9022,SESS-27553,CART-24553,2025-04-13,95.42,29.57,24.46,Fashion,1,Shipped,Web,North,P-158,SKU-668,95.42,6.09,7.63,New,Credit Card
ORD-22554,CUST-9022,SESS-27554,CART-24554,2026-02-04,128.44,42.30,32.81,Electronics,2,Completed,Web,South,P-855,SKU-2570,64.22,19.04,10.28,New,Credit Card
ORD-22555,CUST-9023,SESS-27555,CART-24555,4/4/2024,472.52,186.10,3.59,Fashion,5,Completed,Web,East,P-290,SKU-2151,94.50,9.98,37.80,Returning,PayPal
ORD-22556,CUST-9023,SESS-27556,CART-24556,2023-05-03,483.71,230.17,26.22,Electronics,4,Shipped,Social Media,International,P-702,SKU-4812,120.93,7.48,38.70,Returning,PayPal
ORD-22557,CUST-9023,SESS-27557,CART-24557,2024-07-02,242.45,142.91,21.37,Fashion,5,Completed,Affiliate,North,P-808,SKU-1105,48.49,6.27,19.40,Returning,Credit Card
ORD-22558,CUST-9024,SESS-27558,CART-24558,2023-08-17,193.75,93.73,24.18,Fashion,1,Cancelled,Web,East,P-978,SKU-2339,193.75,19.74,15.50,New,PayPal
ORD-22559,CUST-9024,SESS-27559,CART-24559,2025-04-08,226.93,134.44,41.14,Beauty,1,Shipped,Social Media,South,P-551,SKU-3491,226.93,0.83,18.15,New,PayPal
ORD-22560,CUST-9025,SESS-27560,CART-24560,2025-06-02,201.16,108.18,48.51,Home,4,Cancelled,Social Media,East,P-930,SKU-2562,50.29,13.63,16.09,Returning,Crypto
ORD-22561,CUST-9025,SESS-27561,CART-24561,2026-01-10,20.97,11.43,15.60,Beauty,3,Completed,Social Media,East,P-624,SKU-1206,6.99,16.16,1.68,Returning,Credit Card
ORD-22562,CUST-9025,SESS-27562,CART-24562,2025-01-04,71.27,39.60,27.13,Fashion,5,Shipped,Social Media,International,P-943,SKU-4274,14.25,1.07,5.70,New,Crypto
ORD-22563,CUST-9026,SESS-27563,CART-24563,2024-02-11,109.85,33.32,3.91,Sports,1,Pending,Mobile App,East,P-706,SKU-3729,109.85,14.62,8.79,VIP,PayPal
ORD-22564,CUST-9026,SESS-27564,CART-24564,2024-08-03,136.07,41.53,45.27,Fashion,4,Completed,Mobile App,International,P-584,SKU-2077,34.02,0.98,10.89,VIP,Crypto
ORD-22565,CUST-9027,SESS-27565,CART-24565,2023-12-08,379.56,183.95,25.72,Fashion,3,Pending,Affiliate,North,P-801,SKU-1112,126.52,18.80,30.36,VIP,Debit Card
ORD-22566,CUST-9027,SESS-27566,CART-24566,2023-07-12,185.18,71.90,25.85,Fashion,2,Shipped,Affiliate,West,P-278,SKU-3191,92.59,2.62,14.81,Returning,Credit Card
ORD-22567,CUST-9027,SESS-27567,CART-24567,2025-11-13,  64.20  ,27.20,33.04,Fashion,3,Completed,Mobile App,South,P-190,SKU-2327,21.40,0.62,5.14,New,Crypto
ORD-22568,CUST-9028,SESS-27568,CART-24568,2023-06-07,50.70,28.24,41.55,Electronics,3,Returned,Social Media,North,P-829,SKU-3023,16.90,11.00,4.06,New,Crypto
ORD-22569,CUST-9028,SESS-27569,CART-24569,2024-06-09,298.52,166.70,33.06,Electronics,2,Cancelled,Mobile App,North,P-598,SKU-3102,149.26,14.77,23.88,Returning,Debit Card
ORD-22570,CUST-9029,SESS-27570,CART-24570,2023-06-17,370.37,151.64,33.06,Home,1,Shipped,Affiliate,North,P-2,SKU-1287,370.37,15.80,29.63,New,Debit Card
ORD-22571,CUST-9029,SESS-27571,CART-24571,2024-02-03,371.55,150.34,27.40,Beauty,5,Returned,Social Media,North,P-516,SKU-3099,74.31,19.48,29.72,New,Debit Card
ORD-22572,CUST-9029,SESS-27572,CART-24572,2024-02-07,72.40,32.68,26.88,Sports,5,Shipped,Affiliate,East,P-336,SKU-61,14.48,9.34,5.79,New,PayPal
ORD-22573,CUST-9030,SESS-27573,CART-24573,2025-06-29,48.83,18.20,14.03,Beauty,5,Completed,Social Media,South,P-318,SKU-3341,9.77,1.15,3.91,Returning,PayPal
ORD-22574,CUST-9030,SESS-27574,CART-24574,2024-06-12,54.07,21.47,26.31,Electronics,4,Pending,Affiliate,South,P-370,SKU-3072,13.52,4.48,4.33,Returning,PayPal
ORD-22575,CUST-9031,SESS-27575,CART-24575,2023-06-06,397.09,201.02,5.98,Sports,4,Returned,Affiliate,International,P-502,SKU-955,99.27,18.48,31.77,VIP,Debit Card
ORD-22576,CUST-9031,SESS-27576,CART-24576,2023-09-13,431.47,240.89,30.83,Beauty,3,Pending,Affiliate,South,P-546,SKU-3636,143.82,1.39,34.52,New,Debit Card
ORD-22577,CUST-9031,SESS-27577,CART-24577,1757762300468,369.16,160.60,3.14,Fashion,5,Returned,Web,South,P-543,SKU-438,73.83,7.21,29.53,New,PayPal
ORD-22578,CUST-9032,SESS-27578,CART-24578,2025-07-31,27.02,13.81,8.68,Sports,1,Shipped,Social Media,North,P-895,SKU-943,27.02,0.56,2.16,VIP,PayPal
ORD-22579,CUST-9032,SESS-27579,CART-24579,2025-09-13,262.00,114.34,4.15,Fashion,4,Returned,Mobile App,East,P-161,SKU-1174,65.50,2.29,20.96,Returning,Debit Card
ORD-22580,CUST-9033,SESS-27580,CART-24580,2024-07-20,262.34,86.83,40.26,Beauty,5,Shipped,Social Media,East,P-734,SKU-1676,52.47,7.85,20.99,Returning,PayPal
ORD-22581,CUST-9033,SESS-27581,CART-24581,2023-08-08,37.45,21.46,0.24,Beauty,1,Pending,Web,North,P-71,SKU-3575,37.45,17.81,3.00,Returning,Debit Card
ORD-22582,CUST-9033,SESS-27582,CART-24582,2023-03-07,339.19,186.47,8.97,Fashion,4,Shipped,Mobile App,West,P-479,SKU-1762,84.80,15.93,27.14,Returning,Credit Card
ORD-22583,CUST-9034,SESS-27583,CART-24583,2023-07-07,55.00,32.26,38.92,Sports,5,Cancelled,Web,South,P-339,SKU-809,11.00,7.26,4.40,VIP,PayPal
ORD-22584,CUST-9034,SESS-27584,CART-24584,2024-09-18,421.53,166.22,37.91,Electronics,1,Completed,Social Media,East,P-174,SKU-4844,421.53,2.74,33.72,VIP,Crypto
ORD-22585,CUST-9035,SESS-27585,CART-24585,2023-10-24,423.10,189.26,8.52,Fashion,4,Returned,Social Media,South,P-894,SKU-754,105.77,18.20,33.85,VIP,Credit Card
ORD-22586,CUST-9035,SESS-27586,CART-24586,2025-04-04,NULL,223.10,47.91,  home  ,1,Pending,Affiliate,International,P-256,SKU-394,472.63,9.07,37.81,Returning,Crypto
ORD-22587,CUST-9035,SESS-27587,CART-24587,2023-06-29,373.13,121.65,10.66,Fashion,4,Pending,Mobile App,East,P-890,SKU-3064,93.28,11.59,29.85,Returning,PayPal
ORD-22588,CUST-9036,SESS-27588,CART-24588,2/19/2023,364.46,178.62,11.71,Fashion,4,Pending,Web,International,P-774,SKU-4090,91.12,10.92,29.16,VIP,Credit Card
ORD-22589,CUST-9036,SESS-27589,CART-24589,2024-07-12,460.93,276.36,47.98,Sports,1,Shipped,Web,International,P-430,SKU-4238,460.93,7.08,36.87,VIP,Debit Card
ORD-22590,CUST-9037,SESS-27590,CART-24590,2025-11-24,223.72,98.35,38.08,Home,5,Completed,Web,International,P-367,SKU-4179,44.74,0.22,17.90,Returning,Crypto
ORD-22591,CUST-9037,SESS-27591,CART-24591,2024-06-25,87.68,27.14,36.12,Sports,3,Returned,Social Media,East,P-325,SKU-2160,29.23,3.49,7.01,VIP,Crypto
ORD-22592,CUST-9037,SESS-27592,CART-24592,2025-10-08,197.68,62.24,41.72,Home,1,Shipped,Mobile App,West,P-887,SKU-1968,197.68,2.96,15.81,Returning,PayPal
ORD-22593,CUST-9038,SESS-27593,CART-24593,2023-05-28,444.85,150.33,37.54,Beauty,4,Pending,Mobile App,West,P-741,SKU-3255,111.21,19.47,35.59,Returning,Credit Card
ORD-22594,CUST-9038,SESS-27594,CART-24594,2024-05-15,209.27,114.27,40.36,Electronics,5,Pending,Social Media,West,P-516,SKU-659,41.85,9.68,16.74,New,Debit Card
ORD-22595,CUST-9039,SESS-27595,CART-24595,2023-02-13,59.37,20.81,49.45,Fashion,2,Shipped,Social Media,International,P-901,SKU-4313,29.68,12.02,4.75,Returning,Debit Card
ORD-22596,CUST-9039,SESS-27596,CART-24596,2024-01-26,291.94,167.82,11.64,Electronics,4,Cancelled,Mobile App,West,P-837,SKU-3183,72.99,15.57,23.36,Returning,Debit Card
ORD-22597,CUST-9039,SESS-27597,CART-24597,2023-10-22,349.51,135.67,15.75,Sports,1,Shipped,Mobile App,East,P-566,SKU-3713,349.51,2.83,27.96,Returning,PayPal
ORD-22598,CUST-9040,SESS-27598,CART-24598,12/14/2025,210.91,106.26,4.55,Beauty,3,Completed,Social Media,West,P-443,SKU-3854,70.30,14.39,16.87,New,Debit Card
ORD-22599,CUST-9040,SESS-27599,CART-24599,1762006631190,187.99,78.62,42.19,Fashion,,Returned,Social Media,International,P-674,SKU-3921,187.99,15.75,15.04,Returning,Credit Card
ORD-22600,CUST-9041,SESS-27600,CART-24600,2024-07-13,92.60,49.09,38.25,Electronics,2,Pending,Social Media,North,P-458,SKU-2883,46.30,6.79,7.41,VIP,Crypto
ORD-22601,CUST-9041,SESS-27601,CART-24601,2023-07-30,88.81,40.87,0.83,Home,2,Shipped,Web,South,P-242,SKU-3587,44.41,19.03,7.10,New,Debit Card
ORD-22602,CUST-9041,SESS-27602,CART-24602,2024-11-29,185.24,60.93,33.62,Fashion,3,Cancelled,Social Media,South,P-297,SKU-1847,61.75,3.39,14.82,Returning,Crypto
ORD-22603,CUST-9042,SESS-27603,CART-24603,2023-09-12,295.54,105.22,36.42,Home,2,Returned,Social Media,West,P-384,SKU-2231,147.77,4.69,23.64,New,Crypto
ORD-22604,CUST-9042,SESS-27604,CART-24604,2025-01-22,347.09,174.34,10.93,Sports,5,Shipped,Web,North,P-628,SKU-465,69.42,6.47,27.77,New,PayPal
ORD-22605,CUST-9043,SESS-27605,CART-24605,2024-04-12,19.24,11.25,26.42,Beauty,4,Shipped,Mobile App,International,P-24,SKU-3655,4.81,7.27,1.54,VIP,Debit Card
ORD-22606,CUST-9043,SESS-27606,CART-24606,2025-07-12,454.10,236.91,38.08,Sports,1,Shipped,Affiliate,North,P-927,SKU-2277,454.10,9.38,36.33,Returning,Debit Card
ORD-22607,CUST-9043,SESS-27607,CART-24607,2024-08-24,324.06,140.20,16.19,Home,2,Cancelled,Web,South,P-60,SKU-1349,162.03,5.30,25.92,VIP,Crypto
ORD-22608,CUST-9044,SESS-27608,CART-24608,2026-01-28,299.12,93.55,25.50,Electronics,3,Shipped,Web,North,P-743,SKU-4251,99.71,13.45,23.93,VIP,Crypto
ORD-22609,CUST-9044,SESS-27609,CART-24609,2023-08-31,303.56,109.30,8.72,Fashion,2,Returned,Mobile App,East,P-279,SKU-517,151.78,1.28,24.28,New,PayPal
ORD-22610,CUST-9045,SESS-27610,CART-24610,2025-06-11,49.00,15.42,30.63,Home,5,Returned,Social Media,East,P-183,SKU-1835,9.80,16.62,3.92,VIP,Credit Card
ORD-22611,CUST-9045,SESS-27611,CART-24611,2026-02-04,367.97,188.25,11.62,  home  ,1,Shipped,Mobile App,West,P-223,SKU-4354,367.97,0.22,29.44,VIP,Credit Card
ORD-22612,CUST-9045,SESS-27612,CART-24612,2026-01-12,51.60,28.71,34.84,Beauty,5,Cancelled,Mobile App,East,P-843,SKU-2937,10.32,2.23,4.13,New,Crypto
ORD-22613,CUST-9046,SESS-27613,CART-24613,2023-04-10,394.96,184.80,38.57,Fashion,,Pending,Web,North,P-820,SKU-2117,394.96,15.32,31.60,New,Crypto
ORD-22614,CUST-9046,SESS-27614,CART-24614,2023-05-17,343.81,143.97,37.45,Beauty,4,Pending,Web,North,P-285,SKU-1756,85.95,1.12,27.51,Returning,Crypto
ORD-22615,CUST-9047,SESS-27615,CART-24615,2023-11-14,313.48,96.99,5.55,Electronics,1,Shipped,Affiliate,North,P-376,SKU-3787,313.48,4.23,25.08,VIP,Credit Card
ORD-22616,CUST-9047,SESS-27616,CART-24616,2025-03-26,272.39,106.83,35.56,Sports,1,Returned,Social Media,North,P-178,SKU-4959,272.39,11.47,21.79,New,Credit Card
ORD-22617,CUST-9047,SESS-27617,CART-24617,2024-08-21,445.01,155.03,10.70,Fashion,4,Pending,Social Media,North,P-525,SKU-3265,111.25,9.42,35.60,Returning,PayPal
ORD-22618,CUST-9048,SESS-27618,CART-24618,2024-03-17,431.58,150.50,24.37,Home,4,Completed,Mobile App,International,P-33,SKU-4959,107.90,16.76,34.53,Returning,Debit Card
ORD-22619,CUST-9048,SESS-27619,CART-24619,2023-02-25,206.09,100.36,20.15,Electronics,3,Shipped,Affiliate,North,P-131,SKU-1885,68.70,11.27,16.49,New,Debit Card
ORD-22620,CUST-9049,SESS-27620,CART-24620,2024-11-03,317.62,134.79,49.81,Fashion,1,Cancelled,Social Media,South,P-770,SKU-4685,317.62,2.59,25.41,VIP,PayPal
ORD-22621,CUST-9049,SESS-27621,CART-24621,2023-06-27,24.94,8.23,3.05,Sports,5,Cancelled,Affiliate,South,P-330,SKU-885,4.99,9.90,2.00,Returning,Credit Card
ORD-22622,CUST-9049,SESS-27622,CART-24622,2023-04-26,12.88,7.29,40.57,Fashion,4,Cancelled,Affiliate,East,P-207,SKU-453,3.22,4.23,1.03,New,PayPal
ORD-22623,CUST-9050,SESS-27623,CART-24623,2023-10-09,461.07,250.17,17.50,Sports,2,Completed,Affiliate,North,P-833,SKU-3028,230.53,1.61,36.89,Returning,Crypto
ORD-22624,CUST-9050,SESS-27624,CART-24624,2023-10-11,16.28,6.37,11.94,Home,5,Cancelled,Web,International,P-747,SKU-2847,3.26,2.35,1.30,New,Debit Card
ORD-22625,CUST-9051,SESS-27625,CART-24625,2023-01-28,358.20,143.81,48.39,Sports,1,Shipped,Mobile App,South,P-211,SKU-4043,358.20,10.46,28.66,New,Credit Card
ORD-22626,CUST-9051,SESS-27626,CART-24626,2024-06-23,331.83,164.92,2.18,Fashion,4,Pending,Mobile App,South,P-11,SKU-342,82.96,16.20,26.55,VIP,PayPal
ORD-22627,CUST-9051,SESS-27627,CART-24627,2024-03-06,163.67,62.65,19.79,Home,1,Returned,Mobile App,West,P-498,SKU-348,163.67,11.40,13.09,VIP,Credit Card
ORD-22628,CUST-9052,SESS-27628,CART-24628,2024-04-16,221.94,114.74,49.81,Beauty,3,Completed,Web,East,P-370,SKU-1985,73.98,4.11,17.76,New,PayPal
ORD-22629,CUST-9052,SESS-27629,CART-24629,2024-10-13,33.90,12.57,13.84,Beauty,1,Pending,Mobile App,South,P-88,SKU-2007,33.90,12.45,2.71,VIP,Debit Card
ORD-22630,CUST-9053,SESS-27630,CART-24630,2025-01-02,44.10,17.67,49.69,Sports,1,Completed,Social Media,East,P-492,SKU-3082,44.10,5.98,3.53,New,Credit Card
ORD-22631,CUST-9053,SESS-27631,CART-24631,10/2/2024,291.57,110.25,2.79,Sports,5,Completed,Affiliate,South,P-84,SKU-407,58.31,7.50,23.33,Returning,PayPal
ORD-22632,CUST-9053,SESS-27632,CART-24632,1768780310942,129.36,69.00,24.02,Sports,1,Completed,Web,North,P-255,SKU-1762,129.36,9.11,10.35,VIP,Debit Card
ORD-22633,CUST-9054,SESS-27633,CART-24633,2023-03-31,262.28,102.42,34.01,Beauty,4,Returned,Web,South,P-421,SKU-2512,65.57,9.79,20.98,New,PayPal
ORD-22634,CUST-9054,SESS-27634,CART-24634,2025-01-11,122.80,56.09,41.12,Sports,2,Pending,Affiliate,South,P-222,SKU-590,61.40,5.52,9.82,Returning,Debit Card
ORD-22635,CUST-9055,SESS-27635,CART-24635,2024-09-07,138.40,75.12,34.20,Electronics,5,Cancelled,Mobile App,West,P-391,SKU-700,27.68,9.82,11.07,New,Debit Card
ORD-22636,CUST-9055,SESS-27636,CART-24636,2024-04-22,176.85,102.23,14.79,Beauty,3,Shipped,Affiliate,North,P-958,SKU-4037,58.95,4.10,14.15,Returning,Credit Card
ORD-22637,CUST-9055,SESS-27637,CART-24637,2025-02-20,142.30,84.37,11.84,Fashion,1,Completed,Web,East,P-803,SKU-263,142.30,1.93,11.38,New,Crypto
ORD-22638,CUST-9056,SESS-27638,CART-24638,2025-03-17,240.20,137.33,8.74,Sports,3,Pending,Mobile App,South,P-665,SKU-1738,80.07,17.69,19.22,VIP,PayPal
ORD-22639,CUST-9056,SESS-27639,CART-24639,2024-09-14,185.42,90.33,10.75,Fashion,3,Returned,Web,International,P-58,SKU-2624,61.81,7.10,14.83,New,Debit Card
ORD-22640,CUST-9057,SESS-27640,CART-24640,2024-12-09,425.26,213.30,14.33,Beauty,5,Returned,Mobile App,East,P-728,SKU-38,85.05,4.88,34.02,Returning,Crypto
ORD-22641,CUST-9057,SESS-27641,CART-24641,4/14/2023,374.98,224.23,2.55,Electronics,2,Returned,Affiliate,East,P-53,SKU-4524,187.49,11.93,30.00,Returning,Crypto
ORD-22642,CUST-9057,SESS-27642,CART-24642,2023-08-20,147.72,81.83,12.68,Electronics,1,Pending,Mobile App,West,P-350,SKU-1938,147.72,18.81,11.82,New,Debit Card
ORD-22643,CUST-9058,SESS-27643,CART-24643,2025-12-06,355.41,109.82,36.87,Home,5,Cancelled,Affiliate,East,P-479,SKU-4855,71.08,8.91,28.43,Returning,Crypto
ORD-22644,CUST-9058,SESS-27644,CART-24644,2025-04-12,403.14,207.69,1.98,Sports,5,Shipped,Web,North,P-14,SKU-3517,80.63,12.86,32.25,Returning,Credit Card
ORD-22645,CUST-9059,SESS-27645,CART-24645,2025-05-12,NULL,71.65,32.66,Sports,2,Pending,Mobile App,West,P-847,SKU-1906,119.41,12.84,19.11,VIP,Credit Card
ORD-22646,CUST-9059,SESS-27646,CART-24646,2025-01-20,386.87,131.56,8.43,Beauty,3,Pending,Affiliate,South,P-949,SKU-3264,128.96,14.98,30.95,New,Credit Card
ORD-22647,CUST-9059,SESS-27647,CART-24647,2025-08-25,430.60,186.20,1.56,Electronics,5,Pending,Web,West,P-333,SKU-4080,86.12,8.77,34.45,Returning,PayPal
ORD-22648,CUST-9060,SESS-27648,CART-24648,2025-07-07,45.37,21.42,34.10,Home,5,Cancelled,Social Media,East,P-698,SKU-1278,9.07,6.63,3.63,New,Crypto
ORD-22649,CUST-9060,SESS-27649,CART-24649,2025-05-27,234.75,80.95,30.80,Electronics,2,Returned,Social Media,International,P-455,SKU-823,117.38,3.65,18.78,New,Crypto
ORD-22650,CUST-9061,SESS-27650,CART-24650,2025-07-07,491.17,255.67,21.53,Sports,2,Cancelled,Social Media,International,P-292,SKU-145,245.59,6.63,39.29,VIP,PayPal
ORD-22651,CUST-9061,SESS-27651,CART-24651,2025-12-27,338.73,106.57,10.74,Home,1,Completed,Affiliate,South,P-620,SKU-3998,338.73,17.50,27.10,New,PayPal
ORD-22652,CUST-9061,SESS-27652,CART-24652,2026-02-16,445.49,135.27,42.21,Beauty,1,Completed,Mobile App,South,P-453,SKU-3766,445.49,18.45,35.64,New,Crypto
ORD-22653,CUST-9062,SESS-27653,CART-24653,2025-12-16,279.50,122.40,38.89,Electronics,4,Shipped,Affiliate,West,P-263,SKU-4375,69.87,15.31,22.36,VIP,Credit Card
ORD-22654,CUST-9062,SESS-27654,CART-24654,1685525473145,149.81,55.22,47.82,Home,1,Completed,Affiliate,West,P-782,SKU-1423,149.81,4.63,11.99,Returning,Credit Card
ORD-22655,CUST-9063,SESS-27655,CART-24655,2025-06-29,373.07,112.35,1.84,Fashion,2,Shipped,Affiliate,South,P-27,SKU-4726,186.54,13.24,29.85,VIP,Credit Card
ORD-22656,CUST-9063,SESS-27656,CART-24656,2025-10-14,282.55,158.62,38.71,Sports,3,Shipped,Mobile App,West,P-145,SKU-2866,94.18,16.32,22.60,Returning,Crypto
ORD-22657,CUST-9063,SESS-27657,CART-24657,2023-12-20,16.74,6.69,12.98,NULL,5,Shipped,Web,North,P-724,SKU-2417,3.35,1.25,1.34,Returning,Credit Card
ORD-22658,CUST-9064,SESS-27658,CART-24658,2023-02-14,479.27,283.15,5.53,Fashion,5,Cancelled,Affiliate,South,P-838,SKU-1175,95.85,18.50,38.34,VIP,PayPal
ORD-22659,CUST-9064,SESS-27659,CART-24659,2023-06-19,60.86,26.13,3.28,Electronics,NULL,Returned,Affiliate,South,P-988,SKU-1077,60.86,5.87,4.87,Returning,PayPal
ORD-22660,CUST-9065,SESS-27660,CART-24660,2023-11-22,298.58,168.82,13.41,Fashion,1,Shipped,Mobile App,North,P-191,SKU-124,298.58,16.39,23.89,New,Credit Card
ORD-22661,CUST-9065,SESS-27661,CART-24661,2024-06-22,265.99,129.42,22.02,Home,2,Returned,Web,North,P-938,SKU-1848,133.00,15.57,21.28,Returning,Credit Card
ORD-22662,CUST-9065,SESS-27662,CART-24662,2023-02-24,249.32,124.92,14.76,Sports,2,Cancelled,Affiliate,South,P-174,SKU-3033,124.66,11.52,19.95,Returning,Debit Card
ORD-22663,CUST-9066,SESS-27663,CART-24663,2023-06-13,336.43,139.17,11.43,Beauty,2,Shipped,Mobile App,West,P-255,SKU-3827,168.22,11.98,26.91,VIP,Credit Card
ORD-22664,CUST-9066,SESS-27664,CART-24664,2025-04-20,240.50,92.22,24.66,Fashion,4,Returned,Affiliate,North,P-214,SKU-3688,60.12,18.25,19.24,VIP,Credit Card
ORD-22665,CUST-9067,SESS-27665,CART-24665,2023-07-11,173.70,100.02,14.78,Sports,1,Returned,Social Media,International,P-167,SKU-2505,173.70,17.07,13.90,New,Crypto
ORD-22666,CUST-9067,SESS-27666,CART-24666,2025-10-14,487.01,165.38,46.52,Fashion,5,Pending,Mobile App,West,P-795,SKU-2219,97.40,6.84,38.96,New,Crypto
ORD-22667,CUST-9067,SESS-27667,CART-24667,2026-02-08,205.92,93.13,48.47,Fashion,2,Shipped,Affiliate,South,P-631,SKU-4822,102.96,6.91,16.47,VIP,Crypto
ORD-22668,CUST-9068,SESS-27668,CART-24668,2024-11-25,316.74,159.26,11.34,Beauty,4,Shipped,Mobile App,North,P-465,SKU-2296,79.18,7.47,25.34,Returning,Credit Card
ORD-22669,CUST-9068,SESS-27669,CART-24669,2023-01-23,486.63,180.69,49.04,Home,3,Cancelled,Web,West,P-455,SKU-4877,162.21,13.24,38.93,New,Crypto
ORD-22670,CUST-9069,SESS-27670,CART-24670,2024-02-24,450.30,203.51,45.03,Beauty,3,Completed,Web,West,P-489,SKU-120,150.10,7.73,36.02,New,PayPal
ORD-22671,CUST-9069,SESS-27671,CART-24671,1720150299374,126.23,60.06,12.20,Sports,2,Completed,Web,International,P-530,SKU-375,63.11,7.85,10.10,VIP,Crypto
ORD-22672,CUST-9069,SESS-27672,CART-24672,2023-02-03,165.42,90.59,28.88,Sports,2,Shipped,Social Media,International,P-322,SKU-205,82.71,5.98,13.23,New,Credit Card
ORD-22673,CUST-9070,SESS-27673,CART-24673,2023-09-28,186.74,70.40,14.59,Sports,3,Cancelled,Web,East,P-365,SKU-521,62.25,10.24,14.94,Returning,PayPal
ORD-22674,CUST-9070,SESS-27674,CART-24674,2024-01-06,376.10,128.59,3.24,Sports,1,Shipped,Mobile App,North,P-809,SKU-2687,376.10,13.17,30.09,Returning,Debit Card
ORD-22675,CUST-9071,SESS-27675,CART-24675,2023-12-23,504.35,159.06,48.61,Home,2,Completed,Social Media,International,P-939,SKU-4541,252.17,11.00,40.35,New,Debit Card
ORD-22676,CUST-9071,SESS-27676,CART-24676,2023-04-03,51.11,22.91,48.35,Beauty,4,Returned,Web,South,P-686,SKU-2035,12.78,7.21,4.09,Returning,PayPal
ORD-22677,CUST-9071,SESS-27677,CART-24677,2023-04-17,41.03,16.65,13.77,Beauty,,Shipped,Affiliate,South,P-67,SKU-3107,10.26,5.38,3.28,VIP,Crypto
ORD-22678,CUST-9072,SESS-27678,CART-24678,2023-11-28,287.61,168.07,38.25,Sports,3,Pending,Mobile App,North,P-86,SKU-1355,95.87,2.83,23.01,New,PayPal
ORD-22679,CUST-9072,SESS-27679,CART-24679,2025-12-07,35.79,21.13,28.89,Home,2,Returned,Affiliate,West,P-229,SKU-593,17.90,9.85,2.86,New,PayPal
ORD-22680,CUST-9073,SESS-27680,CART-24680,2023-09-24,170.19,97.07,10.00,Beauty,5,Shipped,Affiliate,North,P-191,SKU-4261,34.04,1.59,13.62,Returning,Debit Card
ORD-22681,CUST-9073,SESS-27681,CART-24681,2025-03-12,  254.03  ,95.69,7.20,Fashion,4,Completed,Web,North,P-148,SKU-2147,63.51,2.28,20.32,VIP,Crypto
ORD-22682,CUST-9073,SESS-27682,CART-24682,2023-05-10,190.94,90.73,47.25,Sports,2,Cancelled,Mobile App,South,P-894,SKU-546,95.47,15.67,15.28,VIP,Crypto
ORD-22683,CUST-9074,SESS-27683,CART-24683,2025-01-21,365.95,142.36,16.49,Sports,5,Shipped,Social Media,East,P-321,SKU-894,73.19,13.19,29.28,New,PayPal
ORD-22684,CUST-9074,SESS-27684,CART-24684,2026-02-03,443.31,254.99,18.11,Beauty,4,Pending,Affiliate,East,P-353,SKU-2869,110.83,6.85,35.47,Returning,PayPal
ORD-22685,CUST-9075,SESS-27685,CART-24685,2025-03-23,  447.05  ,147.53,20.81,Electronics,4,Shipped,Affiliate,South,P-849,SKU-495,111.76,3.56,35.76,New,Crypto
ORD-22686,CUST-9075,SESS-27686,CART-24686,2024-07-09,222.13,127.42,42.88,Home,1,Cancelled,Affiliate,International,P-730,SKU-4983,222.13,12.25,17.77,Returning,Debit Card
ORD-22687,CUST-9075,SESS-27687,CART-24687,2025-09-26,330.77,169.22,13.60,Home,3,Cancelled,Social Media,North,P-775,SKU-4022,110.26,9.18,26.46,Returning,Debit Card
ORD-22688,CUST-9076,SESS-27688,CART-24688,2023-03-25,406.36,204.93,45.96,Beauty,2,Returned,Web,East,P-814,SKU-1845,203.18,18.20,32.51,VIP,PayPal
ORD-22689,CUST-9076,SESS-27689,CART-24689,1705758931215,439.03,248.65,23.41,Electronics,3,Shipped,Social Media,International,P-760,SKU-4806,146.34,17.44,35.12,New,PayPal
ORD-22690,CUST-9077,SESS-27690,CART-24690,2023-08-11,76.85,24.02,48.75,Beauty,2,Cancelled,Affiliate,West,P-875,SKU-626,38.42,7.67,6.15,New,Crypto
ORD-22691,CUST-9077,SESS-27691,CART-24691,2023-10-02,456.49,200.88,41.71,Home,2,Shipped,Web,International,P-984,SKU-2416,228.24,5.83,36.52,New,Credit Card
ORD-22692,CUST-9077,SESS-27692,CART-24692,2025-03-19,485.62,277.47,49.99,Beauty,2,Completed,Social Media,International,P-19,SKU-331,242.81,18.31,38.85,Returning,PayPal
ORD-22693,CUST-9078,SESS-27693,CART-24693,2025-02-02,464.82,250.10,32.77,Fashion,1,Pending,Web,East,P-712,SKU-802,464.82,11.13,37.19,New,Debit Card
ORD-22694,CUST-9078,SESS-27694,CART-24694,2025-05-14,147.86,51.57,47.52,Home,4,Shipped,Mobile App,East,P-186,SKU-425,36.97,7.45,11.83,Returning,Credit Card
ORD-22695,CUST-9079,SESS-27695,CART-24695,2025-06-29,352.09,190.98,20.91,  sports  ,4,Returned,Affiliate,West,P-829,SKU-1482,88.02,3.92,28.17,New,Credit Card
ORD-22696,CUST-9079,SESS-27696,CART-24696,2023-12-02,211.61,78.98,4.68,Electronics,5,Cancelled,Web,West,P-717,SKU-2162,42.32,0.76,16.93,Returning,Credit Card
ORD-22697,CUST-9079,SESS-27697,CART-24697,2023-12-24,81.83,39.20,24.19,Sports,1,Completed,Affiliate,South,P-273,SKU-2531,81.83,0.52,6.55,New,Crypto
ORD-22698,CUST-9080,SESS-27698,CART-24698,2025-02-01,296.77,138.30,43.11,Fashion,4,Returned,Mobile App,South,P-533,SKU-550,74.19,10.07,23.74,VIP,PayPal
ORD-22699,CUST-9080,SESS-27699,CART-24699,2024-05-29,  223.77  ,133.02,39.05,Sports,2,Shipped,Social Media,North,P-47,SKU-4659,111.88,2.81,17.90,Returning,Credit Card
ORD-22700,CUST-9081,SESS-27700,CART-24700,2024-01-02,298.39,100.37,46.56,Home,1,Completed,Social Media,International,P-764,SKU-3991,298.39,7.89,23.87,New,Debit Card
ORD-22701,CUST-9081,SESS-27701,CART-24701,2025-06-19,314.16,159.29,14.75,  home  ,1,Cancelled,Social Media,North,P-876,SKU-417,314.16,19.75,25.13,Returning,Crypto
ORD-22702,CUST-9081,SESS-27702,CART-24702,2024-05-21,373.70,213.78,27.81,Fashion,4,Pending,Mobile App,International,P-551,SKU-2844,93.42,1.59,29.90,New,Debit Card
ORD-22703,CUST-9082,SESS-27703,CART-24703,2023-05-16,436.05,151.18,31.71,Beauty,2,Shipped,Social Media,North,P-163,SKU-2648,218.02,12.07,34.88,New,Credit Card
ORD-22704,CUST-9082,SESS-27704,CART-24704,2025-03-28,145.12,65.81,32.62,Electronics,4,Cancelled,Social Media,North,P-996,SKU-2141,36.28,1.28,11.61,New,Debit Card
ORD-22705,CUST-9083,SESS-27705,CART-24705,2023-07-20,483.11,280.68,17.90,Home,1,Cancelled,Mobile App,International,P-681,SKU-2654,483.11,11.70,38.65,VIP,PayPal
ORD-22706,CUST-9083,SESS-27706,CART-24706,3/22/2025,309.56,160.40,48.31,,5,Pending,Mobile App,South,P-749,SKU-364,61.91,8.69,24.76,New,Credit Card
ORD-22707,CUST-9083,SESS-27707,CART-24707,2024-11-01,442.42,187.51,19.75,Home,3,Returned,Affiliate,North,P-81,SKU-3990,147.47,17.63,35.39,New,Debit Card
ORD-22708,CUST-9084,SESS-27708,CART-24708,2023-03-21,214.85,97.42,8.13,Fashion,5,Completed,Social Media,International,P-759,SKU-1675,42.97,12.85,17.19,New,Debit Card
ORD-22709,CUST-9084,SESS-27709,CART-24709,2023-04-03,182.14,68.62,34.82,Fashion,2,Returned,Mobile App,East,P-366,SKU-873,91.07,10.81,14.57,New,Debit Card
ORD-22710,CUST-9085,SESS-27710,CART-24710,2023-09-21,174.04,73.05,0.31,Sports,5,Returned,Mobile App,North,P-858,SKU-4826,34.81,15.60,13.92,Returning,Credit Card
ORD-22711,CUST-9085,SESS-27711,CART-24711,2024-11-27,205.69,117.52,41.11,Beauty,4,Cancelled,Affiliate,North,P-961,SKU-4066,51.42,19.57,16.46,New,PayPal
ORD-22712,CUST-9085,SESS-27712,CART-24712,2023-10-23,95.13,35.24,49.14,Sports,2,Returned,Mobile App,North,P-350,SKU-3640,47.56,10.92,7.61,Returning,Credit Card
ORD-22713,CUST-9086,SESS-27713,CART-24713,1/20/2025,,183.85,36.03,Fashion,2,Cancelled,Web,International,P-139,SKU-4761,202.78,12.32,32.44,VIP,Debit Card
ORD-22714,CUST-9086,SESS-27714,CART-24714,2023-06-09,474.04,217.87,13.96,Electronics,5,Pending,Social Media,North,P-77,SKU-3756,94.81,8.94,37.92,VIP,Debit Card
ORD-22715,CUST-9087,SESS-27715,CART-24715,2023-09-25,396.65,206.30,43.75,Home,4,Pending,Web,West,P-605,SKU-1265,99.16,2.32,31.73,New,Debit Card
ORD-22716,CUST-9087,SESS-27716,CART-24716,2025-08-28,161.10,65.33,20.27,Sports,5,Cancelled,Web,South,P-916,SKU-1406,32.22,9.51,12.89,VIP,Crypto
ORD-22717,CUST-9087,SESS-27717,CART-24717,2025-07-27,72.41,40.42,9.51,Electronics,5,Cancelled,Mobile App,International,P-507,SKU-4506,14.48,10.12,5.79,VIP,PayPal
ORD-22718,CUST-9088,SESS-27718,CART-24718,2023-07-13,141.47,76.56,8.62,Sports,3,Returned,Affiliate,International,P-568,SKU-2138,47.16,7.33,11.32,New,PayPal
ORD-22719,CUST-9088,SESS-27719,CART-24719,1762732152169,379.39,151.97,25.05,Home,1,Pending,Web,International,P-524,SKU-2952,379.39,0.42,30.35,VIP,Crypto
ORD-22720,CUST-9089,SESS-27720,CART-24720,2025-07-24,304.87,157.43,26.31,Beauty,2,Cancelled,Mobile App,South,P-744,SKU-4078,152.43,18.90,24.39,Returning,PayPal
ORD-22721,CUST-9089,SESS-27721,CART-24721,2025-01-07,171.71,96.81,47.46,Fashion,5,Pending,Social Media,South,P-47,SKU-2370,34.34,12.15,13.74,Returning,Debit Card
ORD-22722,CUST-9089,SESS-27722,CART-24722,12/11/2025,405.39,207.16,0.87,Home,5,Pending,Affiliate,International,P-804,SKU-3945,81.08,16.24,32.43,Returning,PayPal
ORD-22723,CUST-9090,SESS-27723,CART-24723,2023-03-10,425.95,161.54,42.96,Sports,4,Returned,Affiliate,South,P-19,SKU-1503,106.49,7.59,34.08,VIP,Debit Card
ORD-22724,CUST-9090,SESS-27724,CART-24724,2024-03-16,44.81,26.51,44.28,Beauty,3,Shipped,Social Media,South,P-454,SKU-2449,14.94,11.54,3.58,New,Credit Card
ORD-22725,CUST-9091,SESS-27725,CART-24725,2023-03-14,347.88,152.82,28.30,Home,1,Pending,Social Media,East,P-507,SKU-3538,347.88,0.64,27.83,Returning,Crypto
ORD-22726,CUST-9091,SESS-27726,CART-24726,2025-03-09,236.44,98.29,25.38,Electronics,5,Returned,Social Media,East,P-413,SKU-2176,47.29,16.88,18.92,Returning,Crypto
ORD-22727,CUST-9091,SESS-27727,CART-24727,1700527310205,267.13,116.93,31.92,Beauty,5,Cancelled,Web,West,P-67,SKU-340,53.43,2.22,21.37,VIP,Crypto
ORD-22728,CUST-9092,SESS-27728,CART-24728,2024-05-07,333.43,118.09,5.76,Beauty,3,Returned,Web,South,P-170,SKU-4098,111.14,16.65,26.67,Returning,Crypto
ORD-22729,CUST-9092,SESS-27729,CART-24729,2023-09-07,487.68,200.44,7.09,Fashion,4,Shipped,Affiliate,East,P-795,SKU-4298,121.92,5.41,39.01,New,Debit Card
ORD-22730,CUST-9093,SESS-27730,CART-24730,2025-07-01,235.46,131.39,17.48,Home,5,Returned,Mobile App,North,P-452,SKU-1206,47.09,15.96,18.84,VIP,Debit Card
ORD-22731,CUST-9093,SESS-27731,CART-24731,2024-02-28,383.28,151.34,16.30,Electronics,5,Returned,Social Media,South,P-453,SKU-212,76.66,3.86,30.66,VIP,Credit Card
ORD-22732,CUST-9093,SESS-27732,CART-24732,2023-07-25,251.10,95.82,0.58,Fashion,1,Pending,Social Media,International,P-744,SKU-3339,251.10,12.08,20.09,VIP,Credit Card
ORD-22733,CUST-9094,SESS-27733,CART-24733,2024-11-14,493.85,166.59,17.38,Home,1,Returned,Mobile App,North,P-111,SKU-1558,493.85,6.23,39.51,New,Credit Card
ORD-22734,CUST-9094,SESS-27734,CART-24734,2026-02-25,435.71,204.36,19.57,Home,3,Cancelled,Affiliate,West,P-807,SKU-4757,145.24,3.13,34.86,New,Credit Card
ORD-22735,CUST-9095,SESS-27735,CART-24735,2024-10-13,117.93,51.02,20.17,Electronics,1,Shipped,Mobile App,South,P-877,SKU-2380,117.93,9.93,9.43,Returning,Credit Card
ORD-22736,CUST-9095,SESS-27736,CART-24736,6/10/2025,313.03,108.08,22.76,Beauty,2,Shipped,Social Media,North,P-67,SKU-4195,156.52,4.74,25.04,VIP,Crypto
ORD-22737,CUST-9095,SESS-27737,CART-24737,2026-01-07,343.43,176.90,39.61,Sports,5,Shipped,Social Media,West,P-628,SKU-3067,68.69,19.33,27.47,New,Credit Card
ORD-22738,CUST-9096,SESS-27738,CART-24738,2025-07-11,502.63,258.24,17.15,Sports,2,Pending,Social Media,West,P-375,SKU-35,251.32,3.90,40.21,VIP,Crypto
ORD-22739,CUST-9096,SESS-27739,CART-24739,2023-12-06,35.41,18.90,16.00,Home,2,Cancelled,Mobile App,North,P-512,SKU-4546,17.71,10.85,2.83,Returning,Crypto
ORD-22740,CUST-9097,SESS-27740,CART-24740,2024-12-23,431.72,186.06,38.63,Sports,3,Cancelled,Social Media,North,P-124,SKU-4618,143.91,17.91,34.54,New,Debit Card
ORD-22741,CUST-9097,SESS-27741,CART-24741,2025-02-13,373.30,156.10,37.49,Home,4,Returned,Social Media,West,P-286,SKU-3428,93.33,6.01,29.86,VIP,Crypto
ORD-22742,CUST-9097,SESS-27742,CART-24742,2024-06-14,  75.39  ,39.59,41.81,Sports,2,Returned,Mobile App,North,P-4,SKU-225,37.69,0.22,6.03,VIP,Crypto
ORD-22743,CUST-9098,SESS-27743,CART-24743,1723733142313,303.85,132.74,26.78,Beauty,5,Pending,Affiliate,South,P-416,SKU-4163,60.77,14.08,24.31,New,Credit Card
ORD-22744,CUST-9098,SESS-27744,CART-24744,2025-11-23,NULL,100.15,30.68,Beauty,2,Completed,Mobile App,East,P-901,SKU-293,140.64,8.30,22.50,Returning,PayPal
ORD-22745,CUST-9099,SESS-27745,CART-24745,2023-03-26,NULL,20.55,7.63,Electronics,5,Shipped,Affiliate,East,P-169,SKU-2427,10.75,12.19,4.30,Returning,PayPal
ORD-22746,CUST-9099,SESS-27746,CART-24746,2023-02-07,350.91,138.94,26.35,Electronics,1,Completed,Web,International,P-330,SKU-4062,350.91,4.80,28.07,New,PayPal
ORD-22747,CUST-9099,SESS-27747,CART-24747,1759561695529,55.34,26.87,37.58,Home,3,Pending,Affiliate,International,P-254,SKU-113,18.45,10.02,4.43,Returning,Crypto
ORD-22748,CUST-9100,SESS-27748,CART-24748,2025-07-18,257.32,108.64,42.45,Beauty,5,Shipped,Affiliate,International,P-899,SKU-2451,51.46,10.71,20.59,New,Debit Card
ORD-22749,CUST-9100,SESS-27749,CART-24749,2023-01-23,214.64,76.03,48.80,Sports,5,Returned,Mobile App,North,P-374,SKU-410,42.93,13.35,17.17,VIP,Debit Card
ORD-22750,CUST-9101,SESS-27750,CART-24750,2024-06-07,237.67,96.47,30.13,,2,Shipped,Web,South,P-50,SKU-698,118.83,8.34,19.01,Returning,Crypto
ORD-22751,CUST-9101,SESS-27751,CART-24751,2023-02-03,90.60,34.80,28.93,Beauty,4,Cancelled,Web,International,P-27,SKU-180,22.65,8.21,7.25,VIP,Debit Card
ORD-22752,CUST-9101,SESS-27752,CART-24752,2023-02-20,313.56,149.68,1.89,Beauty,2,Shipped,Web,International,P-165,SKU-330,156.78,11.80,25.09,New,Crypto
ORD-22753,CUST-9102,SESS-27753,CART-24753,2024-12-17,126.24,53.24,6.83,Sports,1,Pending,Social Media,East,P-751,SKU-636,126.24,14.01,10.10,Returning,PayPal
ORD-22754,CUST-9102,SESS-27754,CART-24754,2023-03-11,207.93,114.51,33.75,Electronics,4,Shipped,Affiliate,East,P-800,SKU-579,51.98,12.95,16.63,VIP,Debit Card
ORD-22755,CUST-9103,SESS-27755,CART-24755,2024-02-10,283.76,107.38,21.03,Beauty,1,Shipped,Mobile App,South,P-235,SKU-2477,283.76,1.22,22.70,VIP,Credit Card
ORD-22756,CUST-9103,SESS-27756,CART-24756,2023-09-19,357.57,202.84,3.01,Sports,2,Returned,Web,South,P-946,SKU-693,178.79,16.72,28.61,New,Credit Card
ORD-22757,CUST-9103,SESS-27757,CART-24757,2024-04-26,24.79,8.70,25.78,Electronics,4,Completed,Web,East,P-554,SKU-3932,6.20,5.08,1.98,VIP,Debit Card
ORD-22758,CUST-9104,SESS-27758,CART-24758,2024-09-10,162.31,49.55,39.90,Home,3,Returned,Web,International,P-225,SKU-2273,54.10,19.62,12.98,New,PayPal
ORD-22759,CUST-9104,SESS-27759,CART-24759,2023-07-21,437.81,243.80,2.02,Fashion,4,Cancelled,Social Media,International,P-235,SKU-4332,109.45,14.03,35.02,New,Credit Card
ORD-22760,CUST-9105,SESS-27760,CART-24760,2025-04-01,110.35,65.53,47.06,Fashion,3,Cancelled,Social Media,South,P-242,SKU-4832,36.78,16.40,8.83,New,Crypto
ORD-22761,CUST-9105,SESS-27761,CART-24761,2025-02-23,245.17,94.32,48.85,Beauty,5,Completed,Mobile App,West,P-656,SKU-564,49.03,4.02,19.61,New,Debit Card
ORD-22762,CUST-9105,SESS-27762,CART-24762,2025-07-23,92.73,47.21,35.23,Fashion,2,Completed,Mobile App,East,P-545,SKU-628,46.36,3.10,7.42,VIP,Crypto
ORD-22763,CUST-9106,SESS-27763,CART-24763,1772088411746,497.68,162.36,33.20,Sports,2,Returned,Web,International,P-131,SKU-4187,248.84,9.05,39.81,Returning,Crypto
ORD-22764,CUST-9106,SESS-27764,CART-24764,2024-12-26,487.12,268.03,11.30,Beauty,2,Completed,Affiliate,West,P-656,SKU-1891,243.56,6.51,38.97,VIP,Crypto
ORD-22765,CUST-9107,SESS-27765,CART-24765,10/18/2023,168.69,67.56,40.55,Fashion,2,Completed,Mobile App,International,P-396,SKU-4475,84.34,10.28,13.49,VIP,PayPal
ORD-22766,CUST-9107,SESS-27766,CART-24766,2025-10-19,135.31,73.05,24.60,Electronics,5,Returned,Affiliate,East,P-537,SKU-3296,27.06,18.97,10.82,VIP,Debit Card
ORD-22767,CUST-9107,SESS-27767,CART-24767,2026-02-26,470.48,150.24,20.25,Sports,3,Returned,Mobile App,North,P-673,SKU-4653,156.83,12.88,37.64,VIP,Crypto
ORD-22768,CUST-9108,SESS-27768,CART-24768,2025-09-15,178.89,78.25,17.22,Sports,4,Pending,Web,North,P-323,SKU-3634,44.72,0.98,14.31,VIP,Debit Card
ORD-22769,CUST-9108,SESS-27769,CART-24769,2025-03-01,346.00,175.08,33.06,Home,5,Pending,Affiliate,International,P-373,SKU-4474,69.20,13.66,27.68,VIP,PayPal
ORD-22770,CUST-9109,SESS-27770,CART-24770,2025-11-25,507.89,172.51,6.78,Electronics,4,Completed,Affiliate,East,P-676,SKU-1714,126.97,0.44,40.63,Returning,Credit Card
ORD-22771,CUST-9109,SESS-27771,CART-24771,2024-09-24,371.79,138.56,33.11,Home,5,Completed,Affiliate,North,P-118,SKU-2045,74.36,12.13,29.74,Returning,Crypto
ORD-22772,CUST-9109,SESS-27772,CART-24772,2024-11-05,273.48,112.34,30.31,Home,5,Shipped,Mobile App,International,P-697,SKU-655,54.70,18.16,21.88,VIP,PayPal
ORD-22773,CUST-9110,SESS-27773,CART-24773,2023-02-08,296.87,156.20,35.75,  fashion  ,3,Returned,Web,East,P-351,SKU-2803,98.96,10.86,23.75,Returning,Crypto
ORD-22774,CUST-9110,SESS-27774,CART-24774,2023-01-07,437.18,140.74,18.29,Beauty,5,Pending,Mobile App,West,P-391,SKU-4111,87.44,2.41,34.97,Returning,Crypto
ORD-22775,CUST-9111,SESS-27775,CART-24775,2025-12-29,33.17,10.54,32.61,Fashion,1,Returned,Mobile App,West,P-222,SKU-1445,33.17,15.14,2.65,VIP,Debit Card
ORD-22776,CUST-9111,SESS-27776,CART-24776,2025-04-03,381.03,151.53,34.43,Fashion,1,Shipped,Web,East,P-80,SKU-3306,381.03,11.47,30.48,Returning,PayPal
ORD-22777,CUST-9111,SESS-27777,CART-24777,1673712608165,491.03,170.63,45.67,Home,3,Completed,Web,International,P-219,SKU-3688,163.68,16.07,39.28,Returning,Credit Card
ORD-22778,CUST-9112,SESS-27778,CART-24778,2024-05-24,260.08,99.07,7.67,Beauty,4,Returned,Affiliate,International,P-976,SKU-596,65.02,19.20,20.81,Returning,Crypto
ORD-22779,CUST-9112,SESS-27779,CART-24779,2024-06-20,219.48,77.99,6.78,Beauty,5,Pending,Affiliate,West,P-889,SKU-4670,43.90,3.17,17.56,New,Credit Card
ORD-22780,CUST-9113,SESS-27780,CART-24780,2025-08-28,401.36,222.08,24.90,Sports,1,Returned,Mobile App,South,P-381,SKU-2625,401.36,11.61,32.11,Returning,PayPal
ORD-22781,CUST-9113,SESS-27781,CART-24781,2024-05-10,162.19,69.16,28.28,Electronics,2,Cancelled,Web,West,P-943,SKU-55,81.09,2.02,12.98,VIP,Credit Card
ORD-22782,CUST-9113,SESS-27782,CART-24782,2025-08-26,97.11,46.39,33.94,Electronics,4,Pending,Social Media,East,P-938,SKU-2961,24.28,19.78,7.77,VIP,Debit Card
ORD-22783,CUST-9114,SESS-27783,CART-24783,2025-12-02,419.21,144.40,12.86,Sports,3,Completed,Social Media,North,P-51,SKU-366,139.74,11.70,33.54,Returning,Crypto
ORD-22784,CUST-9114,SESS-27784,CART-24784,2024-05-26,435.73,148.97,39.51,Sports,3,Pending,Web,International,P-934,SKU-2430,145.24,11.62,34.86,VIP,Credit Card
ORD-22785,CUST-9115,SESS-27785,CART-24785,2023-09-24,177.74,90.82,0.80,Fashion,5,Shipped,Social Media,East,P-302,SKU-2126,35.55,18.05,14.22,VIP,Credit Card
ORD-22786,CUST-9115,SESS-27786,CART-24786,2025-11-05,310.94,184.43,17.54,Electronics,1,Shipped,Affiliate,East,P-679,SKU-4706,310.94,17.36,24.88,Returning,Credit Card
ORD-22787,CUST-9115,SESS-27787,CART-24787,2025-09-09,367.44,136.21,19.15,Electronics,1,Returned,Social Media,East,P-471,SKU-4895,367.44,9.79,29.40,Returning,PayPal
ORD-22788,CUST-9116,SESS-27788,CART-24788,2023-08-01,451.41,243.98,7.09,Beauty,1,Shipped,Web,South,P-325,SKU-3960,451.41,8.38,36.11,Returning,Crypto
ORD-22789,CUST-9116,SESS-27789,CART-24789,1713506386073,163.64,55.62,21.47,Beauty,4,Cancelled,Social Media,East,P-213,SKU-3282,40.91,7.34,13.09,New,PayPal
ORD-22790,CUST-9117,SESS-27790,CART-24790,2024-02-06,251.41,84.22,36.84,Fashion,1,Pending,Web,East,P-659,SKU-4164,251.41,4.99,20.11,VIP,Credit Card
ORD-22791,CUST-9117,SESS-27791,CART-24791,1699603975852,191.69,102.81,19.69,Home,2,Completed,Social Media,East,P-647,SKU-284,95.85,12.27,15.34,New,Crypto
ORD-22792,CUST-9117,SESS-27792,CART-24792,2023-02-28,61.75,21.32,7.01,Electronics,4,Returned,Affiliate,North,P-215,SKU-2688,15.44,2.49,4.94,VIP,Credit Card
ORD-22793,CUST-9118,SESS-27793,CART-24793,2024-06-02,448.07,247.95,12.13,Home,2,Cancelled,Web,North,P-610,SKU-1047,224.03,0.45,35.85,New,Crypto
ORD-22794,CUST-9118,SESS-27794,CART-24794,2024-12-03,268.69,102.78,28.24,Electronics,2,Returned,Web,West,P-739,SKU-3546,134.34,11.73,21.50,New,PayPal
ORD-22795,CUST-9119,SESS-27795,CART-24795,2024-06-08,183.42,74.99,6.03,Home,2,Completed,Social Media,North,P-703,SKU-330,91.71,18.86,14.67,Returning,PayPal
ORD-22796,CUST-9119,SESS-27796,CART-24796,2/7/2026,298.70,122.92,46.35,Sports,2,Completed,Web,North,P-263,SKU-1293,149.35,8.64,23.90,New,Debit Card
ORD-22797,CUST-9119,SESS-27797,CART-24797,2024-12-21,244.65,89.39,47.87,Fashion,3,Returned,Mobile App,South,P-647,SKU-599,81.55,2.18,19.57,Returning,PayPal
ORD-22798,CUST-9120,SESS-27798,CART-24798,2026-03-10,  243.96  ,120.66,23.60,Sports,4,Cancelled,Web,East,P-103,SKU-2169,60.99,9.70,19.52,Returning,PayPal
ORD-22799,CUST-9120,SESS-27799,CART-24799,2023-05-17,390.67,200.32,42.76,Fashion,3,Completed,Affiliate,International,P-966,SKU-1500,130.22,5.43,31.25,VIP,Credit Card
ORD-22800,CUST-9121,SESS-27800,CART-24800,1726990287350,345.24,174.69,43.86,Fashion,4,Returned,Mobile App,West,P-354,SKU-3407,86.31,14.18,27.62,New,Crypto
ORD-22801,CUST-9121,SESS-27801,CART-24801,2025-02-18,249.66,140.27,7.15,Sports,1,Completed,Social Media,South,P-679,SKU-690,249.66,4.60,19.97,New,Credit Card
ORD-22802,CUST-9121,SESS-27802,CART-24802,2024-07-31,262.42,103.91,31.95,Home,5,Pending,Mobile App,North,P-437,SKU-930,52.48,1.54,20.99,VIP,PayPal
ORD-22803,CUST-9122,SESS-27803,CART-24803,2023-11-04,311.94,172.64,32.13,Home,5,Completed,Affiliate,West,P-301,SKU-3214,62.39,16.99,24.96,New,Crypto
ORD-22804,CUST-9122,SESS-27804,CART-24804,2024-05-27,421.37,208.93,41.95,Fashion,3,Completed,Mobile App,International,P-927,SKU-3127,140.46,18.50,33.71,Returning,Credit Card
ORD-22805,CUST-9123,SESS-27805,CART-24805,2023-10-24,98.85,37.18,45.83,,2,Pending,Mobile App,North,P-459,SKU-927,49.43,3.14,7.91,Returning,Credit Card
ORD-22806,CUST-9123,SESS-27806,CART-24806,2024-07-07,268.01,126.74,42.60,Sports,3,Shipped,Social Media,East,P-462,SKU-2004,89.34,15.32,21.44,Returning,Crypto
ORD-22807,CUST-9123,SESS-27807,CART-24807,2024-09-22,,134.35,6.39,Sports,3,Completed,Mobile App,North,P-421,SKU-1370,101.51,1.43,24.36,New,Debit Card
ORD-22808,CUST-9124,SESS-27808,CART-24808,2023-11-18,322.06,103.79,3.17,Beauty,1,Shipped,Affiliate,International,P-354,SKU-4395,322.06,17.75,25.77,New,Credit Card
ORD-22809,CUST-9124,SESS-27809,CART-24809,2026-01-19,270.81,88.86,1.77,Beauty,3,Completed,Mobile App,East,P-279,SKU-622,90.27,8.96,21.66,Returning,Debit Card
ORD-22810,CUST-9125,SESS-27810,CART-24810,2025-05-20,301.98,129.92,31.96,Electronics,1,Completed,Social Media,West,P-709,SKU-2549,301.98,15.80,24.16,New,Crypto
ORD-22811,CUST-9125,SESS-27811,CART-24811,2023-05-13,76.86,40.27,41.01,Electronics,NULL,Completed,Mobile App,North,P-319,SKU-3959,19.22,9.35,6.15,Returning,Debit Card
ORD-22812,CUST-9125,SESS-27812,CART-24812,2023-03-22,344.16,108.98,49.50,Sports,3,Cancelled,Social Media,East,P-254,SKU-4321,114.72,2.42,27.53,Returning,Credit Card
ORD-22813,CUST-9126,SESS-27813,CART-24813,8/13/2023,367.87,163.18,10.38,Fashion,1,Pending,Social Media,West,P-660,SKU-2066,367.87,10.21,29.43,Returning,PayPal
ORD-22814,CUST-9126,SESS-27814,CART-24814,2024-03-07,261.40,129.18,23.09,Fashion,3,Pending,Social Media,International,P-165,SKU-2649,87.13,8.54,20.91,VIP,Credit Card
ORD-22815,CUST-9127,SESS-27815,CART-24815,2023-01-27,493.41,205.34,21.35,,5,Shipped,Affiliate,North,P-388,SKU-357,98.68,10.48,39.47,New,Credit Card
ORD-22816,CUST-9127,SESS-27816,CART-24816,2023-04-18,362.08,137.58,26.25,  sports  ,1,Cancelled,Mobile App,East,P-908,SKU-1543,362.08,18.75,28.97,New,Debit Card
ORD-22817,CUST-9127,SESS-27817,CART-24817,2024-12-11,301.21,175.53,31.73,Fashion,2,Completed,Web,West,P-239,SKU-100,150.61,8.18,24.10,Returning,PayPal
ORD-22818,CUST-9128,SESS-27818,CART-24818,2023-08-02,158.05,53.00,13.95,Fashion,2,Returned,Mobile App,East,P-237,SKU-4900,79.02,9.96,12.64,Returning,Debit Card
ORD-22819,CUST-9128,SESS-27819,CART-24819,2023-11-11,233.03,138.38,35.43,Home,1,Returned,Web,North,P-778,SKU-1847,233.03,12.75,18.64,New,Crypto
ORD-22820,CUST-9129,SESS-27820,CART-24820,2025-05-28,431.50,226.66,27.04,Sports,4,Returned,Affiliate,East,P-678,SKU-468,107.87,13.34,34.52,VIP,PayPal
ORD-22821,CUST-9129,SESS-27821,CART-24821,2026-01-25,502.95,214.78,34.44,Beauty,4,Pending,Web,North,P-369,SKU-663,125.74,5.49,40.24,VIP,Credit Card
ORD-22822,CUST-9129,SESS-27822,CART-24822,2024-08-13,244.32,75.88,21.80,Home,1,Completed,Social Media,North,P-642,SKU-4076,244.32,8.09,19.55,VIP,Debit Card
ORD-22823,CUST-9130,SESS-27823,CART-24823,2023-09-19,146.85,55.51,19.52,Electronics,2,Returned,Web,East,P-741,SKU-760,73.42,12.25,11.75,Returning,PayPal
ORD-22824,CUST-9130,SESS-27824,CART-24824,2025-05-21,196.15,113.48,17.83,Beauty,2,Returned,Affiliate,West,P-879,SKU-2520,98.07,12.47,15.69,VIP,PayPal
ORD-22825,CUST-9131,SESS-27825,CART-24825,2023-11-08,311.21,133.58,0.60,Sports,4,Completed,Mobile App,East,P-438,SKU-1222,77.80,18.68,24.90,New,Debit Card
ORD-22826,CUST-9131,SESS-27826,CART-24826,1685940990046,51.02,23.92,2.23,Electronics,,Returned,Web,International,P-661,SKU-341,17.01,1.83,4.08,New,Credit Card
ORD-22827,CUST-9131,SESS-27827,CART-24827,2023-03-20,375.03,121.75,34.52,Sports,3,Completed,Social Media,East,P-921,SKU-2084,125.01,0.24,30.00,Returning,Debit Card
ORD-22828,CUST-9132,SESS-27828,CART-24828,2023-02-02,238.15,135.40,24.84,Home,3,Pending,Web,West,P-869,SKU-304,79.38,12.58,19.05,Returning,Crypto
ORD-22829,CUST-9132,SESS-27829,CART-24829,2024-09-12,377.38,119.60,38.89,Sports,,Completed,Mobile App,North,P-616,SKU-3165,75.48,9.90,30.19,New,PayPal
ORD-22830,CUST-9133,SESS-27830,CART-24830,2024-03-30,470.12,164.42,47.39,Beauty,3,Completed,Affiliate,West,P-938,SKU-3252,156.71,2.29,37.61,Returning,Crypto
ORD-22831,CUST-9133,SESS-27831,CART-24831,2026-02-25,433.21,252.23,38.55,Home,NULL,Shipped,Social Media,North,P-63,SKU-359,433.21,6.82,34.66,Returning,PayPal
ORD-22832,CUST-9133,SESS-27832,CART-24832,1727757505385,343.04,136.74,34.66,  home  ,3,Completed,Mobile App,International,P-712,SKU-4306,114.35,12.22,27.44,New,PayPal
ORD-22833,CUST-9134,SESS-27833,CART-24833,2025-10-14,408.28,216.37,23.75,Home,3,Shipped,Web,West,P-827,SKU-1565,136.09,10.16,32.66,VIP,Crypto
ORD-22834,CUST-9134,SESS-27834,CART-24834,2023-01-15,228.93,79.35,8.52,  electronics  ,5,Completed,Affiliate,South,P-372,SKU-4948,45.79,7.45,18.31,VIP,PayPal
ORD-22835,CUST-9135,SESS-27835,CART-24835,1772688014642,433.43,211.26,30.64,Home,5,Returned,Web,International,P-590,SKU-3022,86.69,13.70,34.67,New,Debit Card
ORD-22836,CUST-9135,SESS-27836,CART-24836,2025-08-05,280.11,121.87,17.49,Electronics,3,Pending,Web,International,P-23,SKU-2818,93.37,10.11,22.41,New,PayPal
ORD-22837,CUST-9135,SESS-27837,CART-24837,2025-02-23,18.04,10.04,21.35,Sports,,Shipped,Mobile App,International,P-425,SKU-908,3.61,2.50,1.44,VIP,Debit Card
ORD-22838,CUST-9136,SESS-27838,CART-24838,2025-07-16,,224.79,18.48,Home,1,Shipped,Mobile App,South,P-191,SKU-1012,401.70,12.45,32.14,VIP,Debit Card
ORD-22839,CUST-9136,SESS-27839,CART-24839,1760483762284,160.37,49.41,48.75,Beauty,4,Completed,Mobile App,International,P-1,SKU-3275,40.09,15.60,12.83,VIP,Crypto
ORD-22840,CUST-9137,SESS-27840,CART-24840,2025-09-26,27.04,14.01,36.38,Sports,2,Cancelled,Web,International,P-509,SKU-1872,13.52,10.22,2.16,New,Crypto
ORD-22841,CUST-9137,SESS-27841,CART-24841,2024-02-28,296.68,111.40,25.17,Fashion,5,Returned,Web,West,P-939,SKU-42,59.34,8.37,23.73,VIP,Debit Card
ORD-22842,CUST-9137,SESS-27842,CART-24842,2025-12-05,393.87,227.55,28.15,Sports,2,Shipped,Mobile App,West,P-992,SKU-4640,196.94,7.76,31.51,New,Crypto
ORD-22843,CUST-9138,SESS-27843,CART-24843,2025-09-25,471.12,251.41,37.85,Fashion,2,Returned,Social Media,South,P-985,SKU-61,235.56,0.37,37.69,Returning,Debit Card
ORD-22844,CUST-9138,SESS-27844,CART-24844,2024-12-25,96.11,34.65,38.21,Electronics,3,Cancelled,Affiliate,East,P-624,SKU-4417,32.04,3.88,7.69,VIP,Debit Card
ORD-22845,CUST-9139,SESS-27845,CART-24845,2024-02-26,434.36,215.93,37.33,Beauty,2,Returned,Mobile App,International,P-986,SKU-4349,217.18,6.57,34.75,New,Credit Card
ORD-22846,CUST-9139,SESS-27846,CART-24846,2025-02-07,97.81,43.48,35.30,Fashion,2,Returned,Mobile App,West,P-159,SKU-1840,48.90,17.13,7.82,Returning,Debit Card
ORD-22847,CUST-9139,SESS-27847,CART-24847,2023-04-04,118.11,35.99,20.68,Electronics,1,Returned,Social Media,North,P-715,SKU-2110,118.11,6.19,9.45,VIP,Credit Card
ORD-22848,CUST-9140,SESS-27848,CART-24848,2024-01-25,101.29,35.46,7.82,Beauty,5,Returned,Affiliate,South,P-983,SKU-3095,20.26,1.09,8.10,VIP,Crypto
ORD-22849,CUST-9140,SESS-27849,CART-24849,12/3/2023,NULL,116.96,32.56,Fashion,5,Pending,Web,South,P-494,SKU-1327,51.17,15.80,20.47,New,Crypto
ORD-22850,CUST-9141,SESS-27850,CART-24850,2024-02-17,201.50,95.97,31.82,Beauty,2,Returned,Affiliate,West,P-213,SKU-3860,100.75,19.19,16.12,VIP,Crypto
ORD-22851,CUST-9141,SESS-27851,CART-24851,2025-05-29,  473.50  ,260.22,45.93,Beauty,5,Shipped,Social Media,North,P-92,SKU-4715,94.70,18.38,37.88,VIP,Credit Card
ORD-22852,CUST-9141,SESS-27852,CART-24852,2024-08-02,265.49,81.95,2.02,Beauty,5,Cancelled,Social Media,International,P-826,SKU-2304,53.10,17.20,21.24,New,Crypto
ORD-22853,CUST-9142,SESS-27853,CART-24853,2023-01-25,84.28,32.81,16.30,Sports,2,Returned,Web,South,P-641,SKU-87,42.14,13.54,6.74,New,Debit Card
ORD-22854,CUST-9142,SESS-27854,CART-24854,2023-06-05,322.16,157.95,33.94,Sports,3,Returned,Affiliate,International,P-871,SKU-869,107.39,5.82,25.77,New,Debit Card
ORD-22855,CUST-9143,SESS-27855,CART-24855,3/13/2023,318.59,135.96,31.72,Fashion,4,Pending,Mobile App,South,P-167,SKU-2854,79.65,8.03,25.49,New,Crypto
ORD-22856,CUST-9143,SESS-27856,CART-24856,2024-10-20,462.46,167.05,44.09,Beauty,2,Returned,Social Media,International,P-855,SKU-2651,231.23,7.71,37.00,Returning,Debit Card
ORD-22857,CUST-9143,SESS-27857,CART-24857,2024-10-20,349.05,205.20,28.40,Sports,4,Returned,Web,North,P-864,SKU-2775,87.26,17.99,27.92,Returning,Credit Card
ORD-22858,CUST-9144,SESS-27858,CART-24858,2025-05-27,277.76,85.13,8.68,Sports,3,Returned,Affiliate,East,P-798,SKU-3691,92.59,17.23,22.22,VIP,Crypto
ORD-22859,CUST-9144,SESS-27859,CART-24859,2023-05-02,403.71,162.50,33.51,Fashion,NULL,Shipped,Mobile App,International,P-600,SKU-2162,201.85,12.12,32.30,New,PayPal
ORD-22860,CUST-9145,SESS-27860,CART-24860,2024-03-24,237.93,140.39,25.29,Sports,3,Returned,Web,East,P-14,SKU-1321,79.31,5.87,19.03,New,Credit Card
ORD-22861,CUST-9145,SESS-27861,CART-24861,2024-11-01,123.35,61.45,41.41,Beauty,4,Pending,Affiliate,North,P-807,SKU-2656,30.84,9.41,9.87,VIP,Credit Card
ORD-22862,CUST-9145,SESS-27862,CART-24862,2024-01-28,382.39,227.17,35.84,Home,2,Cancelled,Social Media,International,P-588,SKU-157,191.20,18.55,30.59,VIP,Crypto
ORD-22863,CUST-9146,SESS-27863,CART-24863,2024-11-23,82.51,30.10,6.49,Fashion,2,Cancelled,Affiliate,West,P-408,SKU-2218,41.26,17.63,6.60,VIP,Crypto
ORD-22864,CUST-9146,SESS-27864,CART-24864,2023-03-21,304.91,130.51,13.47,Beauty,2,Returned,Web,North,P-586,SKU-2315,152.45,5.28,24.39,New,PayPal
ORD-22865,CUST-9147,SESS-27865,CART-24865,2024-07-25,278.18,94.87,22.60,Electronics,1,Completed,Affiliate,South,P-976,SKU-4641,278.18,1.39,22.25,Returning,Credit Card
ORD-22866,CUST-9147,SESS-27866,CART-24866,2023-05-05,326.50,181.34,44.44,Beauty,4,Shipped,Web,East,P-489,SKU-3619,81.63,13.72,26.12,New,PayPal
ORD-22867,CUST-9147,SESS-27867,CART-24867,2/18/2023,200.60,105.11,14.18,Home,2,Shipped,Web,West,P-202,SKU-3988,100.30,3.31,16.05,VIP,Credit Card
ORD-22868,CUST-9148,SESS-27868,CART-24868,2023-09-24,229.25,125.15,17.00,Fashion,1,Pending,Web,International,P-375,SKU-3020,229.25,19.84,18.34,Returning,Credit Card
ORD-22869,CUST-9148,SESS-27869,CART-24869,2025-11-19,318.66,113.57,33.49,Home,1,Returned,Social Media,International,P-199,SKU-1005,318.66,8.10,25.49,VIP,Debit Card
ORD-22870,CUST-9149,SESS-27870,CART-24870,2026-01-30,404.69,224.01,20.27,Home,4,Shipped,Mobile App,International,P-867,SKU-4741,101.17,19.51,32.38,Returning,Credit Card
ORD-22871,CUST-9149,SESS-27871,CART-24871,2026-01-06,356.23,197.25,36.77,Home,1,Completed,Affiliate,International,P-724,SKU-713,356.23,1.40,28.50,Returning,PayPal
ORD-22872,CUST-9149,SESS-27872,CART-24872,2024-04-23,379.92,204.20,0.54,Beauty,1,Returned,Social Media,West,P-677,SKU-3896,379.92,2.55,30.39,New,Credit Card
ORD-22873,CUST-9150,SESS-27873,CART-24873,2025-08-22,  42.55  ,20.57,19.71,Sports,2,Completed,Affiliate,North,P-665,SKU-3756,21.28,10.18,3.40,New,PayPal
ORD-22874,CUST-9150,SESS-27874,CART-24874,2023-02-14,338.28,106.02,48.16,Beauty,5,Pending,Mobile App,North,P-948,SKU-1615,67.66,13.76,27.06,New,Crypto
ORD-22875,CUST-9151,SESS-27875,CART-24875,2023-10-04,87.04,38.94,28.89,Electronics,2,Completed,Web,International,P-30,SKU-819,43.52,18.18,6.96,Returning,Credit Card
ORD-22876,CUST-9151,SESS-27876,CART-24876,2024-05-13,341.31,201.15,8.77,Sports,1,Completed,Social Media,South,P-317,SKU-2681,341.31,18.97,27.30,VIP,Credit Card
ORD-22877,CUST-9151,SESS-27877,CART-24877,2024-08-01,391.59,118.64,46.75,Fashion,5,Completed,Mobile App,South,P-930,SKU-4439,78.32,6.45,31.33,New,Credit Card
ORD-22878,CUST-9152,SESS-27878,CART-24878,2024-01-24,416.87,210.41,30.83,Beauty,1,Returned,Affiliate,East,P-514,SKU-520,416.87,3.06,33.35,New,Debit Card
ORD-22879,CUST-9152,SESS-27879,CART-24879,2024-03-10,182.09,73.42,20.04,,4,Cancelled,Mobile App,South,P-56,SKU-4482,45.52,10.14,14.57,VIP,Credit Card
ORD-22880,CUST-9153,SESS-27880,CART-24880,2023-04-11,67.58,36.88,41.56,Electronics,4,Completed,Social Media,International,P-92,SKU-3301,16.90,0.35,5.41,VIP,Debit Card
ORD-22881,CUST-9153,SESS-27881,CART-24881,2026-02-20,103.60,44.38,0.88,Beauty,3,Returned,Affiliate,East,P-394,SKU-4557,34.53,12.42,8.29,New,Crypto
ORD-22882,CUST-9153,SESS-27882,CART-24882,2025-08-08,423.98,230.20,28.13,Sports,,Pending,Social Media,West,P-92,SKU-3712,84.80,12.52,33.92,New,Debit Card
ORD-22883,CUST-9154,SESS-27883,CART-24883,2023-05-18,353.68,163.70,29.40,Electronics,2,Shipped,Affiliate,East,P-910,SKU-1531,176.84,8.22,28.29,Returning,Crypto
ORD-22884,CUST-9154,SESS-27884,CART-24884,2026-01-11,217.58,97.56,6.88,Sports,1,Completed,Social Media,East,P-920,SKU-402,217.58,19.65,17.41,VIP,Credit Card
ORD-22885,CUST-9155,SESS-27885,CART-24885,2025-01-23,166.76,93.20,22.57,Electronics,1,Completed,Mobile App,East,P-912,SKU-2298,166.76,8.82,13.34,New,Crypto
ORD-22886,CUST-9155,SESS-27886,CART-24886,2023-03-06,449.66,223.29,3.45,Home,5,Shipped,Social Media,West,P-973,SKU-386,89.93,8.06,35.97,VIP,Credit Card
ORD-22887,CUST-9155,SESS-27887,CART-24887,2024-04-21,270.67,147.88,27.64,Home,1,Returned,Affiliate,International,P-501,SKU-2395,270.67,7.74,21.65,Returning,Crypto
ORD-22888,CUST-9156,SESS-27888,CART-24888,1/26/2026,315.11,110.92,9.22,Electronics,1,Pending,Mobile App,West,P-528,SKU-576,315.11,16.09,25.21,Returning,Crypto
ORD-22889,CUST-9156,SESS-27889,CART-24889,2024-05-20,80.64,34.14,7.68,Beauty,1,Returned,Mobile App,South,P-42,SKU-4496,80.64,1.34,6.45,VIP,Crypto
ORD-22890,CUST-9157,SESS-27890,CART-24890,1744094252749,32.34,18.32,35.54,Home,2,Returned,Mobile App,International,P-706,SKU-2804,16.17,0.55,2.59,Returning,PayPal
ORD-22891,CUST-9157,SESS-27891,CART-24891,2023-12-09,139.22,46.09,20.26,Electronics,5,Cancelled,Affiliate,South,P-689,SKU-2770,27.84,2.88,11.14,Returning,Debit Card
ORD-22892,CUST-9157,SESS-27892,CART-24892,2023-03-30,249.13,80.07,18.93,NULL,5,Cancelled,Web,South,P-308,SKU-1172,49.83,2.66,19.93,Returning,Crypto
ORD-22893,CUST-9158,SESS-27893,CART-24893,2025-01-16,73.74,31.57,10.83,Fashion,3,Returned,Web,North,P-193,SKU-2573,24.58,6.59,5.90,VIP,Debit Card
ORD-22894,CUST-9158,SESS-27894,CART-24894,2026-02-27,146.35,82.41,11.57,Electronics,5,Completed,Affiliate,South,P-431,SKU-1096,29.27,10.53,11.71,VIP,Crypto
ORD-22895,CUST-9159,SESS-27895,CART-24895,4/25/2024,451.94,196.41,1.41,Fashion,4,Cancelled,Web,North,P-41,SKU-2524,112.99,8.42,36.16,VIP,Debit Card
ORD-22896,CUST-9159,SESS-27896,CART-24896,2025-07-24,60.20,21.58,42.10,Beauty,1,Cancelled,Web,East,P-495,SKU-4542,60.20,0.98,4.82,VIP,Credit Card
ORD-22897,CUST-9159,SESS-27897,CART-24897,2024-06-15,509.68,272.36,30.54,Fashion,3,Cancelled,Web,International,P-839,SKU-580,169.89,19.91,40.77,Returning,Debit Card
ORD-22898,CUST-9160,SESS-27898,CART-24898,2025-10-04,189.60,112.83,38.52,Beauty,1,Pending,Affiliate,North,P-206,SKU-3432,189.60,7.74,15.17,VIP,Debit Card
ORD-22899,CUST-9160,SESS-27899,CART-24899,2025-04-22,292.88,107.80,24.88,Fashion,1,Pending,Social Media,East,P-558,SKU-2636,292.88,12.07,23.43,VIP,Credit Card
ORD-22900,CUST-9161,SESS-27900,CART-24900,2023-08-18,10.99,3.43,31.26,Sports,1,Pending,Web,East,P-656,SKU-3367,10.99,16.71,0.88,Returning,Crypto
ORD-22901,CUST-9161,SESS-27901,CART-24901,2023-09-06,151.77,58.13,29.00,Beauty,2,Pending,Affiliate,International,P-433,SKU-2438,75.89,10.99,12.14,Returning,Debit Card
ORD-22902,CUST-9161,SESS-27902,CART-24902,2024-12-08,28.09,11.44,33.07,Sports,2,Cancelled,Affiliate,West,P-644,SKU-2377,14.05,18.00,2.25,VIP,Debit Card
ORD-22903,CUST-9162,SESS-27903,CART-24903,2025-01-29,430.92,175.02,30.61,Sports,5,Cancelled,Web,North,P-386,SKU-4327,86.18,1.31,34.47,New,Crypto
ORD-22904,CUST-9162,SESS-27904,CART-24904,2024-05-21,489.51,247.24,13.29,Sports,5,Cancelled,Social Media,East,P-642,SKU-4438,97.90,19.51,39.16,VIP,Debit Card
ORD-22905,CUST-9163,SESS-27905,CART-24905,2025-11-13,294.71,136.87,15.87,Electronics,5,Returned,Social Media,East,P-689,SKU-3214,58.94,14.48,23.58,VIP,Crypto
ORD-22906,CUST-9163,SESS-27906,CART-24906,2023-03-19,172.12,62.41,15.33,Home,,Shipped,Web,North,P-155,SKU-729,86.06,11.46,13.77,VIP,PayPal
ORD-22907,CUST-9163,SESS-27907,CART-24907,2025-12-02,32.87,17.59,39.89,,2,Completed,Affiliate,West,P-503,SKU-3476,16.44,19.99,2.63,Returning,Credit Card
ORD-22908,CUST-9164,SESS-27908,CART-24908,2023-11-03,266.51,84.72,28.80,Beauty,4,Shipped,Affiliate,International,P-159,SKU-1120,66.63,4.20,21.32,New,Credit Card
ORD-22909,CUST-9164,SESS-27909,CART-24909,2026-02-06,313.77,179.39,37.24,Home,4,Cancelled,Affiliate,International,P-683,SKU-704,78.44,16.74,25.10,New,PayPal
ORD-22910,CUST-9165,SESS-27910,CART-24910,2024-07-14,62.32,25.40,11.58,Sports,NULL,Shipped,Affiliate,West,P-474,SKU-2435,31.16,11.06,4.99,Returning,Debit Card
ORD-22911,CUST-9165,SESS-27911,CART-24911,10/5/2025,197.24,82.80,27.25,Beauty,2,Completed,Mobile App,South,P-418,SKU-572,98.62,13.82,15.78,New,Crypto
ORD-22912,CUST-9165,SESS-27912,CART-24912,2026-01-01,195.98,86.50,24.10,Fashion,5,Pending,Mobile App,North,P-378,SKU-4246,39.20,5.03,15.68,VIP,Credit Card
ORD-22913,CUST-9166,SESS-27913,CART-24913,2024-05-28,360.20,149.75,42.43,Sports,4,Cancelled,Social Media,East,P-67,SKU-1722,90.05,7.32,28.82,New,Crypto
ORD-22914,CUST-9166,SESS-27914,CART-24914,5/12/2025,430.58,248.86,32.13,Sports,3,Returned,Social Media,West,P-797,SKU-2060,143.53,4.71,34.45,New,PayPal
ORD-22915,CUST-9167,SESS-27915,CART-24915,2023-08-08,496.07,156.97,22.73,Electronics,2,Returned,Social Media,North,P-826,SKU-3975,248.04,13.54,39.69,New,Credit Card
ORD-22916,CUST-9167,SESS-27916,CART-24916,2023-06-25,303.74,119.93,12.36,Beauty,1,Cancelled,Affiliate,North,P-158,SKU-4540,303.74,10.48,24.30,VIP,Credit Card
ORD-22917,CUST-9167,SESS-27917,CART-24917,2023-10-01,127.12,68.84,19.97,Sports,2,Shipped,Web,International,P-397,SKU-3907,63.56,11.59,10.17,Returning,PayPal
ORD-22918,CUST-9168,SESS-27918,CART-24918,2024-09-15,375.68,221.95,37.56,Fashion,2,Returned,Web,South,P-557,SKU-281,187.84,4.06,30.05,Returning,Crypto
ORD-22919,CUST-9168,SESS-27919,CART-24919,2024-07-30,359.50,124.74,42.52,Fashion,3,Pending,Mobile App,South,P-412,SKU-3961,119.83,7.96,28.76,New,Crypto
ORD-22920,CUST-9169,SESS-27920,CART-24920,2023-09-09,254.79,96.98,40.43,Home,5,Pending,Web,West,P-833,SKU-3901,50.96,3.35,20.38,VIP,PayPal
ORD-22921,CUST-9169,SESS-27921,CART-24921,2023-04-07,205.71,86.49,8.13,Beauty,3,Pending,Web,North,P-44,SKU-317,68.57,19.11,16.46,Returning,Debit Card
ORD-22922,CUST-9169,SESS-27922,CART-24922,2023-01-08,433.37,153.31,33.58,Home,1,Cancelled,Affiliate,South,P-822,SKU-2418,433.37,12.86,34.67,VIP,Credit Card
ORD-22923,CUST-9170,SESS-27923,CART-24923,2023-11-22,296.05,161.07,26.14,Fashion,5,Shipped,Web,North,P-849,SKU-2173,59.21,10.07,23.68,Returning,PayPal
ORD-22924,CUST-9170,SESS-27924,CART-24924,2023-07-27,271.53,148.76,15.72,Electronics,1,Returned,Social Media,East,P-801,SKU-4659,271.53,10.52,21.72,New,Credit Card
ORD-22925,CUST-9171,SESS-27925,CART-24925,2024-09-24,501.20,241.55,7.31,Sports,4,Pending,Social Media,West,P-94,SKU-1381,125.30,16.05,40.10,Returning,Crypto
ORD-22926,CUST-9171,SESS-27926,CART-24926,2023-03-08,466.00,264.58,0.37,Fashion,1,Completed,Social Media,International,P-866,SKU-250,466.00,15.48,37.28,Returning,PayPal
ORD-22927,CUST-9171,SESS-27927,CART-24927,2026-01-12,306.35,144.63,34.49,Fashion,1,Completed,Social Media,International,P-281,SKU-4628,306.35,13.90,24.51,VIP,Debit Card
ORD-22928,CUST-9172,SESS-27928,CART-24928,4/11/2023,329.86,164.69,4.04,Beauty,1,Shipped,Mobile App,North,P-936,SKU-3998,329.86,7.29,26.39,New,Crypto
ORD-22929,CUST-9172,SESS-27929,CART-24929,2025-02-04,274.81,126.28,2.58,Beauty,3,Cancelled,Mobile App,East,P-97,SKU-466,91.60,2.84,21.99,Returning,Credit Card
ORD-22930,CUST-9173,SESS-27930,CART-24930,1743416866110,449.45,233.66,24.68,Beauty,,Returned,Social Media,International,P-825,SKU-3055,149.82,13.38,35.96,VIP,PayPal
ORD-22931,CUST-9173,SESS-27931,CART-24931,2025-03-04,394.62,191.45,24.30,Fashion,1,Completed,Mobile App,East,P-70,SKU-1089,394.62,6.74,31.57,New,Debit Card
ORD-22932,CUST-9173,SESS-27932,CART-24932,2024-02-02,381.75,229.01,41.48,Electronics,3,Cancelled,Mobile App,North,P-399,SKU-3677,127.25,9.30,30.54,Returning,Credit Card
ORD-22933,CUST-9174,SESS-27933,CART-24933,2025-03-14,400.27,156.39,47.15,Home,5,Completed,Mobile App,West,P-821,SKU-2560,80.05,3.27,32.02,Returning,Credit Card
ORD-22934,CUST-9174,SESS-27934,CART-24934,2023-09-05,,98.38,19.68,Electronics,2,Cancelled,Social Media,East,P-799,SKU-2596,108.60,13.98,17.38,Returning,PayPal
ORD-22935,CUST-9175,SESS-27935,CART-24935,2025-06-02,250.13,77.23,49.41,Home,2,Completed,Social Media,West,P-688,SKU-2292,125.06,13.34,20.01,VIP,PayPal
ORD-22936,CUST-9175,SESS-27936,CART-24936,2025-06-26,469.02,237.54,37.42,Sports,2,Cancelled,Web,International,P-12,SKU-3059,234.51,4.86,37.52,Returning,Debit Card
ORD-22937,CUST-9175,SESS-27937,CART-24937,2023-05-28,228.63,89.09,27.74,Fashion,2,Cancelled,Affiliate,East,P-247,SKU-1589,114.32,2.55,18.29,New,Crypto
ORD-22938,CUST-9176,SESS-27938,CART-24938,2025-04-04,36.77,18.41,44.71,Home,5,Returned,Web,South,P-945,SKU-684,7.35,12.05,2.94,New,PayPal
ORD-22939,CUST-9176,SESS-27939,CART-24939,2023-04-03,NULL,192.42,28.22,Electronics,4,Shipped,Social Media,North,P-409,SKU-3162,87.06,0.49,27.86,New,PayPal
ORD-22940,CUST-9177,SESS-27940,CART-24940,2023-01-08,  84.22  ,39.28,26.02,Sports,1,Pending,Affiliate,International,P-25,SKU-3939,84.22,18.99,6.74,VIP,Credit Card
ORD-22941,CUST-9177,SESS-27941,CART-24941,2025-06-26,146.72,73.18,30.19,Home,3,Pending,Mobile App,North,P-706,SKU-3966,48.91,2.73,11.74,New,PayPal
ORD-22942,CUST-9177,SESS-27942,CART-24942,2023-02-21,271.86,144.81,28.27,Fashion,3,Pending,Affiliate,South,P-652,SKU-881,90.62,16.34,21.75,Returning,Credit Card
ORD-22943,CUST-9178,SESS-27943,CART-24943,2023-05-22,196.26,109.46,4.89,Electronics,5,Completed,Web,International,P-18,SKU-2273,39.25,12.53,15.70,VIP,Crypto
ORD-22944,CUST-9178,SESS-27944,CART-24944,2023-10-17,93.22,34.72,45.19,  electronics  ,3,Returned,Web,International,P-575,SKU-495,31.07,17.01,7.46,Returning,Credit Card
ORD-22945,CUST-9179,SESS-27945,CART-24945,2023-08-18,241.86,133.98,40.23,Home,2,Shipped,Social Media,West,P-325,SKU-356,120.93,3.06,19.35,Returning,Credit Card
ORD-22946,CUST-9179,SESS-27946,CART-24946,2023-06-21,205.55,85.68,23.65,Sports,3,Cancelled,Mobile App,North,P-705,SKU-429,68.52,3.41,16.44,New,Credit Card
ORD-22947,CUST-9179,SESS-27947,CART-24947,2025-02-18,372.39,209.17,36.40,Home,4,Cancelled,Web,East,P-532,SKU-3216,93.10,7.72,29.79,VIP,Crypto
ORD-22948,CUST-9180,SESS-27948,CART-24948,2024-05-28,NULL,246.04,29.07,Sports,1,Cancelled,Affiliate,International,P-837,SKU-2362,462.83,7.28,37.03,New,Credit Card
ORD-22949,CUST-9180,SESS-27949,CART-24949,2024-03-15,365.77,135.16,22.02,,5,Completed,Social Media,International,P-216,SKU-3610,73.15,16.33,29.26,Returning,Crypto
ORD-22950,CUST-9181,SESS-27950,CART-24950,2025-12-19,294.89,155.45,25.50,  electronics  ,3,Cancelled,Mobile App,International,P-46,SKU-2790,98.30,18.43,23.59,Returning,Debit Card
ORD-22951,CUST-9181,SESS-27951,CART-24951,2025-07-28,426.83,248.68,1.11,Electronics,1,Cancelled,Social Media,West,P-110,SKU-2508,426.83,8.37,34.15,Returning,PayPal
ORD-22952,CUST-9181,SESS-27952,CART-24952,2026-01-09,402.78,215.25,18.05,Beauty,2,Cancelled,Social Media,East,P-826,SKU-882,201.39,1.16,32.22,New,Debit Card
ORD-22953,CUST-9182,SESS-27953,CART-24953,2024-10-17,160.08,87.49,22.40,NULL,4,Shipped,Web,International,P-356,SKU-1189,40.02,9.26,12.81,Returning,Debit Card
ORD-22954,CUST-9182,SESS-27954,CART-24954,2024-07-04,35.46,17.96,2.55,Fashion,5,Cancelled,Mobile App,West,P-654,SKU-3243,7.09,16.85,2.84,VIP,Debit Card
ORD-22955,CUST-9183,SESS-27955,CART-24955,2024-01-27,155.10,87.93,46.49,Beauty,3,Returned,Affiliate,West,P-342,SKU-1598,51.70,0.29,12.41,Returning,PayPal
ORD-22956,CUST-9183,SESS-27956,CART-24956,2024-07-05,434.60,141.58,30.05,Sports,4,Cancelled,Web,South,P-681,SKU-270,108.65,0.84,34.77,New,PayPal
ORD-22957,CUST-9183,SESS-27957,CART-24957,2025-05-26,214.12,77.70,19.75,Beauty,3,Shipped,Social Media,East,P-632,SKU-3647,71.37,16.53,17.13,VIP,Crypto
ORD-22958,CUST-9184,SESS-27958,CART-24958,2023-09-28,499.11,218.29,11.59,Electronics,2,Completed,Social Media,North,P-907,SKU-915,249.56,7.27,39.93,Returning,Credit Card
ORD-22959,CUST-9184,SESS-27959,CART-24959,11/11/2023,94.68,42.47,7.13,Fashion,5,Shipped,Social Media,International,P-118,SKU-3103,18.94,0.29,7.57,New,Debit Card
ORD-22960,CUST-9185,SESS-27960,CART-24960,2026-01-10,219.68,93.72,25.06,Fashion,3,Cancelled,Social Media,North,P-295,SKU-4603,73.23,8.05,17.57,Returning,Credit Card
ORD-22961,CUST-9185,SESS-27961,CART-24961,2026-02-01,243.50,133.49,32.42,Electronics,1,Shipped,Web,International,P-195,SKU-4085,243.50,10.92,19.48,New,PayPal
ORD-22962,CUST-9185,SESS-27962,CART-24962,2025-05-05,NULL,76.89,17.29,Sports,2,Returned,Web,East,P-312,SKU-321,124.71,19.84,19.95,VIP,PayPal
ORD-22963,CUST-9186,SESS-27963,CART-24963,2023-03-06,406.03,157.99,39.00,  sports  ,3,Shipped,Mobile App,South,P-356,SKU-1883,135.34,4.65,32.48,Returning,Credit Card
ORD-22964,CUST-9186,SESS-27964,CART-24964,2023-10-04,281.70,95.93,30.75,Electronics,4,Cancelled,Social Media,South,P-12,SKU-4775,70.43,5.55,22.54,VIP,PayPal
ORD-22965,CUST-9187,SESS-27965,CART-24965,11/24/2025,20.20,11.30,6.32,Beauty,4,Returned,Affiliate,International,P-705,SKU-181,5.05,9.52,1.62,Returning,Credit Card
ORD-22966,CUST-9187,SESS-27966,CART-24966,1683678901251,127.19,49.84,6.97,Sports,4,Shipped,Mobile App,East,P-323,SKU-2790,31.80,1.91,10.18,New,Crypto
ORD-22967,CUST-9187,SESS-27967,CART-24967,2025-12-24,141.82,51.10,26.97,Home,4,Cancelled,Web,South,P-546,SKU-893,35.45,19.40,11.35,Returning,Credit Card
ORD-22968,CUST-9188,SESS-27968,CART-24968,2026-02-23,223.01,129.41,16.91,Beauty,2,Shipped,Social Media,East,P-629,SKU-4255,111.50,13.56,17.84,VIP,Crypto
ORD-22969,CUST-9188,SESS-27969,CART-24969,2023-01-09,149.33,47.74,34.96,Beauty,2,Shipped,Mobile App,International,P-891,SKU-4537,74.66,14.51,11.95,VIP,PayPal
ORD-22970,CUST-9189,SESS-27970,CART-24970,2024-11-14,479.26,240.01,22.77,Home,3,Shipped,Social Media,West,P-132,SKU-2494,159.75,10.18,38.34,Returning,PayPal
ORD-22971,CUST-9189,SESS-27971,CART-24971,2025-07-28,59.21,22.68,11.37,Sports,2,Pending,Web,East,P-491,SKU-4711,29.60,2.55,4.74,VIP,Debit Card
ORD-22972,CUST-9189,SESS-27972,CART-24972,2024-05-04,329.34,122.40,27.41,Sports,2,Cancelled,Mobile App,International,P-376,SKU-3034,164.67,6.24,26.35,Returning,Crypto
ORD-22973,CUST-9190,SESS-27973,CART-24973,2023-07-11,252.76,96.65,41.53,Home,4,Completed,Social Media,West,P-714,SKU-4796,63.19,5.07,20.22,VIP,Debit Card
ORD-22974,CUST-9190,SESS-27974,CART-24974,2023-10-08,350.56,173.49,5.56,Electronics,1,Shipped,Web,International,P-650,SKU-3857,350.56,6.74,28.04,New,Credit Card
ORD-22975,CUST-9191,SESS-27975,CART-24975,2025-01-10,16.48,9.33,4.04,Fashion,3,Cancelled,Web,East,P-25,SKU-4203,5.49,11.29,1.32,New,Credit Card
ORD-22976,CUST-9191,SESS-27976,CART-24976,2025-04-30,438.61,245.66,1.37,Fashion,,Shipped,Web,East,P-560,SKU-4203,438.61,18.67,35.09,Returning,Credit Card
ORD-22977,CUST-9191,SESS-27977,CART-24977,2023-03-22,74.38,34.03,28.23,Beauty,1,Pending,Affiliate,North,P-401,SKU-3633,74.38,3.60,5.95,New,Crypto
ORD-22978,CUST-9192,SESS-27978,CART-24978,2024-07-13,464.74,160.23,26.42,Beauty,5,Pending,Affiliate,East,P-122,SKU-2579,92.95,4.49,37.18,VIP,PayPal
ORD-22979,CUST-9192,SESS-27979,CART-24979,8/24/2024,394.60,227.81,21.86,Sports,2,Shipped,Social Media,West,P-350,SKU-2213,197.30,1.91,31.57,New,Crypto
ORD-22980,CUST-9193,SESS-27980,CART-24980,1728224421722,447.68,153.92,27.88,Fashion,4,Pending,Web,International,P-171,SKU-3608,111.92,15.97,35.81,Returning,PayPal
ORD-22981,CUST-9193,SESS-27981,CART-24981,2025-05-06,274.32,117.66,34.12,Fashion,2,Returned,Social Media,East,P-172,SKU-1316,137.16,5.50,21.95,VIP,Credit Card
ORD-22982,CUST-9193,SESS-27982,CART-24982,2024-10-22,164.03,89.95,11.41,Beauty,4,Returned,Mobile App,International,P-338,SKU-4674,41.01,0.78,13.12,Returning,Crypto
ORD-22983,CUST-9194,SESS-27983,CART-24983,2023-11-25,316.63,185.95,3.55,Electronics,1,Pending,Social Media,South,P-517,SKU-2748,316.63,14.75,25.33,VIP,Crypto
ORD-22984,CUST-9194,SESS-27984,CART-24984,2024-05-06,424.51,152.95,7.98,  beauty  ,4,Completed,Web,South,P-319,SKU-676,106.13,6.35,33.96,VIP,Debit Card
ORD-22985,CUST-9195,SESS-27985,CART-24985,2025-10-26,235.06,73.89,33.47,Fashion,3,Shipped,Social Media,International,P-422,SKU-823,78.35,3.61,18.80,New,PayPal
ORD-22986,CUST-9195,SESS-27986,CART-24986,9/19/2025,301.11,178.38,0.76,  sports  ,4,Pending,Mobile App,South,P-343,SKU-1634,75.28,18.75,24.09,Returning,PayPal
ORD-22987,CUST-9195,SESS-27987,CART-24987,2026-02-10,287.55,141.78,22.30,Home,5,Returned,Mobile App,South,P-72,SKU-2722,57.51,16.52,23.00,Returning,Credit Card
ORD-22988,CUST-9196,SESS-27988,CART-24988,1709394518262,194.72,78.94,8.67,Beauty,4,Pending,Social Media,East,P-395,SKU-3688,48.68,4.54,15.58,Returning,Credit Card
ORD-22989,CUST-9196,SESS-27989,CART-24989,2024-02-06,262.87,132.84,19.10,Sports,1,Completed,Social Media,International,P-608,SKU-4093,262.87,7.07,21.03,VIP,Credit Card
ORD-22990,CUST-9197,SESS-27990,CART-24990,2023-12-26,494.73,246.51,13.89,Sports,3,Returned,Mobile App,West,P-443,SKU-78,164.91,12.50,39.58,Returning,Credit Card
ORD-22991,CUST-9197,SESS-27991,CART-24991,2024-07-28,288.46,142.11,49.58,Sports,2,Cancelled,Affiliate,West,P-223,SKU-1888,144.23,19.28,23.08,VIP,PayPal
ORD-22992,CUST-9197,SESS-27992,CART-24992,1736254578785,358.66,144.77,39.21,Fashion,2,Returned,Social Media,International,P-665,SKU-2208,179.33,1.78,28.69,New,Credit Card
ORD-22993,CUST-9198,SESS-27993,CART-24993,2024-02-13,289.82,130.82,34.96,Sports,2,Cancelled,Social Media,International,P-697,SKU-2283,144.91,16.49,23.19,Returning,PayPal
ORD-22994,CUST-9198,SESS-27994,CART-24994,3/2/2026,136.77,64.19,42.77,Home,3,Shipped,Web,South,P-744,SKU-4514,45.59,14.94,10.94,VIP,PayPal
ORD-22995,CUST-9199,SESS-27995,CART-24995,2025-07-10,NULL,124.10,39.61,Electronics,5,Completed,Affiliate,West,P-24,SKU-2374,68.49,9.30,27.40,New,PayPal
ORD-22996,CUST-9199,SESS-27996,CART-24996,1/7/2026,133.14,57.26,28.64,Home,5,Cancelled,Social Media,East,P-535,SKU-1411,26.63,14.39,10.65,VIP,PayPal
ORD-22997,CUST-9199,SESS-27997,CART-24997,2023-03-14,275.49,127.73,30.26,Beauty,4,Shipped,Web,North,P-608,SKU-171,68.87,0.76,22.04,VIP,Crypto
ORD-22998,CUST-9200,SESS-27998,CART-24998,2025-03-08,346.10,156.40,44.13,Home,3,Completed,Web,South,P-598,SKU-4558,115.37,1.32,27.69,VIP,PayPal
ORD-22999,CUST-9200,SESS-27999,CART-24999,2025-04-27,418.72,203.28,26.32,Electronics,3,Pending,Web,East,P-352,SKU-1748,139.57,9.68,33.50,New,Debit Card
ORD-23000,CUST-9201,SESS-28000,CART-25000,2025-09-26,499.98,223.10,12.96,Beauty,5,Completed,Web,East,P-204,SKU-3444,100.00,10.70,40.00,New,Crypto
ORD-23001,CUST-9201,SESS-28001,CART-25001,2023-01-21,149.83,55.41,30.08,NULL,4,Shipped,Mobile App,West,P-483,SKU-2776,37.46,6.13,11.99,New,Crypto
ORD-23002,CUST-9201,SESS-28002,CART-25002,2023-02-28,71.22,31.69,16.87,Sports,5,Cancelled,Social Media,South,P-525,SKU-3588,14.24,14.98,5.70,VIP,Crypto
ORD-23003,CUST-9202,SESS-28003,CART-25003,2023-03-30,299.19,173.26,32.69,Electronics,3,Pending,Social Media,International,P-819,SKU-4303,99.73,8.77,23.94,Returning,PayPal
ORD-23004,CUST-9202,SESS-28004,CART-25004,2023-02-02,38.40,20.44,3.55,Beauty,5,Completed,Web,East,P-657,SKU-1658,7.68,11.91,3.07,Returning,PayPal
ORD-23005,CUST-9203,SESS-28005,CART-25005,2023-12-18,100.25,55.12,25.45,Beauty,2,Shipped,Affiliate,South,P-705,SKU-4831,50.12,18.54,8.02,New,Debit Card
ORD-23006,CUST-9203,SESS-28006,CART-25006,2025-08-06,34.44,16.42,28.45,Electronics,4,Pending,Web,North,P-371,SKU-419,8.61,5.33,2.75,VIP,Crypto
ORD-23007,CUST-9203,SESS-28007,CART-25007,2023-02-20,228.50,81.28,11.51,Sports,5,Completed,Web,West,P-653,SKU-104,45.70,3.76,18.28,New,Debit Card
ORD-23008,CUST-9204,SESS-28008,CART-25008,2024-08-22,285.88,120.46,21.21,Electronics,1,Shipped,Web,South,P-784,SKU-4416,285.88,16.11,22.87,New,PayPal
ORD-23009,CUST-9204,SESS-28009,CART-25009,2025-05-17,194.00,82.72,13.40,Home,5,Cancelled,Affiliate,North,P-429,SKU-984,38.80,12.74,15.52,VIP,Debit Card
ORD-23010,CUST-9205,SESS-28010,CART-25010,1715069520140,259.55,114.94,15.60,Sports,3,Returned,Mobile App,North,P-86,SKU-4589,86.52,7.49,20.76,VIP,Debit Card
ORD-23011,CUST-9205,SESS-28011,CART-25011,2026-02-13,93.30,46.52,18.80,Home,3,Returned,Web,International,P-590,SKU-2910,31.10,16.90,7.46,New,PayPal
ORD-23012,CUST-9205,SESS-28012,CART-25012,2023-11-17,394.59,207.81,27.57,Fashion,4,Returned,Social Media,North,P-652,SKU-1843,98.65,16.44,31.57,VIP,PayPal
ORD-23013,CUST-9206,SESS-28013,CART-25013,2024-09-18,485.37,219.95,18.98,Sports,2,Pending,Affiliate,East,P-936,SKU-2879,242.69,4.82,38.83,New,Crypto
ORD-23014,CUST-9206,SESS-28014,CART-25014,2023-10-13,322.18,146.11,22.12,Fashion,1,Returned,Web,North,P-908,SKU-2610,322.18,9.34,25.77,VIP,Crypto
ORD-23015,CUST-9207,SESS-28015,CART-25015,2025-06-05,,55.88,9.67,Electronics,5,Pending,Web,North,P-108,SKU-3289,35.57,7.25,14.23,Returning,Credit Card
ORD-23016,CUST-9207,SESS-28016,CART-25016,2023-05-21,425.95,199.79,43.40,Electronics,3,Cancelled,Affiliate,North,P-729,SKU-687,141.98,18.05,34.08,VIP,Crypto
ORD-23017,CUST-9207,SESS-28017,CART-25017,2025-03-17,195.71,101.93,38.54,Fashion,2,Shipped,Web,East,P-842,SKU-745,97.86,7.86,15.66,Returning,Credit Card
ORD-23018,CUST-9208,SESS-28018,CART-25018,1739191063289,292.48,98.52,20.55,Sports,1,Shipped,Social Media,West,P-313,SKU-2080,292.48,12.59,23.40,New,Crypto
ORD-23019,CUST-9208,SESS-28019,CART-25019,2024-11-18,275.72,135.69,15.22,Beauty,2,Cancelled,Social Media,East,P-35,SKU-1674,137.86,8.56,22.06,VIP,Credit Card
ORD-23020,CUST-9209,SESS-28020,CART-25020,2024-02-01,390.42,146.60,18.56,Fashion,2,Cancelled,Affiliate,South,P-916,SKU-970,195.21,1.90,31.23,New,Debit Card
ORD-23021,CUST-9209,SESS-28021,CART-25021,3/6/2026,166.79,99.53,16.03,Electronics,1,Completed,Mobile App,International,P-777,SKU-2166,166.79,12.12,13.34,Returning,Debit Card
ORD-23022,CUST-9209,SESS-28022,CART-25022,2025-02-21,467.71,213.91,40.56,  beauty  ,2,Shipped,Social Media,West,P-67,SKU-381,233.86,11.99,37.42,Returning,Crypto
ORD-23023,CUST-9210,SESS-28023,CART-25023,2025-09-09,61.74,22.54,27.16,Electronics,4,Returned,Affiliate,East,P-809,SKU-1929,15.44,13.67,4.94,Returning,PayPal
ORD-23024,CUST-9210,SESS-28024,CART-25024,2023-04-20,85.40,49.58,5.05,Electronics,5,Completed,Mobile App,West,P-839,SKU-1583,17.08,4.76,6.83,New,Credit Card
ORD-23025,CUST-9211,SESS-28025,CART-25025,2024-11-10,157.74,53.87,0.37,Home,2,Returned,Web,East,P-93,SKU-3796,78.87,8.72,12.62,VIP,Crypto
ORD-23026,CUST-9211,SESS-28026,CART-25026,2024-01-07,237.37,138.43,29.52,Electronics,4,Completed,Web,West,P-313,SKU-942,59.34,3.56,18.99,VIP,Credit Card
ORD-23027,CUST-9211,SESS-28027,CART-25027,2025-07-17,380.50,217.44,43.69,Sports,5,Pending,Social Media,West,P-636,SKU-237,76.10,4.19,30.44,New,PayPal
ORD-23028,CUST-9212,SESS-28028,CART-25028,2024-01-16,15.23,7.16,22.55,Home,5,Returned,Web,International,P-218,SKU-1287,3.05,10.40,1.22,VIP,Debit Card
ORD-23029,CUST-9212,SESS-28029,CART-25029,2023-03-23,377.63,151.91,44.73,Beauty,2,Shipped,Web,West,P-87,SKU-1191,188.81,12.96,30.21,VIP,Debit Card
ORD-23030,CUST-9213,SESS-28030,CART-25030,2024-01-21,151.50,60.81,0.43,Sports,3,Completed,Web,International,P-304,SKU-1866,50.50,17.91,12.12,New,Crypto
ORD-23031,CUST-9213,SESS-28031,CART-25031,2024-06-28,451.52,166.37,12.35,Sports,1,Completed,Mobile App,North,P-832,SKU-500,451.52,8.94,36.12,Returning,Credit Card
ORD-23032,CUST-9213,SESS-28032,CART-25032,2023-12-17,263.55,81.52,10.02,Sports,5,Cancelled,Mobile App,South,P-214,SKU-792,52.71,11.46,21.08,Returning,Debit Card
ORD-23033,CUST-9214,SESS-28033,CART-25033,2025-05-25,87.13,34.13,24.44,Fashion,4,Returned,Affiliate,East,P-35,SKU-2624,21.78,16.20,6.97,VIP,Crypto
ORD-23034,CUST-9214,SESS-28034,CART-25034,2023-10-20,410.25,220.11,4.90,Electronics,3,Completed,Affiliate,West,P-701,SKU-3661,136.75,3.72,32.82,New,PayPal
ORD-23035,CUST-9215,SESS-28035,CART-25035,2024-03-25,381.21,120.69,23.07,Home,2,Shipped,Social Media,International,P-271,SKU-3861,190.60,18.60,30.50,New,Credit Card
ORD-23036,CUST-9215,SESS-28036,CART-25036,2024-08-09,160.74,78.06,20.89,Electronics,3,Cancelled,Affiliate,North,P-812,SKU-4391,53.58,1.40,12.86,Returning,PayPal
ORD-23037,CUST-9215,SESS-28037,CART-25037,2026-03-07,73.90,26.82,45.20,Fashion,,Returned,Web,North,P-551,SKU-102,18.47,14.19,5.91,VIP,Credit Card
ORD-23038,CUST-9216,SESS-28038,CART-25038,2025-08-17,93.84,50.66,16.48,Beauty,1,Returned,Mobile App,South,P-128,SKU-987,93.84,12.91,7.51,Returning,Debit Card
ORD-23039,CUST-9216,SESS-28039,CART-25039,2025-12-24,NULL,46.13,43.41,Fashion,4,Pending,Web,South,P-660,SKU-3108,20.72,0.42,6.63,Returning,Credit Card
ORD-23040,CUST-9217,SESS-28040,CART-25040,2025-01-17,101.74,50.61,3.45,Fashion,3,Pending,Affiliate,North,P-803,SKU-455,33.91,11.04,8.14,New,Crypto
ORD-23041,CUST-9217,SESS-28041,CART-25041,2025-05-17,  128.15  ,55.64,8.49,,,Returned,Social Media,North,P-934,SKU-3195,25.63,17.62,10.25,Returning,Debit Card
ORD-23042,CUST-9217,SESS-28042,CART-25042,2023-01-06,157.46,61.92,28.20,Sports,3,Returned,Affiliate,North,P-150,SKU-4226,52.49,9.01,12.60,Returning,Credit Card
ORD-23043,CUST-9218,SESS-28043,CART-25043,2023-07-26,474.59,175.21,46.10,Sports,4,Cancelled,Social Media,East,P-987,SKU-4492,118.65,0.83,37.97,New,Crypto
ORD-23044,CUST-9218,SESS-28044,CART-25044,2025-05-29,50.40,21.14,25.51,Electronics,3,Shipped,Social Media,North,P-446,SKU-1624,16.80,11.57,4.03,New,Debit Card
ORD-23045,CUST-9219,SESS-28045,CART-25045,2023-04-04,126.87,38.26,17.03,Electronics,3,Shipped,Affiliate,East,P-354,SKU-3289,42.29,1.23,10.15,VIP,Crypto
ORD-23046,CUST-9219,SESS-28046,CART-25046,2025-09-18,207.38,120.38,34.37,Home,3,Returned,Social Media,East,P-602,SKU-3508,69.13,2.17,16.59,Returning,Crypto
ORD-23047,CUST-9219,SESS-28047,CART-25047,2024-11-26,142.80,67.73,33.55,Fashion,4,Shipped,Affiliate,International,P-8,SKU-832,35.70,1.22,11.42,Returning,Credit Card
ORD-23048,CUST-9220,SESS-28048,CART-25048,2025-11-28,488.88,177.84,0.11,Home,4,Cancelled,Social Media,International,P-753,SKU-3931,122.22,19.48,39.11,Returning,PayPal
ORD-23049,CUST-9220,SESS-28049,CART-25049,2026-02-14,229.56,118.03,44.73,Beauty,3,Cancelled,Mobile App,International,P-730,SKU-3182,76.52,9.08,18.36,New,Credit Card
ORD-23050,CUST-9221,SESS-28050,CART-25050,1724932210083,261.54,107.49,1.97,Electronics,3,Cancelled,Web,South,P-581,SKU-4005,87.18,11.07,20.92,VIP,Debit Card
ORD-23051,CUST-9221,SESS-28051,CART-25051,2023-07-14,404.82,122.73,1.06,Beauty,2,Returned,Mobile App,East,P-867,SKU-900,202.41,8.78,32.39,New,PayPal
ORD-23052,CUST-9221,SESS-28052,CART-25052,2023-12-21,145.78,69.68,35.84,Electronics,3,Cancelled,Mobile App,West,P-412,SKU-2196,48.59,1.53,11.66,VIP,PayPal
ORD-23053,CUST-9222,SESS-28053,CART-25053,2025-11-25,250.37,134.46,48.58,Fashion,5,Completed,Social Media,North,P-534,SKU-4235,50.07,4.71,20.03,New,Crypto
ORD-23054,CUST-9222,SESS-28054,CART-25054,2/2/2025,NULL,28.13,1.71,  beauty  ,4,Shipped,Affiliate,North,P-229,SKU-2623,15.10,10.24,4.83,VIP,Credit Card
ORD-23055,CUST-9223,SESS-28055,CART-25055,2026-03-05,503.49,207.33,33.37,Sports,1,Pending,Affiliate,North,P-582,SKU-1867,503.49,9.67,40.28,New,PayPal
ORD-23056,CUST-9223,SESS-28056,CART-25056,2024-04-27,401.39,121.37,30.88,Beauty,4,Shipped,Web,East,P-563,SKU-1804,100.35,17.69,32.11,VIP,PayPal
ORD-23057,CUST-9223,SESS-28057,CART-25057,2024-03-15,291.26,169.28,20.36,Electronics,,Returned,Mobile App,North,P-567,SKU-1537,97.09,18.97,23.30,New,Credit Card
ORD-23058,CUST-9224,SESS-28058,CART-25058,2023-08-29,14.56,4.68,17.02,Beauty,5,Returned,Affiliate,East,P-775,SKU-922,2.91,6.98,1.16,VIP,Credit Card
ORD-23059,CUST-9224,SESS-28059,CART-25059,2023-04-30,111.44,56.71,22.64,Home,4,Returned,Web,North,P-739,SKU-133,27.86,17.85,8.92,Returning,Credit Card
ORD-23060,CUST-9225,SESS-28060,CART-25060,2025-06-28,109.07,57.62,18.54,Beauty,2,Cancelled,Social Media,West,P-340,SKU-2277,54.54,10.87,8.73,VIP,Credit Card
ORD-23061,CUST-9225,SESS-28061,CART-25061,2023-11-01,303.59,155.19,22.04,Electronics,1,Returned,Affiliate,South,P-974,SKU-2295,303.59,14.22,24.29,New,Crypto
ORD-23062,CUST-9225,SESS-28062,CART-25062,2024-11-12,311.93,158.78,22.82,Fashion,4,Pending,Social Media,East,P-877,SKU-4800,77.98,3.55,24.95,Returning,PayPal
ORD-23063,CUST-9226,SESS-28063,CART-25063,2025-03-19,315.01,129.85,9.43,Beauty,1,Pending,Mobile App,West,P-902,SKU-665,315.01,18.59,25.20,Returning,PayPal
ORD-23064,CUST-9226,SESS-28064,CART-25064,2025-06-27,236.96,105.49,5.00,Beauty,2,Shipped,Affiliate,West,P-615,SKU-3612,118.48,10.00,18.96,New,Crypto
ORD-23065,CUST-9227,SESS-28065,CART-25065,1746189715865,13.61,6.83,5.06,Sports,3,Completed,Social Media,South,P-411,SKU-4662,4.54,10.01,1.09,New,Credit Card
ORD-23066,CUST-9227,SESS-28066,CART-25066,2023-12-27,402.99,167.23,21.88,Beauty,4,Returned,Mobile App,West,P-592,SKU-2368,100.75,3.95,32.24,Returning,Debit Card
ORD-23067,CUST-9227,SESS-28067,CART-25067,2025-03-25,238.85,142.04,47.89,Beauty,4,Completed,Mobile App,International,P-786,SKU-201,59.71,3.56,19.11,VIP,Credit Card
ORD-23068,CUST-9228,SESS-28068,CART-25068,2025-10-06,63.37,35.01,16.78,Sports,2,Cancelled,Mobile App,International,P-875,SKU-1219,31.68,17.56,5.07,VIP,Credit Card
ORD-23069,CUST-9228,SESS-28069,CART-25069,2024-10-14,203.83,61.51,28.76,Electronics,4,Shipped,Web,East,P-456,SKU-4223,50.96,16.44,16.31,Returning,Credit Card
ORD-23070,CUST-9229,SESS-28070,CART-25070,2023-08-17,140.56,67.90,44.04,Beauty,4,Completed,Web,South,P-27,SKU-2288,35.14,19.76,11.24,New,Debit Card
ORD-23071,CUST-9229,SESS-28071,CART-25071,2023-07-23,137.49,77.01,48.33,Electronics,1,Completed,Web,North,P-7,SKU-467,137.49,7.70,11.00,Returning,Credit Card
ORD-23072,CUST-9229,SESS-28072,CART-25072,2026-01-11,330.52,168.11,23.11,Fashion,3,Pending,Social Media,West,P-616,SKU-3142,110.17,4.65,26.44,New,Credit Card
ORD-23073,CUST-9230,SESS-28073,CART-25073,2026-01-10,159.69,52.31,20.27,Electronics,1,Cancelled,Social Media,East,P-63,SKU-346,159.69,5.23,12.78,New,Credit Card
ORD-23074,CUST-9230,SESS-28074,CART-25074,2024-10-18,433.91,235.05,45.56,Electronics,4,Returned,Web,International,P-652,SKU-1805,108.48,12.26,34.71,VIP,PayPal
ORD-23075,CUST-9231,SESS-28075,CART-25075,2026-02-25,337.85,157.63,25.46,Sports,2,Pending,Affiliate,East,P-939,SKU-2928,168.92,13.64,27.03,New,PayPal
ORD-23076,CUST-9231,SESS-28076,CART-25076,2024-09-28,50.69,22.70,22.49,Fashion,5,Cancelled,Mobile App,South,P-906,SKU-1159,10.14,3.87,4.06,Returning,Crypto
ORD-23077,CUST-9231,SESS-28077,CART-25077,2023-07-08,490.92,260.59,20.49,Beauty,4,Cancelled,Mobile App,West,P-751,SKU-1420,122.73,17.90,39.27,VIP,PayPal
ORD-23078,CUST-9232,SESS-28078,CART-25078,2024-02-16,252.13,121.51,31.98,Home,3,Completed,Web,North,P-516,SKU-1487,84.04,11.00,20.17,New,Credit Card
ORD-23079,CUST-9232,SESS-28079,CART-25079,2/19/2026,399.34,133.34,14.96,  home  ,3,Shipped,Affiliate,North,P-536,SKU-4629,133.11,17.27,31.95,VIP,Debit Card
ORD-23080,CUST-9233,SESS-28080,CART-25080,2026-03-05,217.36,72.88,21.25,Home,1,Returned,Mobile App,International,P-429,SKU-2712,217.36,0.42,17.39,Returning,Debit Card
ORD-23081,CUST-9233,SESS-28081,CART-25081,2025-11-18,196.83,63.37,14.24,Sports,2,Cancelled,Mobile App,West,P-507,SKU-4848,98.42,6.55,15.75,VIP,Crypto
ORD-23082,CUST-9233,SESS-28082,CART-25082,2024-08-28,75.08,36.89,41.51,Sports,1,Returned,Social Media,International,P-548,SKU-1187,75.08,13.16,6.01,VIP,Crypto
ORD-23083,CUST-9234,SESS-28083,CART-25083,2023-12-19,450.34,158.68,48.28,Beauty,3,Cancelled,Mobile App,International,P-365,SKU-282,150.11,13.83,36.03,New,Crypto
ORD-23084,CUST-9234,SESS-28084,CART-25084,2024-12-18,319.85,152.79,24.63,Beauty,1,Completed,Affiliate,International,P-223,SKU-4625,319.85,9.54,25.59,VIP,Crypto
ORD-23085,CUST-9235,SESS-28085,CART-25085,2024-07-22,155.69,77.35,33.42,,1,Shipped,Affiliate,South,P-568,SKU-127,155.69,18.82,12.46,New,Crypto
ORD-23086,CUST-9235,SESS-28086,CART-25086,1686984750790,469.62,238.00,31.12,Fashion,4,Shipped,Mobile App,South,P-202,SKU-1081,117.41,14.17,37.57,Returning,Crypto
ORD-23087,CUST-9235,SESS-28087,CART-25087,2023-12-04,34.41,15.99,37.28,Electronics,3,Cancelled,Affiliate,West,P-330,SKU-1000,11.47,8.57,2.75,VIP,Crypto
ORD-23088,CUST-9236,SESS-28088,CART-25088,5/20/2024,167.37,71.27,19.12,Electronics,1,Shipped,Affiliate,North,P-383,SKU-3809,167.37,6.23,13.39,New,Credit Card
ORD-23089,CUST-9236,SESS-28089,CART-25089,2023-06-28,184.95,97.18,28.68,Fashion,1,Returned,Affiliate,South,P-134,SKU-3508,184.95,1.42,14.80,VIP,Debit Card
ORD-23090,CUST-9237,SESS-28090,CART-25090,2/11/2024,46.71,17.21,30.55,Beauty,4,Returned,Social Media,International,P-665,SKU-1274,11.68,4.77,3.74,VIP,Crypto
ORD-23091,CUST-9237,SESS-28091,CART-25091,10/20/2024,468.60,269.84,19.57,Sports,1,Pending,Mobile App,International,P-841,SKU-312,468.60,10.33,37.49,VIP,PayPal
ORD-23092,CUST-9237,SESS-28092,CART-25092,2023-11-21,235.16,74.21,46.54,,2,Completed,Affiliate,International,P-116,SKU-4372,117.58,1.28,18.81,VIP,PayPal
ORD-23093,CUST-9238,SESS-28093,CART-25093,2023-01-04,159.65,68.73,39.92,Fashion,4,Completed,Web,North,P-434,SKU-3331,39.91,17.31,12.77,Returning,PayPal
ORD-23094,CUST-9238,SESS-28094,CART-25094,2025-06-29,132.53,78.19,49.18,Sports,4,Completed,Affiliate,West,P-973,SKU-3443,33.13,17.57,10.60,VIP,Debit Card
ORD-23095,CUST-9239,SESS-28095,CART-25095,2025-08-09,93.26,53.16,21.50,Home,5,Completed,Affiliate,North,P-882,SKU-2025,18.65,17.53,7.46,Returning,Debit Card
ORD-23096,CUST-9239,SESS-28096,CART-25096,2026-01-31,324.37,132.64,6.01,Home,4,Cancelled,Affiliate,West,P-589,SKU-4324,81.09,18.19,25.95,VIP,Crypto
ORD-23097,CUST-9239,SESS-28097,CART-25097,2024-02-14,139.18,49.73,14.52,Beauty,5,Completed,Web,East,P-753,SKU-1616,27.84,13.09,11.13,VIP,PayPal
ORD-23098,CUST-9240,SESS-28098,CART-25098,2024-05-19,235.93,135.50,23.00,Sports,2,Cancelled,Affiliate,South,P-965,SKU-1654,117.96,12.32,18.87,VIP,Credit Card
ORD-23099,CUST-9240,SESS-28099,CART-25099,2023-02-24,233.28,129.40,3.37,Electronics,3,Shipped,Affiliate,North,P-325,SKU-2272,77.76,15.80,18.66,VIP,Crypto
ORD-23100,CUST-9241,SESS-28100,CART-25100,2026-01-22,41.05,13.41,25.97,Beauty,4,Completed,Mobile App,East,P-823,SKU-2810,10.26,9.52,3.28,VIP,PayPal
ORD-23101,CUST-9241,SESS-28101,CART-25101,2026-01-20,484.86,150.96,38.97,Fashion,4,Shipped,Social Media,North,P-211,SKU-7,121.22,8.26,38.79,Returning,Crypto
ORD-23102,CUST-9241,SESS-28102,CART-25102,2023-05-20,402.89,205.03,29.06,Electronics,5,Cancelled,Mobile App,East,P-122,SKU-4153,80.58,12.86,32.23,VIP,PayPal
ORD-23103,CUST-9242,SESS-28103,CART-25103,2025-07-01,335.76,146.14,46.34,Home,2,Returned,Mobile App,International,P-964,SKU-4537,167.88,9.48,26.86,VIP,PayPal
ORD-23104,CUST-9242,SESS-28104,CART-25104,2024-06-12,181.21,69.00,44.77,Sports,2,Returned,Web,East,P-718,SKU-4775,90.61,17.44,14.50,Returning,PayPal
ORD-23105,CUST-9243,SESS-28105,CART-25105,2025-02-25,  277.58  ,162.48,32.14,Fashion,2,Pending,Affiliate,International,P-852,SKU-1749,138.79,4.06,22.21,Returning,Credit Card
ORD-23106,CUST-9243,SESS-28106,CART-25106,2023-07-20,168.51,93.91,43.79,Electronics,2,Pending,Social Media,International,P-196,SKU-3873,84.25,12.09,13.48,Returning,Crypto
ORD-23107,CUST-9243,SESS-28107,CART-25107,2024-03-24,458.46,184.25,3.43,Beauty,1,Pending,Social Media,South,P-214,SKU-2649,458.46,18.76,36.68,New,PayPal
ORD-23108,CUST-9244,SESS-28108,CART-25108,2023-03-15,367.22,178.42,35.63,Fashion,5,Shipped,Social Media,West,P-810,SKU-4571,73.44,0.47,29.38,Returning,Credit Card
ORD-23109,CUST-9244,SESS-28109,CART-25109,2024-06-12,394.54,205.31,15.16,Fashion,1,Returned,Affiliate,West,P-865,SKU-2868,394.54,0.34,31.56,VIP,Crypto
ORD-23110,CUST-9245,SESS-28110,CART-25110,2024-07-21,453.69,140.82,9.80,Electronics,2,Pending,Web,North,P-140,SKU-2692,226.85,0.69,36.30,Returning,Debit Card
ORD-23111,CUST-9245,SESS-28111,CART-25111,2024-06-01,37.32,12.90,11.93,Beauty,5,Completed,Mobile App,West,P-256,SKU-744,7.46,19.27,2.99,New,PayPal
ORD-23112,CUST-9245,SESS-28112,CART-25112,2024-10-24,403.73,216.20,2.61,Fashion,2,Returned,Mobile App,West,P-197,SKU-2627,201.87,8.14,32.30,New,Credit Card
ORD-23113,CUST-9246,SESS-28113,CART-25113,2023-09-05,488.90,163.34,15.40,Home,3,Pending,Mobile App,West,P-651,SKU-66,162.97,3.69,39.11,New,Crypto
ORD-23114,CUST-9246,SESS-28114,CART-25114,5/4/2024,473.60,221.42,33.99,Sports,1,Returned,Mobile App,International,P-503,SKU-4427,473.60,17.91,37.89,VIP,Crypto
ORD-23115,CUST-9247,SESS-28115,CART-25115,2024-12-16,44.26,14.06,40.75,Electronics,5,Pending,Social Media,South,P-203,SKU-2931,8.85,16.38,3.54,Returning,Debit Card
ORD-23116,CUST-9247,SESS-28116,CART-25116,2024-11-15,106.24,49.88,36.81,Beauty,4,Shipped,Web,International,P-759,SKU-3881,26.56,13.57,8.50,VIP,Debit Card
ORD-23117,CUST-9247,SESS-28117,CART-25117,2024-03-12,444.94,258.43,47.58,Sports,5,Completed,Web,North,P-618,SKU-3673,88.99,6.51,35.59,VIP,PayPal
ORD-23118,CUST-9248,SESS-28118,CART-25118,2/5/2023,222.29,97.64,21.69,Beauty,4,Completed,Social Media,International,P-778,SKU-559,55.57,4.28,17.78,VIP,Debit Card
ORD-23119,CUST-9248,SESS-28119,CART-25119,2023-11-20,456.20,228.28,42.79,Home,3,Completed,Web,South,P-443,SKU-3956,152.07,17.63,36.50,New,Credit Card
ORD-23120,CUST-9249,SESS-28120,CART-25120,2023-12-13,67.97,35.18,1.51,Home,1,Completed,Affiliate,East,P-605,SKU-935,67.97,10.75,5.44,Returning,Credit Card
ORD-23121,CUST-9249,SESS-28121,CART-25121,2025-05-14,62.61,26.06,46.84,Fashion,,Completed,Affiliate,North,P-764,SKU-2100,31.30,10.06,5.01,VIP,PayPal
ORD-23122,CUST-9249,SESS-28122,CART-25122,2024-03-17,498.73,222.41,5.35,Home,3,Completed,Web,East,P-127,SKU-660,166.24,16.85,39.90,Returning,Crypto
ORD-23123,CUST-9250,SESS-28123,CART-25123,2024-05-23,103.75,61.43,28.91,Home,5,Returned,Mobile App,North,P-229,SKU-3282,20.75,10.54,8.30,New,Debit Card
ORD-23124,CUST-9250,SESS-28124,CART-25124,1690625143824,390.20,118.61,34.80,Electronics,5,Shipped,Affiliate,West,P-620,SKU-1487,78.04,16.30,31.22,Returning,Debit Card
ORD-23125,CUST-9251,SESS-28125,CART-25125,2025-07-29,317.86,152.70,7.65,Beauty,1,Cancelled,Affiliate,East,P-24,SKU-4378,317.86,9.24,25.43,Returning,PayPal
ORD-23126,CUST-9251,SESS-28126,CART-25126,2024-12-16,425.87,204.50,24.22,,2,Pending,Mobile App,West,P-234,SKU-1244,212.94,12.79,34.07,New,Crypto
ORD-23127,CUST-9251,SESS-28127,CART-25127,2024-08-19,66.25,32.70,7.62,Sports,3,Returned,Social Media,North,P-746,SKU-928,22.08,3.48,5.30,Returning,Credit Card
ORD-23128,CUST-9252,SESS-28128,CART-25128,2025-04-16,463.64,224.67,33.42,Electronics,4,Cancelled,Affiliate,South,P-59,SKU-3486,115.91,1.86,37.09,Returning,Credit Card
ORD-23129,CUST-9252,SESS-28129,CART-25129,2025-07-15,  313.95  ,163.41,41.21,Electronics,5,Shipped,Social Media,North,P-119,SKU-1437,62.79,10.57,25.12,Returning,Credit Card
ORD-23130,CUST-9253,SESS-28130,CART-25130,2025-11-01,188.18,104.52,27.00,Electronics,5,Cancelled,Mobile App,West,P-827,SKU-606,37.64,12.30,15.05,VIP,Crypto
ORD-23131,CUST-9253,SESS-28131,CART-25131,2024-08-02,472.24,267.96,31.70,Beauty,4,Completed,Web,East,P-431,SKU-4093,118.06,12.01,37.78,Returning,Debit Card
ORD-23132,CUST-9253,SESS-28132,CART-25132,2025-05-18,244.75,128.74,2.59,Fashion,3,Completed,Affiliate,North,P-522,SKU-4026,81.58,7.69,19.58,New,Credit Card
ORD-23133,CUST-9254,SESS-28133,CART-25133,2025-07-13,440.58,168.06,10.17,Electronics,3,Cancelled,Mobile App,International,P-640,SKU-2020,146.86,17.95,35.25,Returning,PayPal
ORD-23134,CUST-9254,SESS-28134,CART-25134,2026-01-16,262.42,81.80,12.04,Sports,5,Shipped,Social Media,International,P-960,SKU-4592,52.48,2.10,20.99,Returning,PayPal
ORD-23135,CUST-9255,SESS-28135,CART-25135,1765211259080,17.87,7.10,18.30,Fashion,3,Shipped,Affiliate,North,P-339,SKU-3129,5.96,5.19,1.43,VIP,PayPal
ORD-23136,CUST-9255,SESS-28136,CART-25136,2024-03-26,321.90,174.24,5.14,Beauty,1,Cancelled,Social Media,North,P-172,SKU-1313,321.90,19.43,25.75,New,PayPal
ORD-23137,CUST-9255,SESS-28137,CART-25137,2024-01-05,85.99,39.02,4.81,Beauty,3,Returned,Web,International,P-307,SKU-1132,28.66,1.47,6.88,Returning,Crypto
ORD-23138,CUST-9256,SESS-28138,CART-25138,2023-02-10,316.42,183.68,10.17,Beauty,3,Shipped,Social Media,South,P-777,SKU-2870,105.47,19.72,25.31,VIP,Debit Card
ORD-23139,CUST-9256,SESS-28139,CART-25139,2025-12-09,263.72,91.61,28.48,Fashion,1,Cancelled,Affiliate,South,P-49,SKU-752,263.72,11.30,21.10,Returning,Debit Card
ORD-23140,CUST-9257,SESS-28140,CART-25140,2023-08-07,402.15,153.14,29.02,Electronics,1,Pending,Mobile App,International,P-71,SKU-2642,402.15,15.94,32.17,VIP,Crypto
ORD-23141,CUST-9257,SESS-28141,CART-25141,2024-05-15,61.41,21.94,28.78,Fashion,1,Cancelled,Social Media,West,P-647,SKU-756,61.41,10.31,4.91,New,PayPal
ORD-23142,CUST-9257,SESS-28142,CART-25142,2023-05-15,416.60,139.99,42.66,Sports,1,Cancelled,Affiliate,South,P-210,SKU-2665,416.60,17.25,33.33,VIP,PayPal
ORD-23143,CUST-9258,SESS-28143,CART-25143,2026-03-07,409.78,158.59,2.76,Fashion,3,Returned,Affiliate,West,P-793,SKU-2724,136.59,18.46,32.78,VIP,PayPal
ORD-23144,CUST-9258,SESS-28144,CART-25144,2023-03-13,249.40,76.08,8.11,Fashion,4,Returned,Social Media,North,P-931,SKU-3304,62.35,16.69,19.95,VIP,PayPal
ORD-23145,CUST-9259,SESS-28145,CART-25145,2026-01-02,424.95,171.79,31.55,Beauty,5,Completed,Social Media,International,P-309,SKU-2358,84.99,1.10,34.00,Returning,Crypto
ORD-23146,CUST-9259,SESS-28146,CART-25146,1721759270051,418.39,191.49,18.61,Home,1,Pending,Web,West,P-637,SKU-2247,418.39,12.36,33.47,Returning,PayPal
ORD-23147,CUST-9259,SESS-28147,CART-25147,2024-08-22,105.11,53.81,27.84,Beauty,4,Pending,Affiliate,East,P-30,SKU-4114,26.28,12.70,8.41,Returning,Credit Card
ORD-23148,CUST-9260,SESS-28148,CART-25148,2024-08-06,229.38,119.82,47.01,Sports,4,Shipped,Affiliate,West,P-896,SKU-2093,57.35,5.36,18.35,Returning,Debit Card
ORD-23149,CUST-9260,SESS-28149,CART-25149,2023-04-03,129.06,64.03,11.34,Electronics,5,Cancelled,Mobile App,East,P-697,SKU-1118,25.81,17.65,10.33,Returning,Debit Card
ORD-23150,CUST-9261,SESS-28150,CART-25150,2024-01-31,391.80,198.93,21.41,Home,2,Completed,Social Media,International,P-561,SKU-3136,195.90,13.02,31.34,Returning,Crypto
ORD-23151,CUST-9261,SESS-28151,CART-25151,2025-07-02,493.15,243.34,36.87,Electronics,1,Returned,Affiliate,International,P-788,SKU-2741,493.15,6.31,39.45,New,Credit Card
ORD-23152,CUST-9261,SESS-28152,CART-25152,2024-03-06,34.54,11.48,28.07,Fashion,4,Pending,Affiliate,South,P-364,SKU-3057,8.64,6.79,2.76,VIP,Debit Card
ORD-23153,CUST-9262,SESS-28153,CART-25153,2025-05-31,303.93,167.91,33.20,Electronics,3,Returned,Social Media,International,P-447,SKU-3097,101.31,3.37,24.31,VIP,Debit Card
ORD-23154,CUST-9262,SESS-28154,CART-25154,1754505645045,216.49,119.73,29.03,  home  ,3,Shipped,Mobile App,International,P-135,SKU-4842,72.16,8.17,17.32,New,PayPal
ORD-23155,CUST-9263,SESS-28155,CART-25155,2023-06-02,327.99,154.38,9.65,Electronics,4,Completed,Social Media,International,P-109,SKU-4799,82.00,10.75,26.24,VIP,Debit Card
ORD-23156,CUST-9263,SESS-28156,CART-25156,2024-09-29,41.15,20.76,41.24,Beauty,3,Shipped,Social Media,South,P-837,SKU-2599,13.72,18.12,3.29,VIP,PayPal
ORD-23157,CUST-9263,SESS-28157,CART-25157,2025-03-11,350.84,171.04,18.44,Beauty,3,Shipped,Social Media,South,P-439,SKU-1372,116.95,1.69,28.07,Returning,Credit Card
ORD-23158,CUST-9264,SESS-28158,CART-25158,2024-12-24,471.70,150.34,36.41,Electronics,2,Returned,Web,International,P-660,SKU-2428,235.85,12.51,37.74,Returning,Debit Card
ORD-23159,CUST-9264,SESS-28159,CART-25159,2023-05-13,432.83,183.01,43.26,Home,3,Shipped,Social Media,East,P-352,SKU-633,144.28,0.22,34.63,New,Credit Card
ORD-23160,CUST-9265,SESS-28160,CART-25160,2025-02-18,35.73,12.76,38.95,Home,2,Returned,Web,International,P-648,SKU-1605,17.87,6.78,2.86,VIP,Credit Card
ORD-23161,CUST-9265,SESS-28161,CART-25161,2023-12-17,488.97,147.95,33.04,Fashion,2,Shipped,Affiliate,South,P-172,SKU-4973,244.48,18.82,39.12,VIP,PayPal
ORD-23162,CUST-9265,SESS-28162,CART-25162,2023-12-30,489.26,225.41,12.44,Home,4,Returned,Affiliate,North,P-220,SKU-1960,122.31,15.12,39.14,VIP,Debit Card
ORD-23163,CUST-9266,SESS-28163,CART-25163,2025-05-07,441.37,225.41,25.61,Electronics,5,Cancelled,Web,International,P-658,SKU-4678,88.27,5.87,35.31,VIP,Debit Card
ORD-23164,CUST-9266,SESS-28164,CART-25164,2024-03-11,475.37,198.88,40.92,Sports,2,Returned,Mobile App,West,P-843,SKU-2978,237.68,14.57,38.03,VIP,Credit Card
ORD-23165,CUST-9267,SESS-28165,CART-25165,2024-07-18,58.22,33.36,8.87,Electronics,2,Shipped,Social Media,International,P-55,SKU-4195,29.11,9.72,4.66,New,PayPal
ORD-23166,CUST-9267,SESS-28166,CART-25166,2025-03-23,230.66,127.91,36.18,Sports,1,Shipped,Affiliate,International,P-3,SKU-3812,230.66,3.38,18.45,VIP,Debit Card
ORD-23167,CUST-9267,SESS-28167,CART-25167,2023-07-14,399.99,208.26,35.08,Electronics,2,Pending,Mobile App,East,P-121,SKU-3210,199.99,5.23,32.00,VIP,Credit Card
ORD-23168,CUST-9268,SESS-28168,CART-25168,2025-08-19,129.36,58.00,27.62,Sports,2,Cancelled,Social Media,East,P-698,SKU-2125,64.68,8.83,10.35,VIP,PayPal
ORD-23169,CUST-9268,SESS-28169,CART-25169,2025-01-25,209.82,76.60,34.32,Fashion,4,Shipped,Social Media,North,P-945,SKU-3025,52.45,19.35,16.79,New,Debit Card
ORD-23170,CUST-9269,SESS-28170,CART-25170,2024-07-23,299.49,150.82,40.05,Beauty,1,Returned,Social Media,South,P-693,SKU-3513,299.49,6.99,23.96,VIP,Credit Card
ORD-23171,CUST-9269,SESS-28171,CART-25171,2023-01-11,62.39,26.62,19.02,Electronics,NULL,Shipped,Mobile App,West,P-805,SKU-3153,31.20,7.17,4.99,VIP,Crypto
ORD-23172,CUST-9269,SESS-28172,CART-25172,1763603684196,33.91,15.03,36.63,Sports,5,Returned,Affiliate,North,P-297,SKU-3549,6.78,5.06,2.71,VIP,Credit Card
ORD-23173,CUST-9270,SESS-28173,CART-25173,2023-01-05,505.65,204.09,16.94,  sports  ,5,Cancelled,Social Media,International,P-268,SKU-3317,101.13,3.80,40.45,New,Credit Card
ORD-23174,CUST-9270,SESS-28174,CART-25174,2025-11-13,133.44,79.50,38.63,  beauty  ,4,Cancelled,Affiliate,West,P-704,SKU-4365,33.36,14.58,10.67,New,Credit Card
ORD-23175,CUST-9271,SESS-28175,CART-25175,2024-09-04,303.13,122.42,30.68,Electronics,2,Shipped,Affiliate,International,P-474,SKU-1427,151.56,3.24,24.25,Returning,Debit Card
ORD-23176,CUST-9271,SESS-28176,CART-25176,2024-07-07,362.56,123.13,34.27,Home,1,Cancelled,Web,East,P-851,SKU-2394,362.56,18.00,29.00,VIP,Debit Card
ORD-23177,CUST-9271,SESS-28177,CART-25177,2023-12-13,284.22,88.33,47.40,Home,5,Returned,Social Media,North,P-558,SKU-547,56.84,10.37,22.74,New,PayPal
ORD-23178,CUST-9272,SESS-28178,CART-25178,2023-12-22,302.32,98.30,2.34,Beauty,4,Returned,Web,West,P-136,SKU-3116,75.58,3.70,24.19,VIP,Debit Card
ORD-23179,CUST-9272,SESS-28179,CART-25179,2024-07-25,87.00,32.21,28.85,Electronics,1,Completed,Web,North,P-191,SKU-28,87.00,6.30,6.96,New,Credit Card
ORD-23180,CUST-9273,SESS-28180,CART-25180,2025-07-19,127.35,49.74,37.19,Beauty,1,Cancelled,Web,North,P-481,SKU-4552,127.35,5.74,10.19,VIP,Credit Card
ORD-23181,CUST-9273,SESS-28181,CART-25181,2023-06-24,52.13,23.39,40.79,Sports,1,Shipped,Social Media,North,P-492,SKU-3107,52.13,6.43,4.17,VIP,PayPal
ORD-23182,CUST-9273,SESS-28182,CART-25182,2025-10-12,453.86,192.53,33.70,Electronics,5,Shipped,Mobile App,East,P-417,SKU-3419,90.77,14.46,36.31,New,Credit Card
ORD-23183,CUST-9274,SESS-28183,CART-25183,2023-09-05,250.65,76.15,44.23,Home,3,Shipped,Web,North,P-825,SKU-2611,83.55,9.74,20.05,Returning,Credit Card
ORD-23184,CUST-9274,SESS-28184,CART-25184,2023-03-02,224.40,78.01,3.43,Home,4,Cancelled,Web,South,P-358,SKU-2436,56.10,0.48,17.95,New,Debit Card
ORD-23185,CUST-9275,SESS-28185,CART-25185,2023-03-02,306.56,170.56,19.18,Beauty,5,Completed,Affiliate,South,P-25,SKU-2361,61.31,17.08,24.52,New,Crypto
ORD-23186,CUST-9275,SESS-28186,CART-25186,2023-09-24,329.81,197.45,13.94,Electronics,4,Completed,Mobile App,East,P-673,SKU-1320,82.45,8.75,26.39,New,Debit Card
ORD-23187,CUST-9275,SESS-28187,CART-25187,2023-11-12,217.90,117.97,40.69,Home,4,Completed,Affiliate,International,P-136,SKU-4444,54.48,15.61,17.43,Returning,Credit Card
ORD-23188,CUST-9276,SESS-28188,CART-25188,2025-06-16,82.05,38.43,45.89,Fashion,4,Cancelled,Social Media,North,P-151,SKU-1014,20.51,9.01,6.56,VIP,Crypto
ORD-23189,CUST-9276,SESS-28189,CART-25189,2024-07-31,123.33,67.72,36.78,Sports,4,Returned,Web,South,P-788,SKU-96,30.83,10.13,9.87,VIP,Crypto
ORD-23190,CUST-9277,SESS-28190,CART-25190,2025-03-14,423.60,243.49,5.10,Electronics,3,Completed,Social Media,West,P-619,SKU-4434,141.20,7.37,33.89,Returning,Credit Card
ORD-23191,CUST-9277,SESS-28191,CART-25191,2023-09-14,298.45,95.26,49.75,Electronics,1,Returned,Social Media,East,P-110,SKU-1694,298.45,18.25,23.88,VIP,Credit Card
ORD-23192,CUST-9277,SESS-28192,CART-25192,2023-08-07,199.64,84.77,39.24,Beauty,5,Cancelled,Social Media,West,P-851,SKU-699,39.93,19.00,15.97,New,Credit Card
ORD-23193,CUST-9278,SESS-28193,CART-25193,2025-03-24,175.90,67.76,27.74,Electronics,4,Shipped,Mobile App,International,P-774,SKU-1483,43.98,1.61,14.07,Returning,PayPal
ORD-23194,CUST-9278,SESS-28194,CART-25194,2024-01-27,137.04,48.95,20.31,Fashion,5,Pending,Mobile App,South,P-340,SKU-1363,27.41,18.45,10.96,VIP,Crypto
ORD-23195,CUST-9279,SESS-28195,CART-25195,2024-05-05,83.60,31.65,17.11,Electronics,4,Completed,Social Media,North,P-517,SKU-3998,20.90,7.80,6.69,New,PayPal
ORD-23196,CUST-9279,SESS-28196,CART-25196,2025-08-22,302.65,171.08,25.83,Home,4,Shipped,Social Media,International,P-476,SKU-4734,75.66,13.58,24.21,New,Crypto
ORD-23197,CUST-9279,SESS-28197,CART-25197,2023-10-27,45.41,16.31,15.11,Beauty,4,Cancelled,Affiliate,North,P-314,SKU-2706,11.35,11.28,3.63,Returning,Debit Card
ORD-23198,CUST-9280,SESS-28198,CART-25198,2023-07-19,319.31,162.93,27.93,Beauty,4,Returned,Social Media,International,P-696,SKU-577,79.83,14.25,25.55,New,Credit Card
ORD-23199,CUST-9280,SESS-28199,CART-25199,2025-10-15,267.31,114.73,6.91,Sports,3,Cancelled,Affiliate,North,P-838,SKU-4289,89.10,5.06,21.39,New,PayPal
ORD-23200,CUST-9281,SESS-28200,CART-25200,2024-09-29,259.87,138.03,36.43,Electronics,4,Completed,Social Media,West,P-759,SKU-88,64.97,0.90,20.79,VIP,Credit Card
ORD-23201,CUST-9281,SESS-28201,CART-25201,2025-08-27,124.85,53.93,6.74,Home,3,Pending,Web,South,P-654,SKU-4827,41.62,12.26,9.99,VIP,Crypto
ORD-23202,CUST-9281,SESS-28202,CART-25202,2025-12-25,465.38,153.59,29.94,Sports,2,Completed,Affiliate,West,P-256,SKU-1804,232.69,19.16,37.23,New,Credit Card
ORD-23203,CUST-9282,SESS-28203,CART-25203,2024-11-03,209.59,119.18,5.45,Sports,5,Returned,Affiliate,South,P-858,SKU-2066,41.92,5.72,16.77,Returning,PayPal
ORD-23204,CUST-9282,SESS-28204,CART-25204,2023-01-17,215.79,88.01,19.51,Fashion,2,Cancelled,Affiliate,West,P-894,SKU-3160,107.90,0.15,17.26,New,Crypto
ORD-23205,CUST-9283,SESS-28205,CART-25205,2025-07-02,69.61,41.25,1.95,Electronics,5,Returned,Affiliate,West,P-948,SKU-940,13.92,12.78,5.57,VIP,Debit Card
ORD-23206,CUST-9283,SESS-28206,CART-25206,2023-09-26,305.04,129.19,34.29,Home,1,Returned,Web,East,P-250,SKU-972,305.04,6.67,24.40,VIP,Debit Card
ORD-23207,CUST-9283,SESS-28207,CART-25207,2025-03-05,360.08,180.87,39.82,Fashion,1,Returned,Mobile App,West,P-528,SKU-4344,360.08,17.87,28.81,Returning,Credit Card
ORD-23208,CUST-9284,SESS-28208,CART-25208,2025-12-23,509.92,295.31,36.70,Beauty,4,Completed,Web,South,P-952,SKU-4633,127.48,9.81,40.79,New,Debit Card
ORD-23209,CUST-9284,SESS-28209,CART-25209,2024-10-27,489.65,220.63,10.15,Home,5,Shipped,Mobile App,North,P-512,SKU-4834,97.93,18.62,39.17,New,PayPal
ORD-23210,CUST-9285,SESS-28210,CART-25210,2023-12-13,299.57,135.14,49.96,Electronics,4,Completed,Affiliate,West,P-939,SKU-1777,74.89,17.59,23.97,Returning,Debit Card
ORD-23211,CUST-9285,SESS-28211,CART-25211,2024-11-12,304.26,104.37,6.30,Beauty,4,Pending,Mobile App,East,P-275,SKU-447,76.06,3.18,24.34,New,Crypto
ORD-23212,CUST-9285,SESS-28212,CART-25212,2025-04-25,448.50,191.59,23.09,Beauty,3,Cancelled,Web,South,P-814,SKU-3143,149.50,8.53,35.88,New,Debit Card
ORD-23213,CUST-9286,SESS-28213,CART-25213,2024-04-12,247.32,94.13,42.21,Home,3,Completed,Mobile App,East,P-980,SKU-222,82.44,1.37,19.79,VIP,Credit Card
ORD-23214,CUST-9286,SESS-28214,CART-25214,2025-04-03,283.36,154.24,21.07,Electronics,2,Completed,Affiliate,North,P-19,SKU-4666,141.68,17.08,22.67,VIP,PayPal
ORD-23215,CUST-9287,SESS-28215,CART-25215,2025-06-03,86.84,37.92,2.61,Sports,1,Shipped,Social Media,South,P-241,SKU-3332,86.84,14.37,6.95,Returning,Credit Card
ORD-23216,CUST-9287,SESS-28216,CART-25216,2024-03-18,493.81,186.12,25.93,Beauty,5,Completed,Mobile App,South,P-901,SKU-3132,98.76,3.55,39.50,Returning,Debit Card
ORD-23217,CUST-9287,SESS-28217,CART-25217,2025-02-13,185.35,81.86,6.25,Home,3,Returned,Web,West,P-304,SKU-1829,61.78,1.54,14.83,New,PayPal
ORD-23218,CUST-9288,SESS-28218,CART-25218,2026-01-08,126.95,58.45,32.22,Home,2,Pending,Social Media,North,P-872,SKU-3984,63.47,5.52,10.16,New,Crypto
ORD-23219,CUST-9288,SESS-28219,CART-25219,2024-11-28,269.94,106.53,13.86,Sports,1,Pending,Web,North,P-596,SKU-4438,269.94,13.99,21.60,Returning,Crypto
ORD-23220,CUST-9289,SESS-28220,CART-25220,2024-03-11,  57.08  ,26.91,47.68,Sports,4,Pending,Social Media,West,P-522,SKU-3248,14.27,17.25,4.57,New,Credit Card
ORD-23221,CUST-9289,SESS-28221,CART-25221,2023-03-15,493.29,175.14,41.98,Sports,4,Cancelled,Mobile App,West,P-181,SKU-3016,123.32,0.07,39.46,Returning,PayPal
ORD-23222,CUST-9289,SESS-28222,CART-25222,2025-05-01,503.81,246.19,3.79,Beauty,2,Returned,Social Media,North,P-804,SKU-2556,251.91,16.16,40.31,VIP,Credit Card
ORD-23223,CUST-9290,SESS-28223,CART-25223,2023-09-19,42.86,16.21,45.13,Fashion,4,Returned,Affiliate,International,P-292,SKU-407,10.72,18.86,3.43,Returning,Credit Card
ORD-23224,CUST-9290,SESS-28224,CART-25224,2023-06-18,509.06,295.84,30.15,Beauty,4,Shipped,Affiliate,International,P-696,SKU-391,127.26,9.97,40.72,New,Crypto
ORD-23225,CUST-9291,SESS-28225,CART-25225,6/10/2025,82.87,29.82,1.98,Home,1,Completed,Web,North,P-887,SKU-669,82.87,12.60,6.63,VIP,Debit Card
ORD-23226,CUST-9291,SESS-28226,CART-25226,2025-01-10,76.25,29.44,43.68,Sports,2,Returned,Affiliate,East,P-128,SKU-570,38.13,1.57,6.10,New,Credit Card
ORD-23227,CUST-9291,SESS-28227,CART-25227,2024-02-26,500.80,214.11,2.64,Electronics,2,Shipped,Affiliate,South,P-984,SKU-3050,250.40,0.22,40.06,VIP,Credit Card
ORD-23228,CUST-9292,SESS-28228,CART-25228,2023-05-31,176.54,54.14,5.33,Home,4,Completed,Mobile App,North,P-301,SKU-574,44.13,15.07,14.12,New,PayPal
ORD-23229,CUST-9292,SESS-28229,CART-25229,2025-06-20,242.91,89.98,12.28,Beauty,4,Shipped,Social Media,International,P-372,SKU-3202,60.73,4.36,19.43,VIP,Debit Card
ORD-23230,CUST-9293,SESS-28230,CART-25230,1/24/2026,405.76,202.46,49.53,Home,3,Completed,Affiliate,North,P-409,SKU-2651,135.25,18.95,32.46,Returning,Crypto
ORD-23231,CUST-9293,SESS-28231,CART-25231,2024-10-06,252.89,95.73,2.48,Beauty,5,Cancelled,Social Media,West,P-255,SKU-4300,50.58,13.70,20.23,New,Credit Card
ORD-23232,CUST-9293,SESS-28232,CART-25232,2023-04-09,139.91,77.53,8.65,Electronics,2,Pending,Web,West,P-847,SKU-3086,69.95,16.08,11.19,Returning,Crypto
ORD-23233,CUST-9294,SESS-28233,CART-25233,2025-10-05,394.16,209.57,18.55,Home,,Pending,Affiliate,East,P-399,SKU-1327,197.08,9.50,31.53,VIP,Crypto
ORD-23234,CUST-9294,SESS-28234,CART-25234,2023-06-23,489.42,215.32,35.44,Sports,5,Completed,Affiliate,South,P-435,SKU-1695,97.88,2.45,39.15,VIP,Credit Card
ORD-23235,CUST-9295,SESS-28235,CART-25235,2023-11-30,408.71,140.73,18.24,Home,5,Completed,Mobile App,East,P-135,SKU-519,81.74,4.03,32.70,VIP,Crypto
ORD-23236,CUST-9295,SESS-28236,CART-25236,2025-06-27,26.83,13.58,36.26,Home,5,Pending,Web,North,P-771,SKU-797,5.37,13.29,2.15,VIP,PayPal
ORD-23237,CUST-9295,SESS-28237,CART-25237,1715496651446,128.36,49.75,45.71,Fashion,2,Completed,Web,International,P-818,SKU-3312,64.18,9.60,10.27,New,Crypto
ORD-23238,CUST-9296,SESS-28238,CART-25238,2025-05-18,151.48,52.49,41.24,Home,2,Returned,Affiliate,East,P-491,SKU-1743,75.74,10.55,12.12,VIP,PayPal
ORD-23239,CUST-9296,SESS-28239,CART-25239,2025-05-19,489.83,230.78,45.27,Electronics,2,Returned,Web,West,P-46,SKU-1908,244.92,3.42,39.19,New,Credit Card
ORD-23240,CUST-9297,SESS-28240,CART-25240,2024-09-08,85.95,48.98,22.05,Electronics,1,Completed,Web,North,P-407,SKU-4076,85.95,14.91,6.88,VIP,Debit Card
ORD-23241,CUST-9297,SESS-28241,CART-25241,2025-08-07,179.12,73.96,43.05,Beauty,1,Shipped,Affiliate,South,P-827,SKU-818,179.12,19.52,14.33,New,Credit Card
ORD-23242,CUST-9297,SESS-28242,CART-25242,2024-06-19,340.21,154.03,27.09,Sports,5,Pending,Mobile App,East,P-469,SKU-897,68.04,2.97,27.22,New,Credit Card
ORD-23243,CUST-9298,SESS-28243,CART-25243,2023-12-12,497.79,210.40,44.79,Home,4,Returned,Social Media,North,P-811,SKU-3289,124.45,0.39,39.82,New,PayPal
ORD-23244,CUST-9298,SESS-28244,CART-25244,2024-08-09,186.33,93.82,35.89,Electronics,3,Shipped,Mobile App,West,P-337,SKU-3982,62.11,4.05,14.91,VIP,PayPal
ORD-23245,CUST-9299,SESS-28245,CART-25245,2023-10-06,505.61,294.09,38.66,Electronics,1,Completed,Web,East,P-836,SKU-2177,505.61,3.73,40.45,Returning,Credit Card
ORD-23246,CUST-9299,SESS-28246,CART-25246,2024-07-10,95.45,54.32,16.96,Home,1,Returned,Web,North,P-887,SKU-3267,95.45,17.47,7.64,New,Credit Card
ORD-23247,CUST-9299,SESS-28247,CART-25247,2023-10-21,  62.80  ,23.42,33.50,Electronics,1,Returned,Social Media,West,P-156,SKU-1994,62.80,4.61,5.02,Returning,Credit Card
ORD-23248,CUST-9300,SESS-28248,CART-25248,2024-09-26,270.06,91.17,42.63,Beauty,2,Returned,Mobile App,South,P-161,SKU-1012,135.03,13.82,21.60,New,Credit Card
ORD-23249,CUST-9300,SESS-28249,CART-25249,2025-08-27,124.74,45.24,38.78,Beauty,1,Completed,Web,East,P-138,SKU-3687,124.74,1.40,9.98,Returning,PayPal
ORD-23250,CUST-9301,SESS-28250,CART-25250,2024-09-30,258.86,137.15,20.76,Sports,4,Pending,Affiliate,South,P-828,SKU-2271,64.71,12.82,20.71,VIP,Crypto
ORD-23251,CUST-9301,SESS-28251,CART-25251,2023-11-26,427.51,179.94,30.27,Home,4,Cancelled,Affiliate,International,P-681,SKU-3899,106.88,19.93,34.20,New,PayPal
ORD-23252,CUST-9301,SESS-28252,CART-25252,2023-02-11,232.18,126.90,26.54,Fashion,4,Completed,Social Media,International,P-868,SKU-4399,58.04,5.49,18.57,VIP,Debit Card
ORD-23253,CUST-9302,SESS-28253,CART-25253,2026-01-25,158.58,74.74,1.15,Beauty,1,Completed,Affiliate,East,P-124,SKU-4974,158.58,0.38,12.69,Returning,Credit Card
ORD-23254,CUST-9302,SESS-28254,CART-25254,2023-07-12,366.36,139.67,40.79,Fashion,5,Returned,Affiliate,North,P-113,SKU-3810,73.27,19.13,29.31,New,Crypto
ORD-23255,CUST-9303,SESS-28255,CART-25255,2023-05-20,39.69,21.81,42.33,Beauty,2,Returned,Web,West,P-95,SKU-1541,19.85,15.93,3.18,New,Debit Card
ORD-23256,CUST-9303,SESS-28256,CART-25256,2025-11-05,192.69,80.30,2.62,Home,,Returned,Social Media,North,P-659,SKU-4551,38.54,16.74,15.41,VIP,Debit Card
ORD-23257,CUST-9303,SESS-28257,CART-25257,2024-09-07,28.08,16.06,44.05,Sports,1,Pending,Mobile App,West,P-693,SKU-4316,28.08,2.24,2.25,Returning,PayPal
ORD-23258,CUST-9304,SESS-28258,CART-25258,2025-02-07,187.41,73.53,20.32,Beauty,1,Completed,Mobile App,East,P-467,SKU-570,187.41,16.34,14.99,Returning,PayPal
ORD-23259,CUST-9304,SESS-28259,CART-25259,2023-05-05,279.29,137.13,10.44,Electronics,2,Completed,Social Media,East,P-5,SKU-3946,139.64,16.58,22.34,Returning,Debit Card
ORD-23260,CUST-9305,SESS-28260,CART-25260,2026-02-14,320.10,180.95,45.28,Electronics,1,Completed,Affiliate,International,P-580,SKU-3622,320.10,18.04,25.61,Returning,Crypto
ORD-23261,CUST-9305,SESS-28261,CART-25261,2026-03-07,70.40,27.85,49.13,Beauty,2,Returned,Affiliate,South,P-376,SKU-1078,35.20,1.67,5.63,New,PayPal
ORD-23262,CUST-9305,SESS-28262,CART-25262,2023-01-07,124.89,47.52,43.61,Fashion,4,Pending,Affiliate,East,P-860,SKU-831,31.22,14.20,9.99,VIP,PayPal
ORD-23263,CUST-9306,SESS-28263,CART-25263,2026-01-21,336.21,159.66,24.21,Home,2,Shipped,Mobile App,West,P-612,SKU-616,168.11,0.10,26.90,New,Credit Card
ORD-23264,CUST-9306,SESS-28264,CART-25264,2024-11-14,119.98,61.15,36.63,Fashion,1,Returned,Affiliate,North,P-239,SKU-510,119.98,1.73,9.60,VIP,Crypto
ORD-23265,CUST-9307,SESS-28265,CART-25265,2024-01-18,  33.82  ,16.60,31.23,Beauty,5,Shipped,Social Media,West,P-458,SKU-3616,6.76,3.25,2.71,Returning,Credit Card
ORD-23266,CUST-9307,SESS-28266,CART-25266,6/12/2025,157.42,75.08,40.67,Beauty,4,Cancelled,Affiliate,North,P-904,SKU-2866,39.36,7.88,12.59,Returning,PayPal
ORD-23267,CUST-9307,SESS-28267,CART-25267,2025-08-29,459.98,158.32,39.02,Electronics,2,Shipped,Mobile App,East,P-527,SKU-654,229.99,10.43,36.80,VIP,Crypto
ORD-23268,CUST-9308,SESS-28268,CART-25268,2024-07-21,441.92,173.59,27.42,Fashion,2,Shipped,Web,West,P-121,SKU-476,220.96,17.82,35.35,VIP,Debit Card
ORD-23269,CUST-9308,SESS-28269,CART-25269,2025-03-30,366.78,153.42,31.96,Fashion,4,Completed,Social Media,East,P-564,SKU-1368,91.70,15.66,29.34,New,Debit Card
ORD-23270,CUST-9309,SESS-28270,CART-25270,2024-07-01,448.64,180.74,44.69,Electronics,5,Completed,Mobile App,East,P-385,SKU-2740,89.73,16.09,35.89,VIP,Debit Card
ORD-23271,CUST-9309,SESS-28271,CART-25271,2024-01-11,97.67,30.48,40.43,Home,3,Shipped,Affiliate,International,P-249,SKU-1198,32.56,17.81,7.81,VIP,PayPal
ORD-23272,CUST-9309,SESS-28272,CART-25272,2025-04-21,20.21,9.37,8.94,Electronics,3,Cancelled,Affiliate,International,P-726,SKU-326,6.74,0.08,1.62,Returning,Credit Card
ORD-23273,CUST-9310,SESS-28273,CART-25273,2025-10-23,483.58,211.88,11.21,Home,3,Pending,Affiliate,North,P-104,SKU-303,161.19,5.61,38.69,Returning,Debit Card
ORD-23274,CUST-9310,SESS-28274,CART-25274,2024-09-21,233.74,124.53,45.18,Beauty,5,Pending,Web,North,P-40,SKU-4876,46.75,9.43,18.70,New,Crypto
ORD-23275,CUST-9311,SESS-28275,CART-25275,2024-11-20,464.09,158.08,22.51,Electronics,5,Returned,Web,South,P-870,SKU-3606,92.82,19.97,37.13,VIP,PayPal
ORD-23276,CUST-9311,SESS-28276,CART-25276,1728201699238,95.96,35.82,34.82,Sports,3,Completed,Affiliate,North,P-322,SKU-527,31.99,2.77,7.68,Returning,Debit Card
ORD-23277,CUST-9311,SESS-28277,CART-25277,2023-05-27,195.54,82.81,49.01,Electronics,3,Returned,Affiliate,West,P-525,SKU-4368,65.18,6.95,15.64,Returning,Debit Card
ORD-23278,CUST-9312,SESS-28278,CART-25278,2023-11-08,170.46,63.60,39.40,Electronics,2,Pending,Affiliate,West,P-651,SKU-4139,85.23,3.01,13.64,VIP,Debit Card
ORD-23279,CUST-9312,SESS-28279,CART-25279,1740320050729,143.01,79.47,25.89,Fashion,4,Pending,Web,South,P-578,SKU-2031,35.75,0.49,11.44,Returning,Credit Card
ORD-23280,CUST-9313,SESS-28280,CART-25280,2026-03-04,305.40,121.75,34.63,  electronics  ,3,Shipped,Mobile App,North,P-724,SKU-4526,101.80,15.64,24.43,Returning,Crypto
ORD-23281,CUST-9313,SESS-28281,CART-25281,2025-08-03,471.52,177.58,15.51,Electronics,3,Pending,Affiliate,North,P-915,SKU-2583,157.17,14.09,37.72,New,Crypto
ORD-23282,CUST-9313,SESS-28282,CART-25282,1697589198222,291.38,136.47,35.04,Sports,3,Shipped,Social Media,International,P-285,SKU-1642,97.13,19.19,23.31,VIP,PayPal
ORD-23283,CUST-9314,SESS-28283,CART-25283,2023-11-14,133.99,49.45,7.43,Beauty,2,Cancelled,Affiliate,West,P-374,SKU-4229,66.99,10.27,10.72,VIP,Debit Card
ORD-23284,CUST-9314,SESS-28284,CART-25284,2023-05-01,,123.75,14.09,Home,1,Cancelled,Web,South,P-175,SKU-842,321.33,17.74,25.71,New,PayPal
ORD-23285,CUST-9315,SESS-28285,CART-25285,2025-08-03,50.92,19.97,36.49,Home,1,Pending,Mobile App,South,P-322,SKU-2950,50.92,18.93,4.07,Returning,Debit Card
ORD-23286,CUST-9315,SESS-28286,CART-25286,2023-12-21,370.23,215.78,47.52,NULL,1,Cancelled,Social Media,West,P-214,SKU-2640,370.23,19.69,29.62,Returning,Credit Card
ORD-23287,CUST-9315,SESS-28287,CART-25287,11/21/2023,211.90,81.69,30.53,Fashion,2,Returned,Mobile App,West,P-977,SKU-4505,105.95,17.76,16.95,New,PayPal
ORD-23288,CUST-9316,SESS-28288,CART-25288,2024-02-11,267.06,114.30,18.95,Electronics,1,Completed,Affiliate,South,P-231,SKU-4334,267.06,7.16,21.37,New,PayPal
ORD-23289,CUST-9316,SESS-28289,CART-25289,2024-03-17,175.69,99.19,21.08,Beauty,4,Cancelled,Mobile App,International,P-408,SKU-4705,43.92,16.48,14.05,Returning,PayPal
ORD-23290,CUST-9317,SESS-28290,CART-25290,2025-06-12,276.79,104.14,49.39,Home,3,Returned,Affiliate,South,P-793,SKU-167,92.26,10.23,22.14,VIP,Debit Card
ORD-23291,CUST-9317,SESS-28291,CART-25291,2023-02-16,117.84,45.98,27.92,Home,4,Pending,Web,South,P-636,SKU-3164,29.46,10.48,9.43,VIP,Credit Card
ORD-23292,CUST-9317,SESS-28292,CART-25292,2023-09-15,216.82,115.63,45.50,Fashion,1,Pending,Social Media,West,P-108,SKU-3889,216.82,15.62,17.35,New,Debit Card
ORD-23293,CUST-9318,SESS-28293,CART-25293,2025-12-31,234.94,81.95,18.77,Sports,1,Shipped,Mobile App,West,P-69,SKU-3924,234.94,12.62,18.80,VIP,PayPal
ORD-23294,CUST-9318,SESS-28294,CART-25294,2025-10-11,124.64,54.64,26.57,Home,4,Completed,Social Media,International,P-600,SKU-636,31.16,5.41,9.97,VIP,PayPal
ORD-23295,CUST-9319,SESS-28295,CART-25295,2024-04-29,218.29,83.75,24.07,Fashion,3,Cancelled,Affiliate,South,P-528,SKU-4062,72.76,15.91,17.46,New,Crypto
ORD-23296,CUST-9319,SESS-28296,CART-25296,2025-12-30,448.29,208.46,20.34,Sports,4,Completed,Mobile App,North,P-985,SKU-3093,112.07,18.39,35.86,Returning,Crypto
ORD-23297,CUST-9319,SESS-28297,CART-25297,2024-07-22,123.37,71.30,17.74,Sports,2,Returned,Mobile App,North,P-673,SKU-4526,61.69,16.33,9.87,New,Crypto
ORD-23298,CUST-9320,SESS-28298,CART-25298,2025-07-25,125.68,60.72,47.38,Sports,4,Pending,Affiliate,International,P-222,SKU-4434,31.42,9.79,10.05,Returning,PayPal
ORD-23299,CUST-9320,SESS-28299,CART-25299,2024-03-19,72.91,36.85,11.04,Home,4,Returned,Mobile App,South,P-665,SKU-3942,18.23,17.79,5.83,New,PayPal
ORD-23300,CUST-9321,SESS-28300,CART-25300,2023-07-07,432.76,144.37,22.14,Beauty,1,Completed,Social Media,West,P-697,SKU-1449,432.76,0.78,34.62,Returning,Credit Card
ORD-23301,CUST-9321,SESS-28301,CART-25301,2026-02-03,508.63,205.46,16.54,Home,5,Shipped,Mobile App,North,P-992,SKU-2362,101.73,0.93,40.69,New,Credit Card
ORD-23302,CUST-9321,SESS-28302,CART-25302,1752165318368,278.26,136.65,25.08,Home,3,Shipped,Affiliate,West,P-334,SKU-272,92.75,11.11,22.26,VIP,PayPal
ORD-23303,CUST-9322,SESS-28303,CART-25303,2025-06-21,141.26,68.86,44.73,Sports,5,Completed,Affiliate,West,P-313,SKU-913,28.25,8.07,11.30,Returning,Credit Card
ORD-23304,CUST-9322,SESS-28304,CART-25304,2023-01-08,405.98,183.59,25.82,Fashion,2,Returned,Social Media,West,P-627,SKU-2236,202.99,10.37,32.48,Returning,Credit Card
ORD-23305,CUST-9323,SESS-28305,CART-25305,2025-08-27,120.40,62.40,12.07,Sports,5,Pending,Social Media,International,P-536,SKU-4120,24.08,2.43,9.63,New,PayPal
ORD-23306,CUST-9323,SESS-28306,CART-25306,2024-10-30,330.32,184.00,14.03,Beauty,,Completed,Web,International,P-284,SKU-2077,66.06,13.81,26.43,VIP,Debit Card
ORD-23307,CUST-9323,SESS-28307,CART-25307,2023-04-25,57.76,25.54,19.79,Fashion,,Returned,Affiliate,South,P-303,SKU-4920,28.88,4.69,4.62,VIP,Credit Card
ORD-23308,CUST-9324,SESS-28308,CART-25308,2023-07-18,351.40,142.55,38.46,Electronics,3,Completed,Web,International,P-789,SKU-1715,117.13,11.17,28.11,Returning,Credit Card
ORD-23309,CUST-9324,SESS-28309,CART-25309,2023-07-11,324.41,149.54,23.43,Electronics,2,Pending,Social Media,North,P-287,SKU-3436,162.20,18.92,25.95,Returning,Crypto
ORD-23310,CUST-9325,SESS-28310,CART-25310,2025-02-01,401.45,209.60,49.53,Sports,3,Pending,Social Media,East,P-864,SKU-4870,133.82,3.10,32.12,VIP,PayPal
ORD-23311,CUST-9325,SESS-28311,CART-25311,2024-03-30,141.74,84.85,28.89,Fashion,2,Shipped,Affiliate,West,P-114,SKU-4639,70.87,15.55,11.34,New,Crypto
ORD-23312,CUST-9325,SESS-28312,CART-25312,2023-11-17,435.17,187.36,43.72,Home,2,Shipped,Web,South,P-528,SKU-664,217.58,17.77,34.81,Returning,Credit Card
ORD-23313,CUST-9326,SESS-28313,CART-25313,2025-09-25,392.03,190.23,21.65,Home,5,Completed,Social Media,East,P-16,SKU-1250,78.41,15.14,31.36,VIP,Debit Card
ORD-23314,CUST-9326,SESS-28314,CART-25314,2023-09-06,281.71,137.51,22.85,Fashion,2,Cancelled,Web,West,P-33,SKU-1124,140.85,13.26,22.54,VIP,Credit Card
ORD-23315,CUST-9327,SESS-28315,CART-25315,2025-04-08,130.54,39.90,39.97,Fashion,3,Cancelled,Web,West,P-108,SKU-4494,43.51,0.48,10.44,Returning,Credit Card
ORD-23316,CUST-9327,SESS-28316,CART-25316,2023-10-22,400.83,137.20,20.95,Fashion,3,Completed,Mobile App,International,P-973,SKU-3437,133.61,19.21,32.07,VIP,Debit Card
ORD-23317,CUST-9327,SESS-28317,CART-25317,2025-05-04,257.75,87.31,3.06,Fashion,2,Shipped,Affiliate,East,P-818,SKU-4997,128.87,7.17,20.62,VIP,Credit Card
ORD-23318,CUST-9328,SESS-28318,CART-25318,2023-03-26,236.56,98.15,8.47,Beauty,4,Pending,Mobile App,East,P-913,SKU-1110,59.14,6.84,18.92,Returning,Credit Card
ORD-23319,CUST-9328,SESS-28319,CART-25319,1/24/2023,369.67,174.75,12.38,NULL,5,Returned,Web,East,P-705,SKU-575,73.93,1.59,29.57,New,PayPal
ORD-23320,CUST-9329,SESS-28320,CART-25320,2024-05-05,19.36,11.08,38.37,Home,4,Cancelled,Social Media,North,P-307,SKU-1109,4.84,12.78,1.55,VIP,Credit Card
ORD-23321,CUST-9329,SESS-28321,CART-25321,2025-05-05,386.84,157.85,44.92,Sports,5,Pending,Web,West,P-506,SKU-4145,77.37,19.19,30.95,Returning,PayPal
ORD-23322,CUST-9329,SESS-28322,CART-25322,2024-06-01,194.85,104.85,17.24,Beauty,3,Completed,Mobile App,West,P-814,SKU-1698,64.95,5.63,15.59,New,Crypto
ORD-23323,CUST-9330,SESS-28323,CART-25323,7/5/2024,45.90,27.21,40.50,Home,3,Completed,Affiliate,International,P-910,SKU-3863,15.30,12.88,3.67,VIP,Crypto
ORD-23324,CUST-9330,SESS-28324,CART-25324,2024-05-10,  311.87  ,133.68,29.76,Fashion,1,Shipped,Mobile App,East,P-226,SKU-1949,311.87,1.42,24.95,VIP,Debit Card
ORD-23325,CUST-9331,SESS-28325,CART-25325,2025-06-29,298.00,149.38,49.01,Electronics,2,Cancelled,Mobile App,East,P-13,SKU-1868,149.00,13.31,23.84,VIP,Credit Card
ORD-23326,CUST-9331,SESS-28326,CART-25326,2023-06-16,325.59,190.74,30.93,Electronics,1,Returned,Web,South,P-21,SKU-3897,325.59,2.34,26.05,New,Debit Card
ORD-23327,CUST-9331,SESS-28327,CART-25327,2025-07-30,410.13,149.92,12.54,Beauty,1,Returned,Web,West,P-710,SKU-4153,410.13,11.34,32.81,VIP,Crypto
ORD-23328,CUST-9332,SESS-28328,CART-25328,1750397413291,435.58,194.39,2.82,Fashion,5,Pending,Mobile App,International,P-558,SKU-1004,87.12,13.64,34.85,New,Crypto
ORD-23329,CUST-9332,SESS-28329,CART-25329,2025-05-26,86.44,50.76,1.06,Beauty,1,Shipped,Social Media,North,P-480,SKU-2230,86.44,18.97,6.92,New,Debit Card
ORD-23330,CUST-9333,SESS-28330,CART-25330,2025-12-08,488.20,151.06,4.04,Sports,5,Completed,Mobile App,West,P-715,SKU-4054,97.64,6.08,39.06,New,PayPal
ORD-23331,CUST-9333,SESS-28331,CART-25331,2023-04-21,405.71,160.28,46.56,Electronics,,Completed,Mobile App,East,P-39,SKU-4444,101.43,17.64,32.46,New,Debit Card
ORD-23332,CUST-9333,SESS-28332,CART-25332,2024-02-10,354.28,207.78,49.50,Fashion,2,Pending,Mobile App,West,P-640,SKU-3940,177.14,19.00,28.34,VIP,Debit Card
ORD-23333,CUST-9334,SESS-28333,CART-25333,2025-02-08,117.18,61.27,40.75,Sports,5,Pending,Social Media,South,P-466,SKU-1085,23.44,9.75,9.37,Returning,PayPal
ORD-23334,CUST-9334,SESS-28334,CART-25334,2023-09-12,241.97,107.01,47.77,Electronics,2,Cancelled,Affiliate,East,P-765,SKU-2375,120.99,16.77,19.36,Returning,Debit Card
ORD-23335,CUST-9335,SESS-28335,CART-25335,2025-08-04,471.19,234.46,23.15,Home,4,Pending,Social Media,West,P-570,SKU-4792,117.80,8.42,37.69,New,Debit Card
ORD-23336,CUST-9335,SESS-28336,CART-25336,1737511539108,344.31,194.51,21.27,Fashion,2,Returned,Affiliate,South,P-819,SKU-4566,172.15,0.88,27.54,VIP,PayPal
ORD-23337,CUST-9335,SESS-28337,CART-25337,2024-01-21,66.59,21.74,34.67,Fashion,4,Returned,Mobile App,International,P-964,SKU-3067,16.65,14.38,5.33,Returning,PayPal
ORD-23338,CUST-9336,SESS-28338,CART-25338,2023-06-17,83.64,44.15,28.32,Home,5,Returned,Affiliate,International,P-131,SKU-4689,16.73,11.33,6.69,VIP,Crypto
ORD-23339,CUST-9336,SESS-28339,CART-25339,2025-10-31,226.95,99.29,5.41,Sports,1,Returned,Affiliate,North,P-497,SKU-2819,226.95,6.65,18.16,VIP,Debit Card
ORD-23340,CUST-9337,SESS-28340,CART-25340,2025-04-20,381.67,126.85,28.08,Electronics,,Cancelled,Web,East,P-776,SKU-4528,381.67,16.99,30.53,Returning,PayPal
ORD-23341,CUST-9337,SESS-28341,CART-25341,2023-03-08,54.00,22.03,6.15,Electronics,1,Returned,Social Media,East,P-584,SKU-1905,54.00,9.39,4.32,New,Credit Card
ORD-23342,CUST-9337,SESS-28342,CART-25342,2025-11-25,243.93,122.68,0.73,Home,1,Pending,Mobile App,East,P-189,SKU-766,243.93,10.38,19.51,Returning,Debit Card
ORD-23343,CUST-9338,SESS-28343,CART-25343,2023-05-12,200.45,98.82,35.91,NULL,1,Pending,Mobile App,South,P-699,SKU-4222,200.45,18.13,16.04,Returning,Crypto
ORD-23344,CUST-9338,SESS-28344,CART-25344,2026-02-04,210.28,81.51,15.93,Sports,5,Pending,Social Media,International,P-993,SKU-1644,42.06,2.00,16.82,New,Credit Card
ORD-23345,CUST-9339,SESS-28345,CART-25345,2025-06-01,233.91,95.46,4.73,Sports,3,Pending,Social Media,South,P-386,SKU-865,77.97,19.50,18.71,Returning,Debit Card
ORD-23346,CUST-9339,SESS-28346,CART-25346,2026-01-11,500.06,155.84,19.40,Sports,5,Shipped,Social Media,West,P-3,SKU-4672,100.01,16.30,40.00,New,Credit Card
ORD-23347,CUST-9339,SESS-28347,CART-25347,2025-06-14,154.07,83.22,12.69,Sports,5,Pending,Social Media,West,P-659,SKU-4943,30.81,19.12,12.33,Returning,Debit Card
ORD-23348,CUST-9340,SESS-28348,CART-25348,2024-12-16,276.99,95.77,33.54,Home,2,Returned,Mobile App,North,P-211,SKU-3380,138.49,9.07,22.16,Returning,Crypto
ORD-23349,CUST-9340,SESS-28349,CART-25349,2023-04-18,213.07,76.68,26.60,Beauty,1,Completed,Mobile App,International,P-994,SKU-3287,213.07,0.97,17.05,VIP,Debit Card
ORD-23350,CUST-9341,SESS-28350,CART-25350,2025-11-18,378.24,122.00,42.47,Fashion,2,Returned,Social Media,North,P-771,SKU-2103,189.12,6.54,30.26,Returning,Debit Card
ORD-23351,CUST-9341,SESS-28351,CART-25351,1762147133582,152.15,49.33,13.91,Electronics,5,Completed,Web,North,P-462,SKU-4571,30.43,19.76,12.17,Returning,Crypto
ORD-23352,CUST-9341,SESS-28352,CART-25352,2024-07-20,489.10,213.76,5.83,Electronics,3,Shipped,Mobile App,South,P-281,SKU-3923,163.03,13.60,39.13,VIP,Credit Card
ORD-23353,CUST-9342,SESS-28353,CART-25353,2024-04-01,412.69,201.69,38.48,Sports,3,Pending,Mobile App,North,P-931,SKU-4473,137.56,2.08,33.02,Returning,Credit Card
ORD-23354,CUST-9342,SESS-28354,CART-25354,2024-09-10,95.27,54.74,45.81,Sports,2,Cancelled,Affiliate,West,P-469,SKU-3826,47.64,12.70,7.62,Returning,PayPal
ORD-23355,CUST-9343,SESS-28355,CART-25355,2024-05-24,  125.89  ,65.33,10.11,Sports,1,Returned,Web,South,P-386,SKU-2024,125.89,16.16,10.07,VIP,Debit Card
ORD-23356,CUST-9343,SESS-28356,CART-25356,2025-02-18,171.08,96.50,31.18,Sports,4,Returned,Mobile App,International,P-856,SKU-2484,42.77,9.43,13.69,New,Credit Card
ORD-23357,CUST-9343,SESS-28357,CART-25357,2023-05-08,411.04,188.32,40.09,Sports,3,Cancelled,Affiliate,North,P-817,SKU-2270,137.01,7.49,32.88,Returning,PayPal
ORD-23358,CUST-9344,SESS-28358,CART-25358,2026-01-11,393.04,218.79,33.26,Home,3,Returned,Social Media,International,P-397,SKU-3412,131.01,6.24,31.44,New,Crypto
ORD-23359,CUST-9344,SESS-28359,CART-25359,2023-10-20,35.67,13.02,49.35,,2,Shipped,Social Media,North,P-449,SKU-4419,17.84,10.99,2.85,New,Crypto
ORD-23360,CUST-9345,SESS-28360,CART-25360,2024-04-05,60.35,27.01,10.91,Sports,1,Completed,Social Media,North,P-524,SKU-4292,60.35,6.79,4.83,Returning,Debit Card
ORD-23361,CUST-9345,SESS-28361,CART-25361,2023-01-13,226.93,72.28,21.32,Beauty,3,Completed,Social Media,East,P-768,SKU-4164,75.64,5.83,18.15,VIP,Credit Card
ORD-23362,CUST-9345,SESS-28362,CART-25362,2025-10-16,87.30,36.16,11.28,Beauty,4,Cancelled,Web,South,P-718,SKU-1944,21.82,0.66,6.98,New,PayPal
ORD-23363,CUST-9346,SESS-28363,CART-25363,2023-08-01,93.11,40.79,11.02,Fashion,4,Pending,Affiliate,East,P-492,SKU-1039,23.28,9.45,7.45,New,Debit Card
ORD-23364,CUST-9346,SESS-28364,CART-25364,2025-06-14,89.77,29.28,34.93,Fashion,5,Pending,Social Media,East,P-573,SKU-1699,17.95,5.16,7.18,VIP,Debit Card
ORD-23365,CUST-9347,SESS-28365,CART-25365,12/27/2025,440.83,245.75,30.82,Sports,5,Completed,Affiliate,International,P-817,SKU-4493,88.17,1.51,35.27,New,PayPal
ORD-23366,CUST-9347,SESS-28366,CART-25366,2024-11-17,199.15,117.91,14.01,  sports  ,4,Shipped,Social Media,West,P-937,SKU-823,49.79,3.74,15.93,New,PayPal
ORD-23367,CUST-9347,SESS-28367,CART-25367,2024-12-01,266.37,145.51,6.01,Beauty,4,Cancelled,Social Media,South,P-856,SKU-3467,66.59,19.00,21.31,VIP,Debit Card
ORD-23368,CUST-9348,SESS-28368,CART-25368,2023-08-20,404.99,131.05,16.93,Home,1,Cancelled,Web,West,P-692,SKU-1403,404.99,9.87,32.40,VIP,Credit Card
ORD-23369,CUST-9348,SESS-28369,CART-25369,2026-01-25,141.90,65.92,4.95,Home,5,Completed,Web,East,P-846,SKU-1459,28.38,18.89,11.35,Returning,Debit Card
ORD-23370,CUST-9349,SESS-28370,CART-25370,2024-12-25,NULL,7.51,17.14,Sports,3,Returned,Social Media,South,P-726,SKU-2143,4.36,8.86,1.05,Returning,Debit Card
ORD-23371,CUST-9349,SESS-28371,CART-25371,2025-12-27,192.71,68.21,38.49,Beauty,3,Pending,Mobile App,South,P-874,SKU-1835,64.24,9.03,15.42,Returning,PayPal
ORD-23372,CUST-9349,SESS-28372,CART-25372,1/19/2025,372.24,173.69,44.32,Beauty,4,Shipped,Mobile App,North,P-293,SKU-2487,93.06,16.18,29.78,New,Crypto
ORD-23373,CUST-9350,SESS-28373,CART-25373,2023-09-15,15.06,6.74,49.18,Fashion,4,Returned,Web,North,P-811,SKU-2469,3.77,13.02,1.21,New,Debit Card
ORD-23374,CUST-9350,SESS-28374,CART-25374,2024-06-21,212.53,111.02,16.02,Sports,5,Pending,Social Media,South,P-613,SKU-871,42.51,19.33,17.00,Returning,PayPal
ORD-23375,CUST-9351,SESS-28375,CART-25375,2023-08-23,491.64,272.50,18.06,Beauty,2,Pending,Affiliate,South,P-360,SKU-525,245.82,8.15,39.33,New,Debit Card
ORD-23376,CUST-9351,SESS-28376,CART-25376,2023-08-22,365.18,196.02,14.52,Beauty,1,Pending,Web,North,P-200,SKU-221,365.18,6.40,29.21,Returning,Credit Card
ORD-23377,CUST-9351,SESS-28377,CART-25377,2024-08-04,180.64,90.81,45.00,Sports,3,Pending,Affiliate,East,P-307,SKU-3258,60.21,19.32,14.45,VIP,Debit Card
ORD-23378,CUST-9352,SESS-28378,CART-25378,2024-09-09,186.29,81.42,14.69,Beauty,5,Cancelled,Web,North,P-365,SKU-206,37.26,13.67,14.90,New,PayPal
ORD-23379,CUST-9352,SESS-28379,CART-25379,2025-06-22,52.81,30.91,15.39,Beauty,4,Completed,Mobile App,West,P-210,SKU-2780,13.20,5.45,4.22,New,Debit Card
ORD-23380,CUST-9353,SESS-28380,CART-25380,2023-09-04,413.08,136.65,34.77,Electronics,5,Shipped,Web,East,P-958,SKU-4532,82.62,7.08,33.05,Returning,Crypto
ORD-23381,CUST-9353,SESS-28381,CART-25381,2025-01-22,,6.36,23.39,Electronics,2,Returned,Social Media,West,P-942,SKU-172,9.33,5.30,1.49,New,Debit Card
ORD-23382,CUST-9353,SESS-28382,CART-25382,2023-05-13,489.99,170.25,9.61,Sports,4,Completed,Social Media,South,P-525,SKU-1173,122.50,8.11,39.20,VIP,Debit Card
ORD-23383,CUST-9354,SESS-28383,CART-25383,2024-08-24,476.25,170.72,33.59,Fashion,4,Shipped,Social Media,South,P-512,SKU-1067,119.06,7.85,38.10,Returning,Crypto
ORD-23384,CUST-9354,SESS-28384,CART-25384,2023-03-17,223.12,80.16,25.28,NULL,2,Cancelled,Web,West,P-621,SKU-2778,111.56,11.91,17.85,Returning,Crypto
ORD-23385,CUST-9355,SESS-28385,CART-25385,5/12/2024,294.46,141.54,28.82,Sports,2,Cancelled,Affiliate,East,P-553,SKU-894,147.23,15.96,23.56,VIP,Credit Card
ORD-23386,CUST-9355,SESS-28386,CART-25386,2025-01-12,474.98,203.72,29.59,Home,2,Cancelled,Social Media,East,P-127,SKU-3821,237.49,8.63,38.00,Returning,Crypto
ORD-23387,CUST-9355,SESS-28387,CART-25387,1768048511512,134.17,54.96,43.85,Beauty,2,Shipped,Social Media,International,P-622,SKU-345,67.08,3.24,10.73,VIP,Debit Card
ORD-23388,CUST-9356,SESS-28388,CART-25388,2023-05-06,429.21,176.57,3.32,Home,4,Cancelled,Social Media,West,P-654,SKU-2272,107.30,7.88,34.34,Returning,Debit Card
ORD-23389,CUST-9356,SESS-28389,CART-25389,2024-12-04,340.56,149.34,29.99,Sports,4,Pending,Social Media,North,P-945,SKU-452,85.14,0.08,27.24,VIP,Crypto
ORD-23390,CUST-9357,SESS-28390,CART-25390,1741919165554,448.14,228.32,24.40,Beauty,5,Completed,Affiliate,South,P-930,SKU-4570,89.63,1.13,35.85,New,Debit Card
ORD-23391,CUST-9357,SESS-28391,CART-25391,2024-11-20,13.76,4.15,27.87,Home,5,Shipped,Mobile App,North,P-447,SKU-2726,2.75,8.95,1.10,New,Debit Card
ORD-23392,CUST-9357,SESS-28392,CART-25392,2023-09-30,302.02,148.17,48.20,Fashion,5,Shipped,Mobile App,East,P-848,SKU-555,60.40,4.01,24.16,Returning,Debit Card
ORD-23393,CUST-9358,SESS-28393,CART-25393,2024-02-25,206.97,76.49,45.93,Beauty,5,Pending,Social Media,North,P-81,SKU-854,41.39,8.02,16.56,VIP,Crypto
ORD-23394,CUST-9358,SESS-28394,CART-25394,2023-08-01,NULL,244.83,45.45,Home,4,Returned,Affiliate,International,P-398,SKU-3402,120.70,15.85,38.63,VIP,Crypto
ORD-23395,CUST-9359,SESS-28395,CART-25395,2025-06-17,92.24,39.24,22.18,Sports,5,Cancelled,Social Media,East,P-571,SKU-1917,18.45,2.78,7.38,VIP,PayPal
ORD-23396,CUST-9359,SESS-28396,CART-25396,2024-02-10,414.18,197.44,48.78,Home,1,Cancelled,Web,East,P-694,SKU-4291,414.18,17.63,33.13,VIP,Credit Card
ORD-23397,CUST-9359,SESS-28397,CART-25397,2025-11-03,287.91,108.32,38.77,Home,5,Returned,Social Media,West,P-889,SKU-4464,57.58,14.32,23.03,Returning,PayPal
ORD-23398,CUST-9360,SESS-28398,CART-25398,2024-12-02,157.00,84.46,12.69,  sports  ,3,Cancelled,Web,North,P-697,SKU-1899,52.33,17.91,12.56,Returning,Debit Card
ORD-23399,CUST-9360,SESS-28399,CART-25399,2023-08-07,62.56,31.78,0.95,Sports,3,Returned,Social Media,East,P-237,SKU-700,20.85,3.64,5.01,VIP,Credit Card
ORD-23400,CUST-9361,SESS-28400,CART-25400,1753475618001,417.83,190.50,49.76,Beauty,3,Cancelled,Affiliate,East,P-508,SKU-2832,139.28,6.93,33.43,Returning,Credit Card
ORD-23401,CUST-9361,SESS-28401,CART-25401,2025-06-08,102.47,36.12,9.80,Home,5,Pending,Affiliate,West,P-500,SKU-3014,20.49,1.68,8.20,New,Crypto
ORD-23402,CUST-9361,SESS-28402,CART-25402,2023-10-06,444.67,140.05,2.42,Electronics,NULL,Cancelled,Mobile App,West,P-346,SKU-2198,222.34,15.68,35.57,VIP,Crypto
ORD-23403,CUST-9362,SESS-28403,CART-25403,2024-08-30,432.92,168.48,14.57,Fashion,5,Completed,Mobile App,South,P-203,SKU-3125,86.58,14.36,34.63,New,Crypto
ORD-23404,CUST-9362,SESS-28404,CART-25404,2023-06-10,116.75,55.38,8.83,Home,3,Completed,Affiliate,East,P-843,SKU-2453,38.92,8.52,9.34,Returning,Crypto
ORD-23405,CUST-9363,SESS-28405,CART-25405,1690545720854,199.26,92.30,8.19,Electronics,3,Returned,Mobile App,East,P-381,SKU-3418,66.42,6.74,15.94,VIP,Crypto
ORD-23406,CUST-9363,SESS-28406,CART-25406,2025-08-04,503.23,232.86,20.66,Sports,2,Pending,Mobile App,East,P-803,SKU-2422,251.62,7.23,40.26,VIP,Debit Card
ORD-23407,CUST-9363,SESS-28407,CART-25407,2025-10-15,290.37,111.03,5.41,Fashion,4,Pending,Web,North,P-670,SKU-212,72.59,1.90,23.23,Returning,Crypto
ORD-23408,CUST-9364,SESS-28408,CART-25408,2024-07-18,489.87,241.72,41.15,Fashion,5,Pending,Affiliate,East,P-593,SKU-3702,97.97,7.56,39.19,VIP,Crypto
ORD-23409,CUST-9364,SESS-28409,CART-25409,2025-12-22,201.47,105.29,24.59,Sports,4,Cancelled,Web,International,P-263,SKU-504,50.37,8.18,16.12,VIP,Debit Card
ORD-23410,CUST-9365,SESS-28410,CART-25410,2024-11-27,74.47,25.28,24.08,Electronics,5,Shipped,Web,North,P-127,SKU-1336,14.89,0.20,5.96,New,Credit Card
ORD-23411,CUST-9365,SESS-28411,CART-25411,2025-07-05,42.96,14.74,20.87,Electronics,3,Completed,Social Media,East,P-455,SKU-3043,14.32,2.79,3.44,VIP,Credit Card
ORD-23412,CUST-9365,SESS-28412,CART-25412,2024-03-12,153.02,75.38,0.45,Sports,3,Shipped,Mobile App,East,P-752,SKU-1997,51.01,17.93,12.24,New,Crypto
ORD-23413,CUST-9366,SESS-28413,CART-25413,2023-07-20,196.33,81.92,23.79,Fashion,4,Pending,Mobile App,International,P-675,SKU-2926,49.08,7.31,15.71,Returning,Crypto
ORD-23414,CUST-9366,SESS-28414,CART-25414,2024-01-31,279.36,91.28,47.64,Fashion,3,Completed,Affiliate,North,P-445,SKU-692,93.12,16.36,22.35,New,Credit Card
ORD-23415,CUST-9367,SESS-28415,CART-25415,2024-03-19,363.99,158.04,22.54,Fashion,1,Completed,Mobile App,East,P-689,SKU-1139,363.99,10.29,29.12,Returning,Debit Card
ORD-23416,CUST-9367,SESS-28416,CART-25416,8/31/2023,403.44,204.17,45.02,Home,2,Shipped,Web,West,P-311,SKU-4569,201.72,3.87,32.28,VIP,PayPal
ORD-23417,CUST-9367,SESS-28417,CART-25417,2023-11-29,482.79,263.15,27.83,Beauty,5,Pending,Web,International,P-800,SKU-4056,96.56,8.20,38.62,New,Crypto
ORD-23418,CUST-9368,SESS-28418,CART-25418,2026-01-24,239.22,92.34,36.28,Fashion,2,Pending,Social Media,South,P-558,SKU-3228,119.61,16.37,19.14,Returning,Crypto
ORD-23419,CUST-9368,SESS-28419,CART-25419,2024-02-16,149.10,78.25,8.28,Electronics,3,Completed,Mobile App,North,P-664,SKU-3917,49.70,16.35,11.93,Returning,Debit Card
ORD-23420,CUST-9369,SESS-28420,CART-25420,2023-03-12,  266.56  ,138.68,48.55,Electronics,3,Shipped,Web,South,P-165,SKU-3147,88.85,13.15,21.32,Returning,Credit Card
ORD-23421,CUST-9369,SESS-28421,CART-25421,2025-08-11,331.54,178.13,18.11,Beauty,1,Pending,Social Media,West,P-26,SKU-2574,331.54,17.57,26.52,Returning,Debit Card
ORD-23422,CUST-9369,SESS-28422,CART-25422,2024-10-24,130.81,63.92,15.92,Sports,1,Returned,Affiliate,East,P-546,SKU-2155,130.81,19.44,10.46,New,Credit Card
ORD-23423,CUST-9370,SESS-28423,CART-25423,2025-07-30,65.84,34.44,9.84,Home,4,Returned,Web,East,P-382,SKU-1469,16.46,1.08,5.27,Returning,Credit Card
ORD-23424,CUST-9370,SESS-28424,CART-25424,2025-08-23,90.60,47.04,18.64,Beauty,1,Cancelled,Affiliate,South,P-246,SKU-328,90.60,6.38,7.25,Returning,Crypto
ORD-23425,CUST-9371,SESS-28425,CART-25425,3/23/2024,160.35,91.23,29.75,Electronics,3,Pending,Mobile App,International,P-624,SKU-3143,53.45,6.96,12.83,VIP,Debit Card
ORD-23426,CUST-9371,SESS-28426,CART-25426,2024-12-03,322.99,162.47,39.42,Fashion,3,Completed,Mobile App,North,P-721,SKU-958,107.66,10.32,25.84,New,PayPal
ORD-23427,CUST-9371,SESS-28427,CART-25427,2023-03-13,383.45,183.74,25.71,Fashion,4,Cancelled,Web,South,P-813,SKU-1580,95.86,18.16,30.68,VIP,PayPal
ORD-23428,CUST-9372,SESS-28428,CART-25428,2023-04-29,304.20,119.55,26.80,Electronics,2,Pending,Web,South,P-418,SKU-201,152.10,3.58,24.34,Returning,PayPal
ORD-23429,CUST-9372,SESS-28429,CART-25429,2023-01-01,93.46,50.78,43.87,Beauty,2,Returned,Affiliate,North,P-171,SKU-3301,46.73,7.27,7.48,Returning,Crypto
ORD-23430,CUST-9373,SESS-28430,CART-25430,10/27/2023,265.03,133.70,35.31,Fashion,3,Shipped,Affiliate,North,P-681,SKU-686,88.34,11.04,21.20,VIP,Credit Card
ORD-23431,CUST-9373,SESS-28431,CART-25431,2023-01-17,134.72,72.02,22.16,Sports,5,Cancelled,Mobile App,East,P-639,SKU-4438,26.94,1.68,10.78,New,PayPal
ORD-23432,CUST-9373,SESS-28432,CART-25432,2024-05-10,454.52,234.77,32.23,Fashion,3,Shipped,Affiliate,South,P-50,SKU-1844,151.51,11.43,36.36,New,Credit Card
ORD-23433,CUST-9374,SESS-28433,CART-25433,2024-05-17,468.38,174.42,38.37,Home,5,Completed,Web,West,P-370,SKU-4754,93.68,6.60,37.47,VIP,Debit Card
ORD-23434,CUST-9374,SESS-28434,CART-25434,2024-06-15,348.50,111.82,27.50,Fashion,5,Cancelled,Web,West,P-468,SKU-294,69.70,6.00,27.88,VIP,Crypto
ORD-23435,CUST-9375,SESS-28435,CART-25435,2023-10-18,389.17,127.94,46.51,Beauty,3,Shipped,Social Media,North,P-186,SKU-2581,129.72,14.23,31.13,New,Credit Card
ORD-23436,CUST-9375,SESS-28436,CART-25436,2023-03-22,504.75,203.23,2.32,Electronics,1,Shipped,Web,North,P-388,SKU-4753,504.75,16.11,40.38,Returning,Debit Card
ORD-23437,CUST-9375,SESS-28437,CART-25437,2023-12-07,408.58,187.91,29.02,Sports,5,Completed,Affiliate,North,P-843,SKU-2832,81.72,18.18,32.69,Returning,Debit Card
ORD-23438,CUST-9376,SESS-28438,CART-25438,7/7/2023,186.93,63.16,14.35,  electronics  ,5,Completed,Mobile App,South,P-896,SKU-4731,37.39,9.40,14.95,VIP,Crypto
ORD-23439,CUST-9376,SESS-28439,CART-25439,2025-10-20,500.17,227.26,28.94,Fashion,2,Pending,Affiliate,South,P-326,SKU-3541,250.08,13.28,40.01,VIP,Credit Card
ORD-23440,CUST-9377,SESS-28440,CART-25440,2025-07-22,45.86,26.64,37.57,Beauty,2,Pending,Web,North,P-205,SKU-2020,22.93,16.44,3.67,New,Crypto
ORD-23441,CUST-9377,SESS-28441,CART-25441,2024-04-14,207.38,121.03,29.19,Electronics,2,Completed,Social Media,South,P-59,SKU-4202,103.69,14.27,16.59,New,PayPal
ORD-23442,CUST-9377,SESS-28442,CART-25442,2023-10-23,,132.06,5.13,Electronics,1,Returned,Web,North,P-720,SKU-4749,325.23,18.34,26.02,VIP,Credit Card
ORD-23443,CUST-9378,SESS-28443,CART-25443,1677957823545,337.19,187.79,7.35,Home,3,Returned,Mobile App,International,P-569,SKU-385,112.40,15.01,26.97,VIP,Crypto
ORD-23444,CUST-9378,SESS-28444,CART-25444,2024-12-29,437.73,155.85,49.64,Home,3,Shipped,Mobile App,West,P-723,SKU-1294,145.91,3.75,35.02,VIP,Debit Card
ORD-23445,CUST-9379,SESS-28445,CART-25445,2026-01-13,415.30,176.56,18.10,Fashion,1,Cancelled,Mobile App,International,P-629,SKU-868,415.30,14.06,33.22,New,Credit Card
ORD-23446,CUST-9379,SESS-28446,CART-25446,2025-10-18,449.65,209.99,14.55,Beauty,4,Cancelled,Mobile App,South,P-293,SKU-2450,112.41,10.83,35.97,Returning,PayPal
ORD-23447,CUST-9379,SESS-28447,CART-25447,2025-01-10,213.66,109.01,31.52,Fashion,4,Cancelled,Social Media,North,P-122,SKU-1160,53.42,11.77,17.09,Returning,Credit Card
ORD-23448,CUST-9380,SESS-28448,CART-25448,2025-09-22,506.31,268.78,12.85,Beauty,1,Pending,Affiliate,East,P-89,SKU-982,506.31,0.94,40.50,VIP,Crypto
ORD-23449,CUST-9380,SESS-28449,CART-25449,2023-08-09,488.46,282.01,2.90,Electronics,5,Shipped,Affiliate,West,P-125,SKU-4059,97.69,11.86,39.08,Returning,Credit Card
ORD-23450,CUST-9381,SESS-28450,CART-25450,2024-06-08,482.86,211.45,41.36,Home,3,Returned,Web,International,P-242,SKU-568,160.95,18.63,38.63,New,Credit Card
ORD-23451,CUST-9381,SESS-28451,CART-25451,2025-05-10,178.69,84.83,38.97,Home,2,Shipped,Web,West,P-451,SKU-47,89.34,19.02,14.30,New,Crypto
ORD-23452,CUST-9381,SESS-28452,CART-25452,2024-11-10,13.59,6.31,8.93,Beauty,3,Returned,Affiliate,North,P-580,SKU-1481,4.53,9.51,1.09,New,PayPal
ORD-23453,CUST-9382,SESS-28453,CART-25453,2024-01-27,506.07,194.77,16.66,Beauty,3,Cancelled,Web,East,P-925,SKU-206,168.69,4.74,40.49,Returning,Credit Card
ORD-23454,CUST-9382,SESS-28454,CART-25454,2025-07-11,245.59,144.33,36.25,  beauty  ,4,Cancelled,Web,International,P-337,SKU-3788,61.40,1.82,19.65,New,PayPal
ORD-23455,CUST-9383,SESS-28455,CART-25455,2024-11-06,405.59,202.88,28.04,Sports,4,Completed,Web,East,P-930,SKU-1846,101.40,4.28,32.45,Returning,Credit Card
ORD-23456,CUST-9383,SESS-28456,CART-25456,2025-09-08,368.72,120.23,26.87,Sports,4,Shipped,Mobile App,East,P-693,SKU-3053,92.18,3.23,29.50,VIP,Credit Card
ORD-23457,CUST-9383,SESS-28457,CART-25457,7/16/2025,151.51,63.37,44.53,Fashion,3,Cancelled,Affiliate,International,P-47,SKU-367,50.50,12.41,12.12,Returning,Crypto
ORD-23458,CUST-9384,SESS-28458,CART-25458,2024-02-26,317.19,184.39,9.51,Fashion,5,Returned,Social Media,South,P-430,SKU-835,63.44,15.71,25.38,Returning,Credit Card
ORD-23459,CUST-9384,SESS-28459,CART-25459,1769783663636,273.77,119.71,19.92,Electronics,3,Returned,Web,West,P-120,SKU-2087,91.26,0.36,21.90,New,Debit Card
ORD-23460,CUST-9385,SESS-28460,CART-25460,2025-05-22,216.62,129.77,42.49,Fashion,4,Shipped,Affiliate,International,P-381,SKU-96,54.15,4.79,17.33,Returning,PayPal
ORD-23461,CUST-9385,SESS-28461,CART-25461,2023-06-06,401.65,210.74,45.35,Beauty,4,Shipped,Web,South,P-54,SKU-21,100.41,19.48,32.13,VIP,PayPal
ORD-23462,CUST-9385,SESS-28462,CART-25462,3/7/2024,108.64,50.17,21.97,Beauty,4,Shipped,Affiliate,International,P-689,SKU-2486,27.16,14.06,8.69,Returning,Crypto
ORD-23463,CUST-9386,SESS-28463,CART-25463,2023-05-19,211.53,110.99,49.39,Home,4,Completed,Web,North,P-129,SKU-4693,52.88,9.88,16.92,New,Credit Card
ORD-23464,CUST-9386,SESS-28464,CART-25464,2024-02-08,384.48,209.75,6.55,Fashion,3,Returned,Social Media,East,P-240,SKU-30,128.16,2.62,30.76,Returning,PayPal
ORD-23465,CUST-9387,SESS-28465,CART-25465,2024-10-25,263.42,113.13,37.90,Home,3,Cancelled,Social Media,International,P-403,SKU-1894,87.81,16.58,21.07,Returning,PayPal
ORD-23466,CUST-9387,SESS-28466,CART-25466,2023-05-20,426.15,214.81,5.73,Electronics,1,Completed,Affiliate,South,P-616,SKU-1940,426.15,1.66,34.09,Returning,Crypto
ORD-23467,CUST-9387,SESS-28467,CART-25467,2023-04-10,197.70,106.99,34.17,Sports,3,Completed,Web,North,P-983,SKU-2210,65.90,18.43,15.82,Returning,Crypto
ORD-23468,CUST-9388,SESS-28468,CART-25468,2025-10-21,247.80,119.17,23.44,Sports,4,Cancelled,Social Media,South,P-856,SKU-504,61.95,5.82,19.82,Returning,PayPal
ORD-23469,CUST-9388,SESS-28469,CART-25469,2023-10-31,74.22,30.21,42.88,Sports,3,Pending,Mobile App,North,P-770,SKU-3776,24.74,7.45,5.94,New,Debit Card
ORD-23470,CUST-9389,SESS-28470,CART-25470,2024-05-27,249.05,107.20,41.91,Home,2,Returned,Affiliate,International,P-253,SKU-4485,124.53,4.34,19.92,New,Debit Card
ORD-23471,CUST-9389,SESS-28471,CART-25471,2023-07-17,458.94,173.71,1.79,Home,3,Cancelled,Affiliate,International,P-17,SKU-3160,152.98,16.06,36.72,Returning,Crypto
ORD-23472,CUST-9389,SESS-28472,CART-25472,2023-05-24,352.61,136.89,38.50,Electronics,4,Pending,Web,West,P-652,SKU-2245,88.15,8.09,28.21,Returning,Debit Card
ORD-23473,CUST-9390,SESS-28473,CART-25473,2023-10-30,398.09,184.54,4.17,Sports,3,Pending,Social Media,International,P-792,SKU-3684,132.70,14.43,31.85,VIP,Crypto
ORD-23474,CUST-9390,SESS-28474,CART-25474,2024-08-22,30.99,9.55,8.07,Electronics,5,Cancelled,Mobile App,East,P-103,SKU-603,6.20,4.63,2.48,New,Crypto
ORD-23475,CUST-9391,SESS-28475,CART-25475,2025-06-15,343.25,195.42,47.97,Home,4,Completed,Web,International,P-828,SKU-1637,85.81,10.05,27.46,VIP,Crypto
ORD-23476,CUST-9391,SESS-28476,CART-25476,2025-06-29,487.23,168.39,41.38,Sports,4,Cancelled,Social Media,West,P-793,SKU-2617,121.81,12.58,38.98,New,Credit Card
ORD-23477,CUST-9391,SESS-28477,CART-25477,2025-03-20,370.55,192.32,14.82,Electronics,4,Cancelled,Web,South,P-203,SKU-1629,92.64,0.72,29.64,Returning,Debit Card
ORD-23478,CUST-9392,SESS-28478,CART-25478,2023-04-11,,75.43,49.07,Sports,5,Cancelled,Web,West,P-141,SKU-2133,49.95,1.92,19.98,New,PayPal
ORD-23479,CUST-9392,SESS-28479,CART-25479,2024-08-01,303.58,160.03,40.88,Beauty,1,Completed,Affiliate,North,P-507,SKU-3727,303.58,16.87,24.29,New,Crypto
ORD-23480,CUST-9393,SESS-28480,CART-25480,2026-02-24,304.10,107.74,20.33,Beauty,3,Returned,Mobile App,South,P-746,SKU-687,101.37,15.06,24.33,New,Crypto
ORD-23481,CUST-9393,SESS-28481,CART-25481,2025-10-28,382.41,139.76,7.83,Fashion,2,Returned,Mobile App,South,P-843,SKU-4847,191.20,3.48,30.59,VIP,Debit Card
ORD-23482,CUST-9393,SESS-28482,CART-25482,2023-05-26,431.53,147.80,42.04,Fashion,5,Shipped,Social Media,North,P-50,SKU-2750,86.31,19.53,34.52,VIP,Debit Card
ORD-23483,CUST-9394,SESS-28483,CART-25483,2024-10-21,308.86,142.00,12.69,Electronics,1,Pending,Social Media,East,P-66,SKU-2114,308.86,12.14,24.71,VIP,PayPal
ORD-23484,CUST-9394,SESS-28484,CART-25484,2025-08-23,46.87,27.36,24.80,Home,2,Cancelled,Web,South,P-230,SKU-1441,23.43,18.09,3.75,VIP,Credit Card
ORD-23485,CUST-9395,SESS-28485,CART-25485,2024-07-08,39.56,13.19,31.39,Fashion,5,Cancelled,Social Media,East,P-666,SKU-3872,7.91,14.21,3.16,VIP,Credit Card
ORD-23486,CUST-9395,SESS-28486,CART-25486,2025-12-07,124.08,70.03,0.36,Electronics,2,Completed,Web,South,P-560,SKU-1178,62.04,14.96,9.93,Returning,Crypto
ORD-23487,CUST-9395,SESS-28487,CART-25487,2023-07-29,200.32,119.29,18.20,Electronics,2,Pending,Mobile App,West,P-636,SKU-3918,100.16,5.46,16.03,Returning,Crypto
ORD-23488,CUST-9396,SESS-28488,CART-25488,2023-12-01,246.54,125.48,28.42,  electronics  ,3,Returned,Mobile App,International,P-612,SKU-396,82.18,16.70,19.72,VIP,Crypto
ORD-23489,CUST-9396,SESS-28489,CART-25489,2024-06-17,NULL,65.49,16.94,Sports,1,Completed,Mobile App,North,P-228,SKU-4267,163.55,10.09,13.08,VIP,Crypto
ORD-23490,CUST-9397,SESS-28490,CART-25490,2023-12-18,383.76,140.38,45.01,Fashion,1,Completed,Affiliate,South,P-567,SKU-3773,383.76,0.97,30.70,New,Credit Card
ORD-23491,CUST-9397,SESS-28491,CART-25491,2025-06-24,29.66,10.61,48.76,Electronics,1,Completed,Web,South,P-28,SKU-4446,29.66,14.31,2.37,Returning,Debit Card
ORD-23492,CUST-9397,SESS-28492,CART-25492,2024-03-22,348.41,201.95,7.91,Home,2,Completed,Web,East,P-866,SKU-3132,174.20,9.71,27.87,VIP,Debit Card
ORD-23493,CUST-9398,SESS-28493,CART-25493,2024-02-21,NULL,134.01,9.75,Electronics,1,Pending,Affiliate,West,P-964,SKU-4145,420.40,7.73,33.63,New,Debit Card
ORD-23494,CUST-9398,SESS-28494,CART-25494,2024-12-24,95.33,41.68,12.12,Home,NULL,Returned,Affiliate,South,P-426,SKU-1680,23.83,15.94,7.63,New,Credit Card
ORD-23495,CUST-9399,SESS-28495,CART-25495,2023-06-27,376.12,167.07,41.95,Home,2,Returned,Mobile App,South,P-742,SKU-203,188.06,12.05,30.09,VIP,Credit Card
ORD-23496,CUST-9399,SESS-28496,CART-25496,2023-01-06,194.97,93.31,16.41,Fashion,4,Completed,Web,International,P-773,SKU-2516,48.74,11.00,15.60,VIP,Credit Card
ORD-23497,CUST-9399,SESS-28497,CART-25497,2025-06-15,211.24,115.15,13.30,Fashion,2,Returned,Social Media,North,P-196,SKU-3709,105.62,8.92,16.90,VIP,Debit Card
ORD-23498,CUST-9400,SESS-28498,CART-25498,2024-11-02,10.68,5.11,26.19,Home,4,Shipped,Web,South,P-861,SKU-500,2.67,16.09,0.85,Returning,Debit Card
ORD-23499,CUST-9400,SESS-28499,CART-25499,2023-08-27,301.01,164.54,8.37,Beauty,2,Cancelled,Mobile App,North,P-492,SKU-3750,150.51,13.57,24.08,VIP,PayPal
ORD-23500,CUST-9401,SESS-28500,CART-25500,2023-08-30,438.48,166.11,34.11,Fashion,2,Completed,Affiliate,South,P-72,SKU-3462,219.24,15.16,35.08,Returning,Debit Card
ORD-23501,CUST-9401,SESS-28501,CART-25501,2025-04-12,378.19,219.10,5.40,Electronics,3,Pending,Web,South,P-726,SKU-3461,126.06,18.69,30.26,New,Credit Card
ORD-23502,CUST-9401,SESS-28502,CART-25502,2024-06-30,  300.37  ,112.11,9.59,Electronics,1,Returned,Web,International,P-104,SKU-2630,300.37,12.86,24.03,New,Credit Card
ORD-23503,CUST-9402,SESS-28503,CART-25503,2026-02-02,233.85,95.06,44.88,NULL,1,Cancelled,Social Media,International,P-56,SKU-35,233.85,1.56,18.71,Returning,Debit Card
ORD-23504,CUST-9402,SESS-28504,CART-25504,2025-06-16,372.40,200.64,40.62,Sports,5,Shipped,Affiliate,North,P-159,SKU-2247,74.48,7.65,29.79,Returning,Crypto
ORD-23505,CUST-9403,SESS-28505,CART-25505,2025-12-17,475.54,263.96,24.28,Sports,3,Pending,Affiliate,East,P-296,SKU-510,158.51,15.49,38.04,New,Credit Card
ORD-23506,CUST-9403,SESS-28506,CART-25506,2023-12-05,116.86,58.83,10.53,Electronics,1,Completed,Social Media,International,P-546,SKU-258,116.86,19.34,9.35,VIP,Credit Card
ORD-23507,CUST-9403,SESS-28507,CART-25507,2025-10-03,340.82,151.94,46.78,Home,3,Cancelled,Affiliate,East,P-965,SKU-3786,113.61,5.34,27.27,New,Debit Card
ORD-23508,CUST-9404,SESS-28508,CART-25508,2024-04-09,87.66,45.22,31.50,Sports,2,Pending,Social Media,East,P-503,SKU-3476,43.83,17.42,7.01,New,Credit Card
ORD-23509,CUST-9404,SESS-28509,CART-25509,2024-02-10,390.62,183.58,49.46,Home,2,Shipped,Affiliate,West,P-580,SKU-1142,195.31,0.47,31.25,New,PayPal
ORD-23510,CUST-9405,SESS-28510,CART-25510,2023-12-20,146.58,75.23,18.23,Beauty,1,Completed,Social Media,North,P-36,SKU-3857,146.58,0.22,11.73,Returning,Credit Card
ORD-23511,CUST-9405,SESS-28511,CART-25511,2025-02-09,433.41,232.53,5.03,Electronics,5,Shipped,Mobile App,East,P-492,SKU-1339,86.68,14.71,34.67,Returning,Crypto
ORD-23512,CUST-9405,SESS-28512,CART-25512,2025-07-25,362.71,118.17,17.96,Home,2,Returned,Affiliate,West,P-664,SKU-3283,181.36,1.26,29.02,Returning,Debit Card
ORD-23513,CUST-9406,SESS-28513,CART-25513,2025-07-04,310.43,168.24,29.49,Sports,5,Cancelled,Web,East,P-371,SKU-4389,62.09,12.02,24.83,New,Debit Card
ORD-23514,CUST-9406,SESS-28514,CART-25514,2024-05-01,98.77,50.09,1.34,Fashion,2,Completed,Social Media,International,P-546,SKU-283,49.38,13.68,7.90,VIP,Crypto
ORD-23515,CUST-9407,SESS-28515,CART-25515,2024-10-20,23.58,12.95,48.14,Home,2,Completed,Web,East,P-641,SKU-1344,11.79,1.08,1.89,Returning,Crypto
ORD-23516,CUST-9407,SESS-28516,CART-25516,2025-09-24,106.83,54.80,46.18,Sports,3,Completed,Web,North,P-790,SKU-2249,35.61,3.56,8.55,Returning,Credit Card
ORD-23517,CUST-9407,SESS-28517,CART-25517,2023-12-06,466.60,188.30,25.53,Electronics,,Returned,Affiliate,East,P-694,SKU-4537,155.53,8.58,37.33,New,Debit Card
ORD-23518,CUST-9408,SESS-28518,CART-25518,2026-03-05,439.93,238.29,18.06,Electronics,,Cancelled,Mobile App,East,P-670,SKU-4838,439.93,19.47,35.19,New,PayPal
ORD-23519,CUST-9408,SESS-28519,CART-25519,2025-12-22,374.91,177.04,22.68,Fashion,5,Completed,Web,South,P-593,SKU-2297,74.98,18.33,29.99,New,Credit Card
ORD-23520,CUST-9409,SESS-28520,CART-25520,2025-01-20,258.27,98.48,37.74,,1,Shipped,Mobile App,West,P-416,SKU-4829,258.27,16.81,20.66,Returning,Credit Card
ORD-23521,CUST-9409,SESS-28521,CART-25521,2024-10-30,296.08,118.97,46.66,Sports,1,Returned,Mobile App,International,P-326,SKU-1732,296.08,18.49,23.69,VIP,Credit Card
ORD-23522,CUST-9409,SESS-28522,CART-25522,12/28/2023,480.21,233.87,21.80,Home,2,Pending,Social Media,International,P-660,SKU-2296,240.10,1.88,38.42,VIP,Debit Card
ORD-23523,CUST-9410,SESS-28523,CART-25523,2023-07-09,466.48,144.47,40.07,Beauty,1,Shipped,Social Media,West,P-506,SKU-4551,466.48,13.28,37.32,New,PayPal
ORD-23524,CUST-9410,SESS-28524,CART-25524,1701947907829,235.33,82.98,36.15,Sports,1,Shipped,Social Media,International,P-599,SKU-4011,235.33,9.55,18.83,Returning,PayPal
ORD-23525,CUST-9411,SESS-28525,CART-25525,1744166220725,125.10,71.05,5.55,Electronics,3,Pending,Web,South,P-488,SKU-1537,41.70,1.67,10.01,Returning,Debit Card
ORD-23526,CUST-9411,SESS-28526,CART-25526,2023-10-03,347.90,181.88,25.75,Fashion,4,Returned,Affiliate,North,P-361,SKU-3694,86.98,6.35,27.83,Returning,Crypto
ORD-23527,CUST-9411,SESS-28527,CART-25527,2025-09-11,79.95,44.21,11.31,Fashion,4,Returned,Web,International,P-168,SKU-1075,19.99,16.02,6.40,VIP,Debit Card
ORD-23528,CUST-9412,SESS-28528,CART-25528,2024-12-10,209.97,70.92,30.55,Beauty,2,Completed,Mobile App,East,P-450,SKU-1417,104.99,11.76,16.80,Returning,PayPal
ORD-23529,CUST-9412,SESS-28529,CART-25529,2/24/2024,441.33,229.25,4.05,Beauty,4,Cancelled,Mobile App,West,P-888,SKU-2169,110.33,4.64,35.31,Returning,Credit Card
ORD-23530,CUST-9413,SESS-28530,CART-25530,2025-10-02,144.90,85.06,43.36,Sports,3,Cancelled,Mobile App,East,P-706,SKU-3693,48.30,17.03,11.59,New,Debit Card
ORD-23531,CUST-9413,SESS-28531,CART-25531,2024-07-07,229.88,99.76,7.86,Beauty,5,Completed,Mobile App,East,P-877,SKU-1391,45.98,3.81,18.39,Returning,Debit Card
ORD-23532,CUST-9413,SESS-28532,CART-25532,2026-02-24,60.19,34.57,10.07,Beauty,1,Cancelled,Mobile App,West,P-786,SKU-1517,60.19,1.01,4.82,New,Crypto
ORD-23533,CUST-9414,SESS-28533,CART-25533,2023-06-20,463.12,207.21,26.12,Home,5,Returned,Affiliate,North,P-755,SKU-2931,92.62,7.43,37.05,VIP,Debit Card
ORD-23534,CUST-9414,SESS-28534,CART-25534,2025-03-10,390.14,158.81,10.85,Home,1,Returned,Mobile App,West,P-895,SKU-4435,390.14,14.98,31.21,Returning,Debit Card
ORD-23535,CUST-9415,SESS-28535,CART-25535,2024-08-19,46.13,14.76,42.23,Beauty,5,Shipped,Social Media,South,P-6,SKU-2638,9.23,17.17,3.69,Returning,PayPal
ORD-23536,CUST-9415,SESS-28536,CART-25536,2024-02-28,232.09,93.34,24.76,Fashion,4,Returned,Web,International,P-309,SKU-1452,58.02,11.87,18.57,New,Credit Card
ORD-23537,CUST-9415,SESS-28537,CART-25537,2023-11-26,432.31,239.25,15.11,Home,3,Pending,Mobile App,International,P-323,SKU-3055,144.10,0.61,34.58,Returning,Crypto
ORD-23538,CUST-9416,SESS-28538,CART-25538,2025-04-21,65.57,34.92,48.61,Home,1,Cancelled,Web,International,P-152,SKU-657,65.57,5.26,5.25,VIP,Crypto
ORD-23539,CUST-9416,SESS-28539,CART-25539,2025-02-11,122.21,49.43,7.49,Home,5,Cancelled,Mobile App,North,P-569,SKU-3070,24.44,5.32,9.78,New,Crypto
ORD-23540,CUST-9417,SESS-28540,CART-25540,2025-04-29,237.18,116.64,16.31,Home,3,Returned,Mobile App,East,P-170,SKU-1576,79.06,8.87,18.97,Returning,Crypto
ORD-23541,CUST-9417,SESS-28541,CART-25541,2023-09-03,63.04,21.34,32.66,Home,1,Cancelled,Social Media,West,P-59,SKU-536,63.04,7.36,5.04,New,Crypto
ORD-23542,CUST-9417,SESS-28542,CART-25542,2024-09-17,494.56,204.03,24.44,Sports,5,Completed,Web,West,P-972,SKU-3969,98.91,17.97,39.57,Returning,Credit Card
ORD-23543,CUST-9418,SESS-28543,CART-25543,2024-06-14,74.50,42.40,33.01,Fashion,4,Pending,Web,East,P-738,SKU-3260,18.62,3.84,5.96,New,PayPal
ORD-23544,CUST-9418,SESS-28544,CART-25544,2024-01-14,59.94,27.17,31.22,Home,1,Returned,Affiliate,South,P-619,SKU-726,59.94,16.40,4.79,Returning,Debit Card
ORD-23545,CUST-9419,SESS-28545,CART-25545,2025-11-29,10.45,3.74,49.18,Electronics,3,Shipped,Affiliate,South,P-748,SKU-4564,3.48,3.30,0.84,New,PayPal
ORD-23546,CUST-9419,SESS-28546,CART-25546,2025-06-06,506.55,185.99,3.23,Fashion,5,Cancelled,Web,South,P-308,SKU-1410,101.31,17.18,40.52,VIP,Debit Card
ORD-23547,CUST-9419,SESS-28547,CART-25547,1/29/2026,437.31,145.08,30.83,Home,1,Completed,Affiliate,East,P-374,SKU-106,437.31,12.85,34.98,New,PayPal
ORD-23548,CUST-9420,SESS-28548,CART-25548,2023-02-14,45.52,20.45,38.37,Electronics,1,Cancelled,Web,South,P-992,SKU-3917,45.52,17.11,3.64,New,Crypto
ORD-23549,CUST-9420,SESS-28549,CART-25549,2024-09-29,28.45,13.75,0.82,  sports  ,4,Returned,Affiliate,International,P-936,SKU-1430,7.11,3.00,2.28,New,Debit Card
ORD-23550,CUST-9421,SESS-28550,CART-25550,6/8/2024,237.77,80.79,37.51,Home,2,Shipped,Mobile App,South,P-886,SKU-902,118.89,7.46,19.02,VIP,Debit Card
ORD-23551,CUST-9421,SESS-28551,CART-25551,2023-07-01,85.22,26.10,0.37,Electronics,3,Shipped,Affiliate,East,P-758,SKU-130,28.41,14.03,6.82,Returning,PayPal
ORD-23552,CUST-9421,SESS-28552,CART-25552,2025-09-25,152.48,51.90,31.77,Sports,3,Pending,Social Media,West,P-148,SKU-2458,50.83,16.37,12.20,VIP,Debit Card
ORD-23553,CUST-9422,SESS-28553,CART-25553,2024-07-29,382.43,139.19,40.86,Home,1,Returned,Affiliate,West,P-771,SKU-769,382.43,12.54,30.59,VIP,Crypto
ORD-23554,CUST-9422,SESS-28554,CART-25554,2023-09-02,353.27,112.69,24.41,Beauty,2,Returned,Mobile App,West,P-229,SKU-4149,176.64,5.63,28.26,Returning,Credit Card
ORD-23555,CUST-9423,SESS-28555,CART-25555,1732094400352,52.94,25.45,34.45,Fashion,1,Completed,Affiliate,International,P-475,SKU-1461,52.94,0.66,4.24,VIP,Crypto
ORD-23556,CUST-9423,SESS-28556,CART-25556,2023-10-04,,56.23,17.44,Sports,1,Completed,Web,International,P-421,SKU-4052,102.15,11.43,8.17,VIP,PayPal
ORD-23557,CUST-9423,SESS-28557,CART-25557,2024-04-06,129.55,42.43,31.56,Electronics,4,Cancelled,Mobile App,International,P-302,SKU-3065,32.39,1.69,10.36,New,Crypto
ORD-23558,CUST-9424,SESS-28558,CART-25558,2023-06-27,270.27,111.18,22.04,Beauty,5,Completed,Web,South,P-420,SKU-3147,54.05,19.34,21.62,Returning,Credit Card
ORD-23559,CUST-9424,SESS-28559,CART-25559,4/30/2025,360.18,192.12,20.95,Sports,3,Returned,Affiliate,North,P-355,SKU-2023,120.06,14.39,28.81,New,Debit Card
ORD-23560,CUST-9425,SESS-28560,CART-25560,2024-03-01,276.95,85.98,35.44,Home,4,Shipped,Mobile App,North,P-14,SKU-1441,69.24,11.15,22.16,VIP,Credit Card
ORD-23561,CUST-9425,SESS-28561,CART-25561,2023-07-15,193.81,67.50,5.25,Sports,3,Cancelled,Mobile App,East,P-702,SKU-2556,64.60,5.12,15.50,Returning,Credit Card
ORD-23562,CUST-9425,SESS-28562,CART-25562,2023-07-08,502.67,240.83,28.78,Beauty,5,Returned,Affiliate,North,P-797,SKU-4897,100.53,5.77,40.21,Returning,PayPal
ORD-23563,CUST-9426,SESS-28563,CART-25563,1710994664848,358.92,191.40,48.59,Fashion,3,Completed,Affiliate,West,P-880,SKU-1420,119.64,10.94,28.71,New,Credit Card
ORD-23564,CUST-9426,SESS-28564,CART-25564,2026-02-19,221.16,117.12,16.55,Home,5,Completed,Affiliate,International,P-852,SKU-4651,44.23,12.36,17.69,VIP,PayPal
ORD-23565,CUST-9427,SESS-28565,CART-25565,2025-08-27,331.47,107.02,41.35,Fashion,5,Returned,Social Media,West,P-240,SKU-4270,66.29,16.10,26.52,Returning,Debit Card
ORD-23566,CUST-9427,SESS-28566,CART-25566,2025-12-16,199.68,117.75,5.85,Beauty,5,Cancelled,Affiliate,West,P-595,SKU-3120,39.94,8.81,15.97,VIP,Debit Card
ORD-23567,CUST-9427,SESS-28567,CART-25567,2026-03-09,337.89,181.52,15.82,Fashion,2,Cancelled,Affiliate,International,P-114,SKU-1281,168.94,11.79,27.03,VIP,Debit Card
ORD-23568,CUST-9428,SESS-28568,CART-25568,2023-04-12,273.28,123.00,24.86,Sports,1,Shipped,Affiliate,International,P-997,SKU-1434,273.28,19.57,21.86,VIP,Crypto
ORD-23569,CUST-9428,SESS-28569,CART-25569,2023-11-23,124.27,44.95,14.52,Beauty,3,Completed,Affiliate,East,P-755,SKU-3787,41.42,17.07,9.94,VIP,Crypto
ORD-23570,CUST-9429,SESS-28570,CART-25570,2023-06-01,110.54,43.12,39.70,Fashion,5,Shipped,Social Media,North,P-865,SKU-4832,22.11,6.12,8.84,VIP,Credit Card
ORD-23571,CUST-9429,SESS-28571,CART-25571,2023-09-19,46.67,21.37,1.92,Fashion,5,Pending,Social Media,South,P-456,SKU-3898,9.33,15.03,3.73,New,PayPal
ORD-23572,CUST-9429,SESS-28572,CART-25572,2024-03-31,312.70,147.70,30.29,Fashion,3,Cancelled,Mobile App,International,P-239,SKU-4776,104.23,11.65,25.02,New,Crypto
ORD-23573,CUST-9430,SESS-28573,CART-25573,2026-01-13,139.66,54.43,38.27,Beauty,4,Completed,Affiliate,South,P-476,SKU-3861,34.92,19.45,11.17,VIP,Credit Card
ORD-23574,CUST-9430,SESS-28574,CART-25574,2026-03-06,196.45,61.41,11.16,Fashion,4,Returned,Mobile App,East,P-52,SKU-2248,49.11,14.69,15.72,Returning,Debit Card
ORD-23575,CUST-9431,SESS-28575,CART-25575,2024-08-18,,129.66,23.29,Beauty,1,Cancelled,Social Media,East,P-151,SKU-1518,370.90,0.31,29.67,New,Credit Card
ORD-23576,CUST-9431,SESS-28576,CART-25576,2025-12-02,167.66,89.83,18.89,Home,1,Shipped,Social Media,South,P-292,SKU-1556,167.66,2.03,13.41,Returning,Debit Card
ORD-23577,CUST-9431,SESS-28577,CART-25577,1706792265878,87.75,43.43,32.38,Fashion,2,Shipped,Social Media,South,P-105,SKU-1217,43.87,8.44,7.02,Returning,PayPal
ORD-23578,CUST-9432,SESS-28578,CART-25578,2023-01-23,203.86,86.36,13.06,Home,4,Shipped,Web,South,P-152,SKU-2500,50.97,9.38,16.31,New,Credit Card
ORD-23579,CUST-9432,SESS-28579,CART-25579,4/12/2023,189.49,58.49,20.24,Electronics,2,Returned,Social Media,South,P-71,SKU-2778,94.75,4.85,15.16,VIP,Credit Card
ORD-23580,CUST-9433,SESS-28580,CART-25580,2023-02-21,78.58,34.56,42.05,Sports,5,Returned,Mobile App,International,P-820,SKU-3524,15.72,6.35,6.29,Returning,Debit Card
ORD-23581,CUST-9433,SESS-28581,CART-25581,2025-01-10,129.52,65.39,0.44,Sports,4,Returned,Web,International,P-976,SKU-845,32.38,17.06,10.36,VIP,Debit Card
ORD-23582,CUST-9433,SESS-28582,CART-25582,1683317224609,160.32,87.73,37.88,Home,5,Returned,Social Media,International,P-576,SKU-4559,32.06,5.13,12.83,VIP,Crypto
ORD-23583,CUST-9434,SESS-28583,CART-25583,2026-02-05,356.53,182.84,20.38,Sports,1,Returned,Social Media,East,P-691,SKU-3158,356.53,3.30,28.52,Returning,Debit Card
ORD-23584,CUST-9434,SESS-28584,CART-25584,2023-09-20,19.46,8.52,1.97,Electronics,1,Returned,Social Media,International,P-759,SKU-4345,19.46,10.27,1.56,VIP,Credit Card
ORD-23585,CUST-9435,SESS-28585,CART-25585,2025-10-28,48.91,16.58,34.48,Home,3,Completed,Social Media,International,P-992,SKU-4505,16.30,6.51,3.91,New,PayPal
ORD-23586,CUST-9435,SESS-28586,CART-25586,2023-05-30,159.04,80.73,13.11,Home,5,Cancelled,Web,North,P-586,SKU-2666,31.81,8.41,12.72,New,PayPal
ORD-23587,CUST-9435,SESS-28587,CART-25587,2025-11-29,334.59,156.24,45.25,Sports,1,Returned,Affiliate,East,P-159,SKU-3441,334.59,4.46,26.77,Returning,PayPal
ORD-23588,CUST-9436,SESS-28588,CART-25588,2024-06-23,NULL,81.39,1.51,  electronics  ,4,Pending,Affiliate,North,P-596,SKU-922,51.71,4.55,16.55,VIP,Debit Card
ORD-23589,CUST-9436,SESS-28589,CART-25589,2024-08-05,399.20,194.64,32.27,Home,3,Pending,Web,West,P-950,SKU-3143,133.07,3.13,31.94,Returning,PayPal
ORD-23590,CUST-9437,SESS-28590,CART-25590,8/9/2023,188.82,98.08,30.48,Sports,4,Pending,Affiliate,South,P-575,SKU-2419,47.21,15.71,15.11,New,Credit Card
ORD-23591,CUST-9437,SESS-28591,CART-25591,2023-12-03,313.38,139.85,9.69,Fashion,3,Cancelled,Social Media,West,P-869,SKU-4547,104.46,18.20,25.07,New,Credit Card
ORD-23592,CUST-9437,SESS-28592,CART-25592,2024-10-22,80.34,31.64,21.09,Electronics,3,Cancelled,Social Media,East,P-983,SKU-3347,26.78,7.04,6.43,VIP,Debit Card
ORD-23593,CUST-9438,SESS-28593,CART-25593,2024-05-12,329.19,154.43,21.39,Electronics,3,Completed,Web,International,P-728,SKU-2290,109.73,11.66,26.34,VIP,PayPal
ORD-23594,CUST-9438,SESS-28594,CART-25594,2024-05-02,490.46,250.85,11.81,Electronics,2,Cancelled,Affiliate,International,P-695,SKU-3631,245.23,5.49,39.24,New,Crypto
ORD-23595,CUST-9439,SESS-28595,CART-25595,2023-09-23,184.98,97.40,27.59,Fashion,4,Returned,Social Media,East,P-769,SKU-123,46.25,7.59,14.80,VIP,Crypto
ORD-23596,CUST-9439,SESS-28596,CART-25596,2024-11-15,436.29,238.98,12.93,Beauty,3,Pending,Web,West,P-149,SKU-4830,145.43,18.82,34.90,VIP,Credit Card
ORD-23597,CUST-9439,SESS-28597,CART-25597,7/18/2025,139.81,79.47,18.76,Electronics,1,Cancelled,Affiliate,West,P-1,SKU-3925,139.81,3.32,11.18,Returning,PayPal
ORD-23598,CUST-9440,SESS-28598,CART-25598,2025-01-05,14.12,4.40,29.89,Fashion,2,Returned,Mobile App,International,P-840,SKU-3057,7.06,18.97,1.13,New,Debit Card
ORD-23599,CUST-9440,SESS-28599,CART-25599,2025-02-05,496.43,167.17,6.71,Beauty,2,Returned,Web,West,P-713,SKU-90,248.21,0.67,39.71,New,Debit Card
ORD-23600,CUST-9441,SESS-28600,CART-25600,2024-07-14,494.40,189.01,34.01,Fashion,2,Completed,Social Media,South,P-414,SKU-3808,247.20,11.66,39.55,New,Crypto
ORD-23601,CUST-9441,SESS-28601,CART-25601,2025-04-20,309.09,178.87,25.84,Electronics,1,Pending,Mobile App,West,P-19,SKU-4341,309.09,14.75,24.73,New,Crypto
ORD-23602,CUST-9441,SESS-28602,CART-25602,2024-07-03,62.49,31.13,21.99,Sports,3,Cancelled,Social Media,South,P-424,SKU-4112,20.83,16.05,5.00,New,Debit Card
ORD-23603,CUST-9442,SESS-28603,CART-25603,2026-01-19,67.03,24.46,35.74,Beauty,4,Returned,Web,North,P-253,SKU-4883,16.76,12.12,5.36,Returning,Crypto
ORD-23604,CUST-9442,SESS-28604,CART-25604,2024-03-11,246.36,140.65,38.87,Beauty,4,Cancelled,Social Media,International,P-283,SKU-122,61.59,6.07,19.71,New,Credit Card
ORD-23605,CUST-9443,SESS-28605,CART-25605,2023-10-19,451.85,215.53,43.31,Home,4,Pending,Mobile App,East,P-3,SKU-1808,112.96,10.38,36.15,Returning,Crypto
ORD-23606,CUST-9443,SESS-28606,CART-25606,2023-02-10,380.25,206.58,23.29,Electronics,1,Completed,Affiliate,International,P-162,SKU-2354,380.25,7.81,30.42,Returning,PayPal
ORD-23607,CUST-9443,SESS-28607,CART-25607,2025-03-20,221.97,129.56,18.14,Electronics,1,Returned,Social Media,International,P-669,SKU-3577,221.97,0.46,17.76,VIP,Credit Card
ORD-23608,CUST-9444,SESS-28608,CART-25608,2023-06-12,469.70,237.99,40.65,Electronics,1,Pending,Web,East,P-226,SKU-1213,469.70,4.85,37.58,Returning,PayPal
ORD-23609,CUST-9444,SESS-28609,CART-25609,2023-08-08,380.76,217.38,40.00,Home,5,Returned,Mobile App,East,P-380,SKU-3513,76.15,7.67,30.46,VIP,Credit Card
ORD-23610,CUST-9445,SESS-28610,CART-25610,5/3/2023,216.33,96.00,33.83,Home,2,Cancelled,Social Media,International,P-634,SKU-2179,108.16,14.41,17.31,Returning,PayPal
ORD-23611,CUST-9445,SESS-28611,CART-25611,2023-05-29,385.99,162.37,7.30,Home,2,Shipped,Mobile App,South,P-806,SKU-458,193.00,11.94,30.88,Returning,Credit Card
ORD-23612,CUST-9445,SESS-28612,CART-25612,2025-08-07,368.29,140.60,22.54,Fashion,4,Pending,Mobile App,East,P-516,SKU-1117,92.07,14.28,29.46,VIP,Credit Card
ORD-23613,CUST-9446,SESS-28613,CART-25613,2024-12-03,40.64,22.70,44.39,Home,5,Completed,Social Media,East,P-990,SKU-4450,8.13,7.73,3.25,New,Credit Card
ORD-23614,CUST-9446,SESS-28614,CART-25614,2025-06-22,311.23,112.15,10.51,Home,3,Pending,Web,North,P-589,SKU-1351,103.74,14.68,24.90,Returning,PayPal
ORD-23615,CUST-9447,SESS-28615,CART-25615,2024-07-31,109.44,47.11,40.50,Fashion,5,Completed,Web,East,P-869,SKU-4421,21.89,0.31,8.75,VIP,Credit Card
ORD-23616,CUST-9447,SESS-28616,CART-25616,2023-03-17,372.04,112.12,25.20,Home,2,Cancelled,Social Media,North,P-145,SKU-2626,186.02,6.16,29.76,New,Crypto
ORD-23617,CUST-9447,SESS-28617,CART-25617,2023-03-14,56.05,29.04,49.24,Electronics,4,Cancelled,Web,West,P-22,SKU-3067,14.01,4.88,4.48,New,Crypto
ORD-23618,CUST-9448,SESS-28618,CART-25618,2025-04-30,206.85,118.06,3.72,Fashion,4,Shipped,Mobile App,South,P-624,SKU-643,51.71,1.39,16.55,New,Credit Card
ORD-23619,CUST-9448,SESS-28619,CART-25619,2025-02-14,135.01,75.03,6.02,Sports,3,Completed,Social Media,East,P-47,SKU-898,45.00,9.34,10.80,VIP,Crypto
ORD-23620,CUST-9449,SESS-28620,CART-25620,2024-03-17,442.56,205.42,33.64,Fashion,5,Returned,Mobile App,West,P-406,SKU-1368,88.51,14.20,35.40,Returning,Crypto
ORD-23621,CUST-9449,SESS-28621,CART-25621,2023-11-29,461.09,162.31,27.37,Home,1,Completed,Affiliate,South,P-714,SKU-2224,461.09,4.23,36.89,VIP,PayPal
ORD-23622,CUST-9449,SESS-28622,CART-25622,2025-04-19,157.72,66.66,12.97,Beauty,3,Returned,Affiliate,South,P-296,SKU-4127,52.57,18.78,12.62,New,Credit Card
ORD-23623,CUST-9450,SESS-28623,CART-25623,2025-11-06,321.75,175.51,5.60,Beauty,1,Returned,Mobile App,South,P-306,SKU-525,321.75,19.66,25.74,New,Credit Card
ORD-23624,CUST-9450,SESS-28624,CART-25624,2023-04-15,127.90,55.74,11.74,Fashion,3,Completed,Social Media,North,P-5,SKU-750,42.63,11.20,10.23,Returning,Credit Card
ORD-23625,CUST-9451,SESS-28625,CART-25625,2026-01-03,343.48,151.50,5.35,Electronics,3,Completed,Affiliate,North,P-757,SKU-4418,114.49,4.49,27.48,New,Crypto
ORD-23626,CUST-9451,SESS-28626,CART-25626,2024-02-03,,192.24,14.13,Fashion,5,Returned,Web,International,P-221,SKU-795,71.97,4.86,28.79,Returning,PayPal
ORD-23627,CUST-9451,SESS-28627,CART-25627,2024-10-07,381.05,115.97,33.09,Fashion,3,Completed,Affiliate,South,P-961,SKU-1619,127.02,16.78,30.48,New,Debit Card
ORD-23628,CUST-9452,SESS-28628,CART-25628,2025-05-19,408.92,226.52,23.07,Electronics,5,Completed,Mobile App,West,P-53,SKU-1450,81.78,3.16,32.71,New,Crypto
ORD-23629,CUST-9452,SESS-28629,CART-25629,2023-06-26,234.95,88.08,8.41,  home  ,5,Pending,Affiliate,International,P-210,SKU-4867,46.99,13.45,18.80,VIP,Crypto
ORD-23630,CUST-9453,SESS-28630,CART-25630,2024-10-14,396.44,202.93,11.99,Beauty,1,Shipped,Web,International,P-955,SKU-2164,396.44,12.95,31.72,New,Debit Card
ORD-23631,CUST-9453,SESS-28631,CART-25631,2023-12-31,342.16,202.27,28.10,Fashion,3,Pending,Mobile App,North,P-857,SKU-1139,114.05,1.54,27.37,Returning,Crypto
ORD-23632,CUST-9453,SESS-28632,CART-25632,6/10/2025,438.09,160.19,11.80,Beauty,5,Returned,Web,International,P-618,SKU-2812,87.62,1.48,35.05,Returning,Debit Card
ORD-23633,CUST-9454,SESS-28633,CART-25633,2026-01-22,405.17,192.85,3.38,Beauty,4,Cancelled,Web,South,P-910,SKU-4528,101.29,12.01,32.41,Returning,Crypto
ORD-23634,CUST-9454,SESS-28634,CART-25634,2023-01-27,373.76,119.14,7.46,Fashion,3,Pending,Affiliate,North,P-119,SKU-284,124.59,3.43,29.90,New,Crypto
ORD-23635,CUST-9455,SESS-28635,CART-25635,2023-03-27,258.35,115.01,20.18,  fashion  ,3,Completed,Mobile App,West,P-494,SKU-2265,86.12,19.19,20.67,New,Credit Card
ORD-23636,CUST-9455,SESS-28636,CART-25636,2024-04-20,43.09,12.93,15.08,Beauty,2,Returned,Affiliate,East,P-854,SKU-3272,21.54,6.27,3.45,New,Crypto
ORD-23637,CUST-9455,SESS-28637,CART-25637,2025-10-21,78.26,27.61,28.24,Electronics,3,Returned,Web,West,P-952,SKU-1906,26.09,14.43,6.26,Returning,PayPal
ORD-23638,CUST-9456,SESS-28638,CART-25638,2025-04-12,374.46,223.41,27.74,Beauty,4,Completed,Affiliate,East,P-115,SKU-2959,93.62,13.94,29.96,Returning,Debit Card
ORD-23639,CUST-9456,SESS-28639,CART-25639,2026-01-22,218.25,120.87,19.49,Home,4,Cancelled,Mobile App,West,P-833,SKU-2283,54.56,16.32,17.46,Returning,PayPal
ORD-23640,CUST-9457,SESS-28640,CART-25640,2024-08-23,393.18,126.94,22.94,Fashion,2,Returned,Social Media,West,P-271,SKU-3510,196.59,3.78,31.45,Returning,PayPal
ORD-23641,CUST-9457,SESS-28641,CART-25641,2024-08-17,47.35,14.35,22.66,Beauty,3,Shipped,Web,North,P-582,SKU-3338,15.78,16.95,3.79,VIP,Credit Card
ORD-23642,CUST-9457,SESS-28642,CART-25642,2023-02-10,195.16,71.16,42.29,Home,3,Returned,Affiliate,International,P-722,SKU-1076,65.05,16.83,15.61,VIP,Crypto
ORD-23643,CUST-9458,SESS-28643,CART-25643,3/13/2023,242.94,137.31,41.93,Sports,5,Pending,Affiliate,South,P-385,SKU-72,48.59,15.23,19.44,Returning,Debit Card
ORD-23644,CUST-9458,SESS-28644,CART-25644,2023-02-09,235.57,108.32,31.82,Home,2,Cancelled,Web,East,P-458,SKU-1183,117.78,17.34,18.85,New,Credit Card
ORD-23645,CUST-9459,SESS-28645,CART-25645,2024-01-03,456.53,157.59,2.02,Beauty,5,Returned,Affiliate,East,P-753,SKU-2159,91.31,12.64,36.52,Returning,Credit Card
ORD-23646,CUST-9459,SESS-28646,CART-25646,2025-11-23,101.93,32.09,39.01,Electronics,3,Shipped,Mobile App,International,P-773,SKU-1698,33.98,2.64,8.15,Returning,Debit Card
ORD-23647,CUST-9459,SESS-28647,CART-25647,2025-10-08,47.44,21.56,9.40,Fashion,1,Shipped,Mobile App,North,P-457,SKU-607,47.44,12.89,3.80,Returning,PayPal
ORD-23648,CUST-9460,SESS-28648,CART-25648,1700238992255,181.23,69.41,27.68,Sports,4,Shipped,Affiliate,East,P-451,SKU-2702,45.31,8.00,14.50,VIP,Credit Card
ORD-23649,CUST-9460,SESS-28649,CART-25649,2023-07-16,140.76,45.62,46.63,Beauty,1,Shipped,Web,International,P-652,SKU-9,140.76,4.99,11.26,VIP,Crypto
ORD-23650,CUST-9461,SESS-28650,CART-25650,2023-02-15,306.01,177.69,17.58,Electronics,1,Shipped,Mobile App,South,P-149,SKU-1647,306.01,2.85,24.48,Returning,Credit Card
ORD-23651,CUST-9461,SESS-28651,CART-25651,2023-03-28,291.44,131.40,41.29,,5,Pending,Affiliate,West,P-276,SKU-2755,58.29,1.01,23.31,VIP,Credit Card
ORD-23652,CUST-9461,SESS-28652,CART-25652,2023-08-26,476.85,164.54,1.68,Sports,2,Returned,Web,East,P-328,SKU-2572,238.43,19.81,38.15,VIP,Debit Card
ORD-23653,CUST-9462,SESS-28653,CART-25653,8/28/2024,114.82,43.53,23.94,Beauty,2,Completed,Mobile App,North,P-61,SKU-2808,57.41,12.74,9.19,Returning,Credit Card
ORD-23654,CUST-9462,SESS-28654,CART-25654,2026-03-02,333.20,196.10,15.01,Home,5,Cancelled,Affiliate,North,P-36,SKU-878,66.64,6.83,26.66,Returning,Crypto
ORD-23655,CUST-9463,SESS-28655,CART-25655,2024-12-22,147.80,51.72,2.94,Beauty,1,Completed,Mobile App,International,P-974,SKU-529,147.80,17.08,11.82,VIP,PayPal
ORD-23656,CUST-9463,SESS-28656,CART-25656,9/10/2024,142.39,45.30,16.70,Beauty,5,Cancelled,Mobile App,East,P-41,SKU-1082,28.48,19.92,11.39,New,Crypto
ORD-23657,CUST-9463,SESS-28657,CART-25657,2024-02-04,278.93,113.94,6.08,Beauty,3,Pending,Affiliate,South,P-999,SKU-2238,92.98,5.06,22.31,VIP,Credit Card
ORD-23658,CUST-9464,SESS-28658,CART-25658,2025-05-10,181.18,55.83,32.07,Fashion,4,Pending,Social Media,South,P-181,SKU-639,45.30,8.84,14.49,VIP,Crypto
ORD-23659,CUST-9464,SESS-28659,CART-25659,2023-11-02,357.24,184.22,30.78,Electronics,5,Cancelled,Web,South,P-961,SKU-4436,71.45,2.65,28.58,Returning,Credit Card
ORD-23660,CUST-9465,SESS-28660,CART-25660,2026-03-12,194.48,91.78,4.97,Home,2,Pending,Affiliate,International,P-227,SKU-4199,97.24,1.76,15.56,New,Crypto
ORD-23661,CUST-9465,SESS-28661,CART-25661,2023-06-05,458.69,194.15,12.70,Beauty,5,Cancelled,Affiliate,West,P-501,SKU-4777,91.74,18.84,36.70,VIP,Credit Card
ORD-23662,CUST-9465,SESS-28662,CART-25662,2023-10-10,473.97,182.52,29.10,Sports,2,Returned,Web,East,P-188,SKU-4485,236.99,17.65,37.92,Returning,PayPal
ORD-23663,CUST-9466,SESS-28663,CART-25663,1721727960235,111.46,57.29,21.19,,5,Returned,Social Media,International,P-526,SKU-3374,22.29,6.49,8.92,VIP,Crypto
ORD-23664,CUST-9466,SESS-28664,CART-25664,2023-05-15,286.25,98.26,36.10,Electronics,1,Pending,Affiliate,West,P-231,SKU-4822,286.25,12.88,22.90,Returning,Crypto
ORD-23665,CUST-9467,SESS-28665,CART-25665,2023-02-11,414.05,201.57,16.90,Home,1,Shipped,Mobile App,South,P-643,SKU-2033,414.05,6.71,33.12,Returning,Crypto
ORD-23666,CUST-9467,SESS-28666,CART-25666,2025-10-23,288.71,157.30,4.48,Home,2,Cancelled,Affiliate,North,P-563,SKU-3543,144.36,8.13,23.10,VIP,Credit Card
ORD-23667,CUST-9467,SESS-28667,CART-25667,2024-05-10,154.63,62.80,38.04,Beauty,4,Completed,Web,South,P-887,SKU-821,38.66,6.94,12.37,Returning,Crypto
ORD-23668,CUST-9468,SESS-28668,CART-25668,2026-01-08,64.44,23.60,39.84,Electronics,4,Shipped,Social Media,South,P-699,SKU-2741,16.11,17.69,5.15,New,Credit Card
ORD-23669,CUST-9468,SESS-28669,CART-25669,2025-07-17,457.72,198.47,19.26,Beauty,1,Shipped,Web,North,P-942,SKU-2652,457.72,6.14,36.62,VIP,Credit Card
ORD-23670,CUST-9469,SESS-28670,CART-25670,2023-12-06,183.44,71.36,34.88,Home,2,Completed,Social Media,East,P-840,SKU-3340,91.72,15.36,14.67,New,Credit Card
ORD-23671,CUST-9469,SESS-28671,CART-25671,2023-06-28,,109.75,17.39,Home,3,Cancelled,Web,North,P-934,SKU-4695,62.48,16.47,14.99,New,Crypto
ORD-23672,CUST-9469,SESS-28672,CART-25672,2025-09-23,125.14,41.41,24.60,Fashion,5,Completed,Mobile App,South,P-398,SKU-4721,25.03,17.46,10.01,Returning,Crypto
ORD-23673,CUST-9470,SESS-28673,CART-25673,5/23/2025,77.41,23.44,5.34,Electronics,4,Completed,Affiliate,South,P-918,SKU-3342,19.35,1.80,6.19,New,Credit Card
ORD-23674,CUST-9470,SESS-28674,CART-25674,2023-01-09,82.72,44.30,5.38,Home,4,Completed,Web,South,P-404,SKU-1587,20.68,13.54,6.62,New,Crypto
ORD-23675,CUST-9471,SESS-28675,CART-25675,2025-05-09,488.87,242.60,32.23,Electronics,4,Shipped,Mobile App,West,P-922,SKU-1067,122.22,14.18,39.11,New,Debit Card
ORD-23676,CUST-9471,SESS-28676,CART-25676,2025-10-10,397.83,126.64,5.01,Fashion,3,Shipped,Web,North,P-534,SKU-2443,132.61,16.69,31.83,New,PayPal
ORD-23677,CUST-9471,SESS-28677,CART-25677,2023-04-01,235.82,124.01,38.52,Electronics,4,Cancelled,Mobile App,East,P-268,SKU-1286,58.95,11.71,18.87,Returning,Debit Card
ORD-23678,CUST-9472,SESS-28678,CART-25678,2023-03-06,155.19,67.16,8.86,Sports,5,Cancelled,Web,West,P-675,SKU-1998,31.04,14.68,12.42,Returning,Debit Card
ORD-23679,CUST-9472,SESS-28679,CART-25679,2025-12-16,476.46,233.41,30.67,Electronics,5,Shipped,Affiliate,North,P-137,SKU-455,95.29,11.13,38.12,New,PayPal
ORD-23680,CUST-9473,SESS-28680,CART-25680,2023-09-30,266.68,82.59,6.47,Fashion,3,Shipped,Web,East,P-174,SKU-1768,88.89,17.35,21.33,New,Debit Card
ORD-23681,CUST-9473,SESS-28681,CART-25681,2025-01-24,448.75,135.57,11.04,Beauty,3,Cancelled,Mobile App,International,P-354,SKU-2173,149.58,8.44,35.90,Returning,PayPal
ORD-23682,CUST-9473,SESS-28682,CART-25682,2025-04-22,462.07,158.25,47.29,Sports,4,Returned,Affiliate,North,P-864,SKU-2645,115.52,12.78,36.97,Returning,Crypto
ORD-23683,CUST-9474,SESS-28683,CART-25683,2024-12-23,353.62,122.06,30.63,Electronics,3,Shipped,Mobile App,South,P-740,SKU-2802,117.87,11.69,28.29,VIP,Crypto
ORD-23684,CUST-9474,SESS-28684,CART-25684,2023-10-31,465.85,192.37,41.86,Sports,,Completed,Mobile App,North,P-976,SKU-3578,93.17,6.92,37.27,New,PayPal
ORD-23685,CUST-9475,SESS-28685,CART-25685,2023-01-17,312.30,108.47,18.82,Electronics,2,Completed,Social Media,South,P-29,SKU-1840,156.15,8.49,24.98,Returning,PayPal
ORD-23686,CUST-9475,SESS-28686,CART-25686,2024-10-07,208.39,74.24,21.08,Electronics,,Pending,Web,West,P-652,SKU-3414,41.68,8.66,16.67,Returning,PayPal
ORD-23687,CUST-9475,SESS-28687,CART-25687,2024-01-15,286.64,123.19,12.76,Electronics,3,Completed,Mobile App,International,P-142,SKU-420,95.55,17.27,22.93,New,Credit Card
ORD-23688,CUST-9476,SESS-28688,CART-25688,2023-02-05,140.40,79.28,25.17,Beauty,5,Pending,Mobile App,International,P-115,SKU-4879,28.08,4.15,11.23,New,Credit Card
ORD-23689,CUST-9476,SESS-28689,CART-25689,2024-03-07,397.16,180.16,31.96,Beauty,3,Returned,Mobile App,South,P-723,SKU-4358,132.39,18.86,31.77,New,PayPal
ORD-23690,CUST-9477,SESS-28690,CART-25690,2024-12-11,98.22,29.66,43.15,Sports,3,Completed,Social Media,South,P-389,SKU-2072,32.74,2.38,7.86,Returning,Credit Card
ORD-23691,CUST-9477,SESS-28691,CART-25691,2024-11-03,NULL,57.26,23.42,Sports,1,Returned,Social Media,North,P-382,SKU-623,158.00,17.32,12.64,New,Crypto
ORD-23692,CUST-9477,SESS-28692,CART-25692,2026-01-31,193.24,77.08,11.89,Beauty,3,Pending,Mobile App,South,P-3,SKU-3273,64.41,15.02,15.46,VIP,Credit Card
ORD-23693,CUST-9478,SESS-28693,CART-25693,2025-11-13,151.39,49.67,42.60,Home,5,Cancelled,Web,South,P-352,SKU-1186,30.28,2.86,12.11,New,Credit Card
ORD-23694,CUST-9478,SESS-28694,CART-25694,2025-11-10,416.50,210.08,37.10,Fashion,,Completed,Mobile App,North,P-605,SKU-2596,138.83,4.39,33.32,Returning,Crypto
ORD-23695,CUST-9479,SESS-28695,CART-25695,2023-03-09,107.10,60.95,33.71,Beauty,4,Shipped,Social Media,South,P-771,SKU-3860,26.77,16.01,8.57,VIP,Crypto
ORD-23696,CUST-9479,SESS-28696,CART-25696,2022-12-31,445.34,235.68,45.55,Home,4,Cancelled,Mobile App,South,P-227,SKU-1055,111.34,10.76,35.63,Returning,Credit Card
ORD-23697,CUST-9479,SESS-28697,CART-25697,2024-03-06,175.48,81.15,3.44,Electronics,4,Completed,Affiliate,North,P-700,SKU-3000,43.87,0.54,14.04,VIP,Crypto
ORD-23698,CUST-9480,SESS-28698,CART-25698,2024-06-29,140.62,73.54,9.23,Electronics,,Returned,Web,North,P-731,SKU-2403,46.87,12.37,11.25,Returning,Credit Card
ORD-23699,CUST-9480,SESS-28699,CART-25699,2023-12-15,339.67,157.94,32.47,Fashion,5,Shipped,Mobile App,International,P-247,SKU-2942,67.93,4.83,27.17,New,Debit Card
ORD-23700,CUST-9481,SESS-28700,CART-25700,2023-05-07,23.56,10.06,25.48,Fashion,2,Cancelled,Web,North,P-722,SKU-1551,11.78,16.95,1.88,VIP,Debit Card
ORD-23701,CUST-9481,SESS-28701,CART-25701,2024-07-29,457.72,161.60,0.10,Fashion,2,Shipped,Affiliate,West,P-497,SKU-597,228.86,14.77,36.62,New,Crypto
ORD-23702,CUST-9481,SESS-28702,CART-25702,2025-02-06,411.00,165.58,12.40,Fashion,3,Completed,Mobile App,International,P-463,SKU-3757,137.00,0.38,32.88,New,Crypto
ORD-23703,CUST-9482,SESS-28703,CART-25703,7/25/2023,463.03,164.20,31.63,Beauty,4,Completed,Social Media,North,P-811,SKU-2798,115.76,12.86,37.04,New,Crypto
ORD-23704,CUST-9482,SESS-28704,CART-25704,4/28/2025,442.69,176.68,20.81,Fashion,4,Pending,Mobile App,East,P-455,SKU-455,110.67,1.70,35.42,New,PayPal
ORD-23705,CUST-9483,SESS-28705,CART-25705,2025-06-20,34.82,13.42,21.42,Fashion,1,Returned,Affiliate,South,P-116,SKU-1345,34.82,14.38,2.79,Returning,PayPal
ORD-23706,CUST-9483,SESS-28706,CART-25706,2025-09-18,488.29,157.82,6.64,Home,4,Returned,Social Media,West,P-668,SKU-1317,122.07,14.07,39.06,Returning,Crypto
ORD-23707,CUST-9483,SESS-28707,CART-25707,2024-10-24,58.17,28.42,47.01,Fashion,1,Pending,Mobile App,International,P-690,SKU-593,58.17,12.11,4.65,New,Crypto
ORD-23708,CUST-9484,SESS-28708,CART-25708,2025-08-31,91.81,45.56,49.33,Fashion,2,Cancelled,Affiliate,East,P-952,SKU-831,45.90,7.28,7.34,New,Debit Card
ORD-23709,CUST-9484,SESS-28709,CART-25709,2023-03-31,30.24,14.36,10.28,Fashion,2,Returned,Mobile App,West,P-445,SKU-310,15.12,7.45,2.42,New,Credit Card
ORD-23710,CUST-9485,SESS-28710,CART-25710,2023-08-14,391.03,224.19,45.61,Fashion,5,Shipped,Affiliate,International,P-374,SKU-3910,78.21,14.50,31.28,Returning,Crypto
ORD-23711,CUST-9485,SESS-28711,CART-25711,2025-03-07,327.13,116.82,45.27,Beauty,3,Completed,Web,North,P-721,SKU-1018,109.04,1.79,26.17,Returning,Debit Card
ORD-23712,CUST-9485,SESS-28712,CART-25712,2026-01-09,30.02,9.17,22.22,Beauty,4,Pending,Affiliate,West,P-997,SKU-4568,7.51,8.82,2.40,New,PayPal
ORD-23713,CUST-9486,SESS-28713,CART-25713,2023-11-25,223.01,86.54,38.64,Fashion,5,Completed,Mobile App,East,P-387,SKU-2996,44.60,12.95,17.84,New,Crypto
ORD-23714,CUST-9486,SESS-28714,CART-25714,2026-02-09,431.34,205.42,6.43,,5,Returned,Web,East,P-339,SKU-1141,86.27,7.11,34.51,Returning,Crypto
ORD-23715,CUST-9487,SESS-28715,CART-25715,2026-02-14,143.86,59.42,6.99,,5,Returned,Web,North,P-968,SKU-2315,28.77,16.17,11.51,VIP,PayPal
ORD-23716,CUST-9487,SESS-28716,CART-25716,2024-01-28,403.48,213.21,14.62,Sports,5,Returned,Mobile App,International,P-92,SKU-522,80.70,12.38,32.28,VIP,Debit Card
ORD-23717,CUST-9487,SESS-28717,CART-25717,6/28/2023,21.61,9.20,30.00,Electronics,4,Returned,Social Media,West,P-515,SKU-1645,5.40,14.46,1.73,Returning,Credit Card
ORD-23718,CUST-9488,SESS-28718,CART-25718,2025-01-23,136.33,77.49,28.61,Fashion,4,Completed,Affiliate,North,P-111,SKU-389,34.08,2.63,10.91,VIP,Credit Card
ORD-23719,CUST-9488,SESS-28719,CART-25719,2026-02-25,10.80,4.32,19.45,Electronics,5,Cancelled,Social Media,International,P-128,SKU-2865,2.16,15.89,0.86,New,Credit Card
ORD-23720,CUST-9489,SESS-28720,CART-25720,2024-10-15,161.00,49.76,11.26,Fashion,3,Returned,Social Media,South,P-678,SKU-3750,53.67,14.19,12.88,New,PayPal
ORD-23721,CUST-9489,SESS-28721,CART-25721,2023-06-12,NULL,31.75,42.10,Fashion,5,Returned,Mobile App,North,P-375,SKU-3093,12.49,1.16,5.00,Returning,Credit Card
ORD-23722,CUST-9489,SESS-28722,CART-25722,2024-02-16,86.87,35.17,49.09,Home,2,Cancelled,Mobile App,East,P-321,SKU-3903,43.43,15.52,6.95,Returning,Crypto
ORD-23723,CUST-9490,SESS-28723,CART-25723,2023-05-16,222.45,104.05,5.31,Fashion,1,Shipped,Web,South,P-161,SKU-2120,222.45,1.34,17.80,New,Debit Card
ORD-23724,CUST-9490,SESS-28724,CART-25724,2025-01-22,404.95,144.26,23.60,Electronics,4,Completed,Web,North,P-45,SKU-3732,101.24,2.19,32.40,New,PayPal
ORD-23725,CUST-9491,SESS-28725,CART-25725,2024-12-28,19.19,7.41,16.92,Home,3,Completed,Mobile App,International,P-184,SKU-983,6.40,13.16,1.54,VIP,Crypto
ORD-23726,CUST-9491,SESS-28726,CART-25726,2025-06-05,257.30,110.88,14.55,Sports,2,Pending,Social Media,South,P-86,SKU-2486,128.65,2.14,20.58,New,PayPal
ORD-23727,CUST-9491,SESS-28727,CART-25727,8/29/2024,496.57,211.75,7.44,Home,5,Cancelled,Affiliate,East,P-920,SKU-4112,99.31,9.74,39.73,New,Credit Card
ORD-23728,CUST-9492,SESS-28728,CART-25728,2023-02-09,89.76,26.94,40.51,Electronics,1,Completed,Affiliate,North,P-164,SKU-4056,89.76,17.70,7.18,Returning,Credit Card
ORD-23729,CUST-9492,SESS-28729,CART-25729,2023-03-09,139.05,68.99,37.79,Electronics,3,Completed,Web,South,P-424,SKU-4338,46.35,19.52,11.12,Returning,Credit Card
ORD-23730,CUST-9493,SESS-28730,CART-25730,2024-03-31,478.52,284.58,37.77,Home,3,Pending,Affiliate,North,P-768,SKU-3012,159.51,3.92,38.28,Returning,Credit Card
ORD-23731,CUST-9493,SESS-28731,CART-25731,2025-09-18,  337.01  ,116.36,48.03,Sports,2,Returned,Mobile App,East,P-205,SKU-1945,168.50,17.78,26.96,Returning,Crypto
ORD-23732,CUST-9493,SESS-28732,CART-25732,2023-09-26,252.29,123.30,11.24,Electronics,4,Cancelled,Social Media,South,P-431,SKU-2637,63.07,11.66,20.18,New,Debit Card
ORD-23733,CUST-9494,SESS-28733,CART-25733,2024-04-19,162.49,50.94,48.05,Electronics,5,Shipped,Mobile App,North,P-980,SKU-1028,32.50,13.91,13.00,New,Credit Card
ORD-23734,CUST-9494,SESS-28734,CART-25734,2025-11-11,158.32,48.12,38.12,Electronics,3,Cancelled,Affiliate,East,P-84,SKU-4720,52.77,18.53,12.67,New,Credit Card
ORD-23735,CUST-9495,SESS-28735,CART-25735,2025-03-08,431.28,134.01,25.42,Electronics,5,Pending,Social Media,South,P-330,SKU-2607,86.26,17.69,34.50,New,PayPal
ORD-23736,CUST-9495,SESS-28736,CART-25736,2023-04-27,148.21,78.67,23.54,Home,1,Shipped,Affiliate,International,P-483,SKU-1903,148.21,7.92,11.86,Returning,Debit Card
ORD-23737,CUST-9495,SESS-28737,CART-25737,2024-04-20,49.86,19.04,8.94,Fashion,2,Returned,Social Media,International,P-941,SKU-3101,24.93,9.33,3.99,VIP,Credit Card
ORD-23738,CUST-9496,SESS-28738,CART-25738,2024-09-18,203.24,104.32,21.70,Electronics,2,Pending,Affiliate,North,P-244,SKU-2651,101.62,4.59,16.26,Returning,Crypto
ORD-23739,CUST-9496,SESS-28739,CART-25739,2024-04-26,97.36,48.07,6.78,Beauty,3,Shipped,Web,West,P-40,SKU-1680,32.45,6.65,7.79,Returning,Crypto
ORD-23740,CUST-9497,SESS-28740,CART-25740,2024-04-27,213.58,79.02,4.35,Fashion,2,Returned,Affiliate,South,P-335,SKU-4070,106.79,1.18,17.09,VIP,Debit Card
ORD-23741,CUST-9497,SESS-28741,CART-25741,2023-09-11,221.68,100.03,6.71,Home,3,Returned,Social Media,North,P-537,SKU-954,73.89,6.33,17.73,New,Credit Card
ORD-23742,CUST-9497,SESS-28742,CART-25742,2026-03-09,327.99,129.11,7.96,Electronics,1,Cancelled,Affiliate,West,P-528,SKU-3999,327.99,3.77,26.24,Returning,Credit Card
ORD-23743,CUST-9498,SESS-28743,CART-25743,2026-03-10,151.62,52.01,41.59,Home,3,Pending,Affiliate,South,P-664,SKU-698,50.54,6.33,12.13,Returning,Credit Card
ORD-23744,CUST-9498,SESS-28744,CART-25744,2024-12-11,351.62,112.45,16.52,Fashion,4,Completed,Web,International,P-869,SKU-3193,87.91,15.91,28.13,Returning,Debit Card
ORD-23745,CUST-9499,SESS-28745,CART-25745,1771558289955,296.97,115.39,6.05,Sports,2,Shipped,Web,West,P-334,SKU-3528,148.48,4.27,23.76,Returning,Debit Card
ORD-23746,CUST-9499,SESS-28746,CART-25746,2025-12-11,82.18,32.98,0.09,Beauty,2,Returned,Web,East,P-401,SKU-1109,41.09,15.77,6.57,VIP,Credit Card
ORD-23747,CUST-9499,SESS-28747,CART-25747,2024-08-25,458.87,252.18,15.76,Beauty,NULL,Completed,Social Media,West,P-746,SKU-3298,229.44,3.80,36.71,Returning,Credit Card
ORD-23748,CUST-9500,SESS-28748,CART-25748,11/16/2023,12.05,5.99,35.11,Beauty,5,Returned,Affiliate,North,P-883,SKU-73,2.41,1.76,0.96,Returning,Crypto
ORD-23749,CUST-9500,SESS-28749,CART-25749,2025-12-12,104.24,55.27,17.98,Beauty,1,Pending,Mobile App,South,P-566,SKU-818,104.24,9.98,8.34,New,Crypto
ORD-23750,CUST-9501,SESS-28750,CART-25750,2023-12-12,62.98,35.59,48.74,Sports,,Cancelled,Affiliate,West,P-499,SKU-1091,20.99,5.79,5.04,VIP,Credit Card
ORD-23751,CUST-9501,SESS-28751,CART-25751,2024-05-11,318.49,130.14,38.06,Beauty,5,Shipped,Social Media,South,P-425,SKU-3689,63.70,6.59,25.48,Returning,PayPal
ORD-23752,CUST-9501,SESS-28752,CART-25752,2025-06-15,501.20,299.94,19.50,Fashion,4,Returned,Social Media,South,P-680,SKU-4025,125.30,9.99,40.10,New,Crypto
ORD-23753,CUST-9502,SESS-28753,CART-25753,2026-01-29,82.87,47.74,3.35,Beauty,2,Cancelled,Social Media,North,P-954,SKU-4611,41.43,15.66,6.63,New,Crypto
ORD-23754,CUST-9502,SESS-28754,CART-25754,2023-02-24,19.12,9.41,25.68,Beauty,2,Cancelled,Web,International,P-1,SKU-1987,9.56,8.53,1.53,VIP,Debit Card
ORD-23755,CUST-9503,SESS-28755,CART-25755,2024-01-23,306.94,176.16,31.20,Sports,4,Cancelled,Web,North,P-602,SKU-231,76.74,2.99,24.56,Returning,Debit Card
ORD-23756,CUST-9503,SESS-28756,CART-25756,2023-04-28,72.14,39.80,49.23,Home,5,Cancelled,Social Media,North,P-661,SKU-1372,14.43,11.97,5.77,Returning,Credit Card
ORD-23757,CUST-9503,SESS-28757,CART-25757,2024-05-06,70.94,28.36,30.22,Sports,1,Shipped,Affiliate,South,P-398,SKU-3954,70.94,3.22,5.68,Returning,Debit Card
ORD-23758,CUST-9504,SESS-28758,CART-25758,2025-01-04,193.73,79.49,19.52,Sports,1,Completed,Web,West,P-91,SKU-35,193.73,7.66,15.50,New,Crypto
ORD-23759,CUST-9504,SESS-28759,CART-25759,2024-10-22,432.54,249.43,49.58,Fashion,5,Completed,Web,East,P-986,SKU-1883,86.51,10.60,34.60,Returning,Crypto
ORD-23760,CUST-9505,SESS-28760,CART-25760,2025-05-11,173.98,60.76,32.35,Beauty,1,Pending,Mobile App,North,P-380,SKU-2158,173.98,4.82,13.92,New,PayPal
ORD-23761,CUST-9505,SESS-28761,CART-25761,2023-01-06,11.43,6.24,7.48,Fashion,3,Returned,Mobile App,International,P-846,SKU-1750,3.81,11.38,0.91,Returning,Debit Card
ORD-23762,CUST-9505,SESS-28762,CART-25762,2025-11-26,313.18,164.93,32.24,Electronics,5,Cancelled,Affiliate,North,P-462,SKU-3939,62.64,1.99,25.05,Returning,PayPal
ORD-23763,CUST-9506,SESS-28763,CART-25763,2024-05-08,68.69,40.44,31.90,Sports,3,Cancelled,Mobile App,South,P-555,SKU-3391,22.90,18.69,5.50,Returning,Debit Card
ORD-23764,CUST-9506,SESS-28764,CART-25764,2026-01-27,168.90,92.25,32.89,Sports,1,Pending,Affiliate,East,P-179,SKU-884,168.90,19.36,13.51,VIP,Debit Card
ORD-23765,CUST-9507,SESS-28765,CART-25765,2024-04-04,11.40,4.42,48.32,Sports,4,Returned,Web,East,P-813,SKU-313,2.85,17.48,0.91,Returning,Credit Card
ORD-23766,CUST-9507,SESS-28766,CART-25766,7/1/2025,154.40,55.04,33.88,,2,Shipped,Affiliate,International,P-190,SKU-1720,77.20,11.84,12.35,New,Crypto
ORD-23767,CUST-9507,SESS-28767,CART-25767,2024-07-04,354.37,134.95,3.96,Fashion,1,Pending,Affiliate,West,P-10,SKU-672,354.37,12.33,28.35,New,PayPal
ORD-23768,CUST-9508,SESS-28768,CART-25768,2023-01-28,183.46,105.30,7.20,Sports,5,Returned,Affiliate,South,P-770,SKU-2241,36.69,5.92,14.68,VIP,Crypto
ORD-23769,CUST-9508,SESS-28769,CART-25769,2025-05-11,247.95,112.00,4.05,Electronics,2,Shipped,Mobile App,West,P-818,SKU-1849,123.97,11.25,19.84,New,Debit Card
ORD-23770,CUST-9509,SESS-28770,CART-25770,2024-08-11,138.62,51.69,23.75,Beauty,4,Shipped,Social Media,International,P-9,SKU-4639,34.65,18.00,11.09,Returning,Debit Card
ORD-23771,CUST-9509,SESS-28771,CART-25771,2024-07-20,420.54,251.08,30.91,Beauty,2,Shipped,Mobile App,International,P-215,SKU-2297,210.27,1.95,33.64,New,PayPal
ORD-23772,CUST-9509,SESS-28772,CART-25772,2024-05-02,319.82,186.57,30.36,Beauty,5,Returned,Mobile App,North,P-651,SKU-4117,63.96,9.77,25.59,New,PayPal
ORD-23773,CUST-9510,SESS-28773,CART-25773,2025-03-13,13.37,7.53,38.00,Fashion,4,Shipped,Web,South,P-246,SKU-1009,3.34,16.09,1.07,New,Credit Card
ORD-23774,CUST-9510,SESS-28774,CART-25774,2024-09-06,504.68,165.20,22.10,Home,4,Cancelled,Social Media,East,P-225,SKU-4118,126.17,8.35,40.37,New,Credit Card
ORD-23775,CUST-9511,SESS-28775,CART-25775,2025-07-05,64.98,23.23,10.02,Electronics,4,Returned,Web,North,P-840,SKU-1749,16.25,9.55,5.20,New,Crypto
ORD-23776,CUST-9511,SESS-28776,CART-25776,2025-12-30,290.27,88.99,7.35,Sports,2,Completed,Web,International,P-934,SKU-3165,145.13,4.61,23.22,Returning,Crypto
ORD-23777,CUST-9511,SESS-28777,CART-25777,1751743837268,462.83,158.68,16.05,Beauty,4,Returned,Affiliate,North,P-3,SKU-1853,115.71,14.42,37.03,VIP,Debit Card
ORD-23778,CUST-9512,SESS-28778,CART-25778,2024-01-06,346.30,125.66,12.90,Beauty,5,Pending,Affiliate,West,P-709,SKU-4254,69.26,12.34,27.70,Returning,Crypto
ORD-23779,CUST-9512,SESS-28779,CART-25779,2024-03-20,18.88,10.90,20.46,Beauty,2,Pending,Mobile App,West,P-927,SKU-3553,9.44,3.19,1.51,New,Debit Card
ORD-23780,CUST-9513,SESS-28780,CART-25780,2024-01-31,162.59,74.49,41.28,Electronics,5,Shipped,Social Media,West,P-67,SKU-3947,32.52,0.65,13.01,Returning,PayPal
ORD-23781,CUST-9513,SESS-28781,CART-25781,2025-06-02,144.39,70.79,23.66,Fashion,3,Pending,Web,North,P-303,SKU-3517,48.13,4.51,11.55,VIP,Credit Card
ORD-23782,CUST-9513,SESS-28782,CART-25782,2024-05-30,190.41,62.67,2.59,Sports,5,Cancelled,Social Media,West,P-533,SKU-834,38.08,3.64,15.23,VIP,Crypto
ORD-23783,CUST-9514,SESS-28783,CART-25783,1700456024410,437.60,184.94,1.52,Beauty,3,Returned,Social Media,North,P-573,SKU-504,145.87,11.70,35.01,New,Credit Card
ORD-23784,CUST-9514,SESS-28784,CART-25784,2024-01-26,375.62,184.91,49.68,Home,,Shipped,Affiliate,International,P-491,SKU-1283,75.12,10.54,30.05,Returning,Credit Card
ORD-23785,CUST-9515,SESS-28785,CART-25785,2025-06-26,466.34,254.70,12.81,Fashion,1,Pending,Mobile App,North,P-833,SKU-3924,466.34,15.32,37.31,Returning,PayPal
ORD-23786,CUST-9515,SESS-28786,CART-25786,2025-11-04,235.82,78.01,6.07,Fashion,5,Completed,Social Media,South,P-865,SKU-667,47.16,10.36,18.87,Returning,Credit Card
ORD-23787,CUST-9515,SESS-28787,CART-25787,2024-01-24,440.92,262.92,31.57,Electronics,1,Returned,Social Media,International,P-375,SKU-3078,440.92,4.09,35.27,New,Credit Card
ORD-23788,CUST-9516,SESS-28788,CART-25788,2024-03-03,106.93,33.09,47.71,Sports,2,Shipped,Affiliate,West,P-870,SKU-3058,53.47,2.46,8.55,New,PayPal
ORD-23789,CUST-9516,SESS-28789,CART-25789,2025-10-24,461.65,147.97,27.81,Beauty,4,Completed,Social Media,International,P-866,SKU-3961,115.41,0.77,36.93,Returning,Debit Card
ORD-23790,CUST-9517,SESS-28790,CART-25790,2024-02-18,130.55,49.59,26.04,Fashion,2,Pending,Affiliate,West,P-767,SKU-3354,65.27,16.64,10.44,VIP,Credit Card
ORD-23791,CUST-9517,SESS-28791,CART-25791,2025-02-23,491.08,173.54,39.23,Electronics,2,Shipped,Mobile App,East,P-399,SKU-4198,245.54,1.81,39.29,New,PayPal
ORD-23792,CUST-9517,SESS-28792,CART-25792,1747792183430,124.15,44.06,19.49,Home,1,Returned,Affiliate,South,P-766,SKU-2511,124.15,10.20,9.93,Returning,Credit Card
ORD-23793,CUST-9518,SESS-28793,CART-25793,2024-05-25,365.44,184.52,36.88,Sports,,Cancelled,Mobile App,East,P-718,SKU-4177,91.36,11.52,29.24,Returning,Debit Card
ORD-23794,CUST-9518,SESS-28794,CART-25794,2024-11-09,29.64,14.52,34.74,Home,1,Pending,Web,West,P-472,SKU-1983,29.64,15.24,2.37,VIP,Credit Card
ORD-23795,CUST-9519,SESS-28795,CART-25795,2025-08-20,37.05,14.25,18.83,Electronics,5,Returned,Affiliate,East,P-37,SKU-2148,7.41,3.56,2.96,Returning,Credit Card
ORD-23796,CUST-9519,SESS-28796,CART-25796,2026-01-02,273.96,103.33,2.43,Beauty,4,Cancelled,Affiliate,International,P-104,SKU-4098,68.49,18.37,21.92,Returning,Credit Card
ORD-23797,CUST-9519,SESS-28797,CART-25797,2023-12-01,,143.63,33.83,Sports,2,Pending,Affiliate,International,P-32,SKU-2741,156.35,19.13,25.02,Returning,Crypto
ORD-23798,CUST-9520,SESS-28798,CART-25798,1729483594903,129.43,66.84,24.36,Electronics,2,Shipped,Social Media,West,P-308,SKU-927,64.72,14.93,10.35,Returning,Debit Card
ORD-23799,CUST-9520,SESS-28799,CART-25799,2026-03-04,209.01,107.23,30.23,Beauty,5,Pending,Affiliate,West,P-967,SKU-281,41.80,13.11,16.72,New,Crypto
ORD-23800,CUST-9521,SESS-28800,CART-25800,2025-04-24,104.16,45.56,39.61,Electronics,2,Returned,Mobile App,International,P-345,SKU-3554,52.08,3.47,8.33,New,PayPal
ORD-23801,CUST-9521,SESS-28801,CART-25801,2025-10-13,222.95,91.14,15.05,Home,1,Completed,Social Media,International,P-958,SKU-1181,222.95,17.42,17.84,New,Credit Card
ORD-23802,CUST-9521,SESS-28802,CART-25802,2023-12-16,60.15,22.64,8.09,Home,1,Returned,Social Media,South,P-282,SKU-2901,60.15,18.30,4.81,Returning,PayPal
ORD-23803,CUST-9522,SESS-28803,CART-25803,2023-06-19,180.28,64.95,8.33,NULL,4,Cancelled,Web,West,P-159,SKU-1533,45.07,5.54,14.42,New,Debit Card
ORD-23804,CUST-9522,SESS-28804,CART-25804,2026-02-01,505.58,228.29,10.58,Home,2,Completed,Affiliate,West,P-770,SKU-3371,252.79,9.71,40.45,VIP,Credit Card
ORD-23805,CUST-9523,SESS-28805,CART-25805,6/18/2025,467.59,244.59,48.07,Beauty,5,Pending,Affiliate,East,P-122,SKU-3508,93.52,3.39,37.41,New,PayPal
ORD-23806,CUST-9523,SESS-28806,CART-25806,2023-10-29,365.23,119.50,44.75,Home,5,Shipped,Social Media,East,P-795,SKU-2960,73.05,0.72,29.22,Returning,PayPal
ORD-23807,CUST-9523,SESS-28807,CART-25807,2026-02-21,188.37,80.33,5.88,Sports,3,Returned,Affiliate,West,P-982,SKU-3271,62.79,4.20,15.07,New,PayPal
ORD-23808,CUST-9524,SESS-28808,CART-25808,2025-09-04,280.30,149.64,3.10,Beauty,4,Returned,Social Media,East,P-267,SKU-4155,70.08,11.95,22.42,New,Crypto
ORD-23809,CUST-9524,SESS-28809,CART-25809,2023-12-03,,174.02,16.02,Sports,4,Completed,Affiliate,International,P-862,SKU-1399,78.46,17.77,25.11,Returning,Crypto
ORD-23810,CUST-9525,SESS-28810,CART-25810,2023-09-15,476.15,210.85,7.04,Sports,4,Completed,Mobile App,North,P-403,SKU-2491,119.04,19.79,38.09,Returning,Debit Card
ORD-23811,CUST-9525,SESS-28811,CART-25811,2023-11-28,499.63,189.54,37.92,Fashion,2,Returned,Mobile App,South,P-561,SKU-3276,249.82,6.06,39.97,Returning,Crypto
ORD-23812,CUST-9525,SESS-28812,CART-25812,2025-06-19,355.18,125.61,7.99,Electronics,3,Completed,Web,West,P-570,SKU-124,118.39,2.44,28.41,New,Crypto
ORD-23813,CUST-9526,SESS-28813,CART-25813,2024-03-25,412.55,153.65,27.77,Electronics,1,Shipped,Web,International,P-662,SKU-3324,412.55,16.82,33.00,VIP,Credit Card
ORD-23814,CUST-9526,SESS-28814,CART-25814,2024-05-01,NULL,105.44,13.18,Sports,1,Returned,Web,West,P-448,SKU-1275,213.34,15.28,17.07,VIP,Credit Card
ORD-23815,CUST-9527,SESS-28815,CART-25815,2024-02-06,56.64,33.74,9.19,Beauty,5,Shipped,Affiliate,International,P-186,SKU-2074,11.33,13.02,4.53,VIP,Debit Card
ORD-23816,CUST-9527,SESS-28816,CART-25816,2024-11-12,340.75,103.04,32.10,Beauty,4,Shipped,Mobile App,East,P-424,SKU-4816,85.19,6.22,27.26,New,Crypto
ORD-23817,CUST-9527,SESS-28817,CART-25817,2023-05-01,46.24,16.07,26.49,Beauty,1,Pending,Social Media,International,P-35,SKU-4615,46.24,14.46,3.70,Returning,Debit Card
ORD-23818,CUST-9528,SESS-28818,CART-25818,2023-08-13,340.28,130.32,2.16,Sports,4,Returned,Affiliate,International,P-640,SKU-2525,85.07,9.55,27.22,VIP,Debit Card
ORD-23819,CUST-9528,SESS-28819,CART-25819,2025-08-01,455.18,196.46,3.30,Home,1,Completed,Social Media,East,P-347,SKU-52,455.18,16.65,36.41,New,Crypto
ORD-23820,CUST-9529,SESS-28820,CART-25820,2025-01-05,219.54,79.83,36.06,Home,5,Completed,Affiliate,International,P-772,SKU-4822,43.91,5.98,17.56,VIP,Credit Card
ORD-23821,CUST-9529,SESS-28821,CART-25821,2024-03-24,332.58,164.05,28.01,Beauty,1,Returned,Social Media,North,P-59,SKU-1443,332.58,0.91,26.61,Returning,PayPal
ORD-23822,CUST-9529,SESS-28822,CART-25822,2025-12-15,157.66,51.41,25.25,Beauty,1,Pending,Mobile App,West,P-797,SKU-286,157.66,8.42,12.61,Returning,Crypto
ORD-23823,CUST-9530,SESS-28823,CART-25823,2025-08-25,394.07,120.05,38.95,Sports,3,Shipped,Affiliate,South,P-565,SKU-2492,131.36,19.06,31.53,New,Crypto
ORD-23824,CUST-9530,SESS-28824,CART-25824,2023-03-20,106.92,43.43,36.67,Fashion,2,Completed,Social Media,West,P-162,SKU-1590,53.46,3.05,8.55,New,Crypto
ORD-23825,CUST-9531,SESS-28825,CART-25825,2024-05-16,327.18,136.34,33.82,NULL,1,Completed,Affiliate,South,P-391,SKU-2855,327.18,8.28,26.17,New,Crypto
ORD-23826,CUST-9531,SESS-28826,CART-25826,2023-03-17,193.39,83.51,33.30,Electronics,1,Shipped,Web,North,P-213,SKU-2894,193.39,11.35,15.47,New,Credit Card
ORD-23827,CUST-9531,SESS-28827,CART-25827,2024-11-27,101.28,54.21,47.40,Electronics,NULL,Returned,Affiliate,East,P-549,SKU-1334,20.26,12.71,8.10,New,Crypto
ORD-23828,CUST-9532,SESS-28828,CART-25828,2024-07-31,33.50,10.75,40.96,Sports,2,Pending,Social Media,West,P-783,SKU-2175,16.75,19.23,2.68,New,PayPal
ORD-23829,CUST-9532,SESS-28829,CART-25829,2023-01-10,394.46,199.70,32.58,Sports,NULL,Shipped,Mobile App,East,P-107,SKU-2754,131.49,5.39,31.56,Returning,Credit Card
ORD-23830,CUST-9533,SESS-28830,CART-25830,2023-03-26,99.54,44.26,1.56,Home,1,Pending,Web,South,P-13,SKU-668,99.54,16.74,7.96,New,PayPal
ORD-23831,CUST-9533,SESS-28831,CART-25831,2025-10-09,321.11,129.42,6.58,Home,4,Completed,Web,West,P-769,SKU-3440,80.28,10.50,25.69,VIP,PayPal
ORD-23832,CUST-9533,SESS-28832,CART-25832,2026-01-10,201.06,67.53,47.77,Sports,2,Returned,Social Media,South,P-733,SKU-3256,100.53,15.03,16.08,VIP,Crypto
ORD-23833,CUST-9534,SESS-28833,CART-25833,2023-04-07,  214.49  ,114.89,34.24,Beauty,4,Returned,Web,East,P-261,SKU-4955,53.62,18.29,17.16,VIP,Crypto
ORD-23834,CUST-9534,SESS-28834,CART-25834,2023-04-04,88.44,36.56,47.69,Fashion,2,Completed,Web,East,P-417,SKU-4556,44.22,8.65,7.07,Returning,Debit Card
ORD-23835,CUST-9535,SESS-28835,CART-25835,2025-05-05,471.77,276.13,15.31,Electronics,4,Shipped,Web,West,P-915,SKU-955,117.94,16.92,37.74,VIP,Debit Card
ORD-23836,CUST-9535,SESS-28836,CART-25836,2024-09-19,406.20,135.25,38.25,Sports,3,Completed,Affiliate,International,P-58,SKU-1663,135.40,8.03,32.50,New,Credit Card
ORD-23837,CUST-9535,SESS-28837,CART-25837,2024-03-17,218.39,77.65,19.58,Sports,2,Shipped,Web,West,P-407,SKU-2682,109.20,8.20,17.47,New,Crypto
ORD-23838,CUST-9536,SESS-28838,CART-25838,2025-09-23,460.79,177.90,46.00,Beauty,2,Pending,Web,North,P-965,SKU-221,230.40,16.25,36.86,VIP,PayPal
ORD-23839,CUST-9536,SESS-28839,CART-25839,2025-12-12,508.44,304.42,6.88,Beauty,5,Cancelled,Social Media,International,P-827,SKU-758,101.69,5.98,40.68,New,Credit Card
ORD-23840,CUST-9537,SESS-28840,CART-25840,2025-01-26,500.73,213.19,41.87,Sports,5,Pending,Mobile App,East,P-298,SKU-70,100.15,19.96,40.06,VIP,Debit Card
ORD-23841,CUST-9537,SESS-28841,CART-25841,2023-08-12,219.11,81.60,0.16,Sports,3,Pending,Mobile App,International,P-448,SKU-3534,73.04,11.98,17.53,New,Credit Card
ORD-23842,CUST-9537,SESS-28842,CART-25842,2024-03-14,151.14,49.28,11.08,Fashion,2,Pending,Affiliate,South,P-151,SKU-4205,75.57,3.45,12.09,Returning,Credit Card
ORD-23843,CUST-9538,SESS-28843,CART-25843,2026-01-30,361.64,167.04,25.92,Sports,5,Completed,Web,South,P-228,SKU-4781,72.33,16.40,28.93,New,Crypto
ORD-23844,CUST-9538,SESS-28844,CART-25844,2023-04-29,427.24,198.58,13.33,Home,1,Pending,Web,West,P-319,SKU-779,427.24,7.82,34.18,VIP,Debit Card
ORD-23845,CUST-9539,SESS-28845,CART-25845,2026-02-17,197.88,84.24,46.49,Beauty,3,Completed,Web,West,P-284,SKU-382,65.96,16.76,15.83,New,Credit Card
ORD-23846,CUST-9539,SESS-28846,CART-25846,2024-09-14,176.98,59.71,5.00,Fashion,3,Cancelled,Web,International,P-559,SKU-1176,58.99,4.77,14.16,VIP,Debit Card
ORD-23847,CUST-9539,SESS-28847,CART-25847,2024-04-15,501.96,294.58,26.71,Fashion,5,Pending,Affiliate,East,P-668,SKU-2899,100.39,9.79,40.16,VIP,Crypto
ORD-23848,CUST-9540,SESS-28848,CART-25848,2023-09-11,444.42,162.89,30.95,Beauty,2,Pending,Affiliate,East,P-460,SKU-1161,222.21,3.15,35.55,New,Crypto
ORD-23849,CUST-9540,SESS-28849,CART-25849,2024-05-02,  29.61  ,16.20,33.34,  electronics  ,1,Pending,Mobile App,East,P-695,SKU-1991,29.61,8.94,2.37,Returning,Credit Card
ORD-23850,CUST-9541,SESS-28850,CART-25850,2026-01-23,346.98,169.32,1.26,Sports,4,Pending,Web,South,P-367,SKU-137,86.75,17.88,27.76,New,Credit Card
ORD-23851,CUST-9541,SESS-28851,CART-25851,2025-08-31,181.66,99.57,34.66,Home,2,Pending,Web,South,P-674,SKU-1346,90.83,11.44,14.53,New,PayPal
ORD-23852,CUST-9541,SESS-28852,CART-25852,2024-09-02,315.28,141.80,23.51,Electronics,2,Returned,Mobile App,South,P-708,SKU-1725,157.64,10.33,25.22,Returning,Debit Card
ORD-23853,CUST-9542,SESS-28853,CART-25853,2023-11-04,467.06,223.79,16.78,Fashion,2,Shipped,Social Media,North,P-646,SKU-232,233.53,15.08,37.36,New,Debit Card
ORD-23854,CUST-9542,SESS-28854,CART-25854,2023-09-12,278.61,86.19,45.75,Electronics,1,Returned,Web,North,P-904,SKU-3693,278.61,2.97,22.29,Returning,Credit Card
ORD-23855,CUST-9543,SESS-28855,CART-25855,2023-08-15,326.09,155.33,30.98,Sports,3,Pending,Affiliate,International,P-542,SKU-3262,108.70,1.74,26.09,Returning,Crypto
ORD-23856,CUST-9543,SESS-28856,CART-25856,2024-04-05,250.88,80.80,25.18,Sports,5,Returned,Affiliate,South,P-802,SKU-4598,50.18,8.36,20.07,Returning,Debit Card
ORD-23857,CUST-9543,SESS-28857,CART-25857,2023-06-12,  395.29  ,218.62,31.88,Beauty,1,Cancelled,Affiliate,International,P-458,SKU-4872,395.29,15.30,31.62,VIP,PayPal
ORD-23858,CUST-9544,SESS-28858,CART-25858,2025-10-22,10.50,3.52,16.06,Fashion,1,Shipped,Mobile App,West,P-234,SKU-3820,10.50,0.02,0.84,VIP,Crypto
ORD-23859,CUST-9544,SESS-28859,CART-25859,12/1/2023,442.84,154.92,27.33,Sports,2,Pending,Affiliate,West,P-620,SKU-833,221.42,3.28,35.43,Returning,Credit Card
ORD-23860,CUST-9545,SESS-28860,CART-25860,2024-10-30,509.97,244.79,7.34,Fashion,1,Pending,Mobile App,International,P-551,SKU-2263,509.97,4.00,40.80,Returning,Credit Card
ORD-23861,CUST-9545,SESS-28861,CART-25861,2024-02-26,27.30,9.96,30.22,NULL,1,Cancelled,Web,East,P-117,SKU-3244,27.30,9.96,2.18,Returning,Debit Card
ORD-23862,CUST-9545,SESS-28862,CART-25862,2023-10-16,,230.29,19.19,Electronics,1,Returned,Social Media,South,P-577,SKU-4695,463.30,16.16,37.06,Returning,Crypto
ORD-23863,CUST-9546,SESS-28863,CART-25863,2024-10-05,255.85,85.50,31.29,  beauty  ,1,Shipped,Affiliate,International,P-42,SKU-1766,255.85,3.20,20.47,Returning,Credit Card
ORD-23864,CUST-9546,SESS-28864,CART-25864,2024-11-07,54.98,24.13,39.48,Sports,5,Cancelled,Mobile App,South,P-606,SKU-2443,11.00,16.46,4.40,VIP,Crypto
ORD-23865,CUST-9547,SESS-28865,CART-25865,2025-02-28,179.60,71.57,11.04,Electronics,1,Completed,Affiliate,East,P-725,SKU-72,179.60,11.41,14.37,VIP,PayPal
ORD-23866,CUST-9547,SESS-28866,CART-25866,2024-05-23,422.96,138.05,2.71,Fashion,4,Pending,Social Media,International,P-1000,SKU-2320,105.74,5.48,33.84,New,Crypto
ORD-23867,CUST-9547,SESS-28867,CART-25867,2023-08-23,372.38,139.03,27.20,Sports,3,Completed,Web,West,P-358,SKU-3060,124.13,18.93,29.79,Returning,Debit Card
ORD-23868,CUST-9548,SESS-28868,CART-25868,2023-11-06,333.51,152.25,30.89,Home,1,Cancelled,Mobile App,South,P-366,SKU-266,333.51,13.46,26.68,Returning,PayPal
ORD-23869,CUST-9548,SESS-28869,CART-25869,2023-12-04,418.73,141.53,34.69,Beauty,3,Shipped,Mobile App,North,P-452,SKU-1549,139.58,2.60,33.50,New,Crypto
ORD-23870,CUST-9549,SESS-28870,CART-25870,2023-10-01,452.57,172.07,29.63,Home,NULL,Cancelled,Social Media,North,P-516,SKU-2482,90.51,15.35,36.21,New,Crypto
ORD-23871,CUST-9549,SESS-28871,CART-25871,2024-12-04,247.08,111.05,43.84,Home,3,Cancelled,Social Media,North,P-83,SKU-4676,82.36,0.69,19.77,Returning,Debit Card
ORD-23872,CUST-9549,SESS-28872,CART-25872,1765082317810,315.19,124.63,34.79,Sports,1,Pending,Web,North,P-597,SKU-1175,315.19,6.99,25.22,VIP,PayPal
ORD-23873,CUST-9550,SESS-28873,CART-25873,2025-08-06,378.24,144.83,6.85,Electronics,2,Pending,Mobile App,West,P-26,SKU-4154,189.12,6.61,30.26,VIP,PayPal
ORD-23874,CUST-9550,SESS-28874,CART-25874,2025-11-25,128.49,49.93,12.26,Home,5,Pending,Social Media,International,P-332,SKU-1057,25.70,17.71,10.28,New,Crypto
ORD-23875,CUST-9551,SESS-28875,CART-25875,2025-05-17,327.31,162.63,15.10,Beauty,4,Cancelled,Affiliate,North,P-162,SKU-1776,81.83,3.68,26.19,Returning,PayPal
ORD-23876,CUST-9551,SESS-28876,CART-25876,2025-02-23,84.69,29.66,36.71,Fashion,1,Returned,Mobile App,West,P-158,SKU-607,84.69,2.38,6.78,Returning,Crypto
ORD-23877,CUST-9551,SESS-28877,CART-25877,2023-02-20,477.26,202.33,27.44,Beauty,5,Pending,Web,North,P-725,SKU-857,95.45,17.35,38.18,VIP,PayPal
ORD-23878,CUST-9552,SESS-28878,CART-25878,2025-07-13,125.60,47.93,26.68,Electronics,2,Shipped,Social Media,West,P-516,SKU-4871,62.80,5.20,10.05,VIP,Crypto
ORD-23879,CUST-9552,SESS-28879,CART-25879,2025-03-25,454.89,212.04,18.63,Electronics,1,Cancelled,Affiliate,International,P-309,SKU-765,454.89,11.36,36.39,New,Debit Card
ORD-23880,CUST-9553,SESS-28880,CART-25880,2025-08-24,24.22,8.95,27.22,Electronics,2,Cancelled,Social Media,South,P-396,SKU-3563,12.11,15.14,1.94,New,PayPal
ORD-23881,CUST-9553,SESS-28881,CART-25881,2024-08-01,445.49,230.93,4.20,Fashion,2,Pending,Social Media,East,P-150,SKU-1929,222.75,11.89,35.64,New,PayPal
ORD-23882,CUST-9553,SESS-28882,CART-25882,2024-09-27,189.63,57.04,15.07,Electronics,3,Cancelled,Social Media,East,P-612,SKU-1863,63.21,4.99,15.17,VIP,PayPal
ORD-23883,CUST-9554,SESS-28883,CART-25883,2025-08-08,486.05,233.21,3.58,Beauty,3,Completed,Social Media,South,P-734,SKU-237,162.02,1.45,38.88,VIP,Crypto
ORD-23884,CUST-9554,SESS-28884,CART-25884,7/1/2025,269.30,112.26,17.87,Beauty,4,Shipped,Social Media,South,P-559,SKU-2486,67.33,4.41,21.54,New,Crypto
ORD-23885,CUST-9555,SESS-28885,CART-25885,2025-01-12,169.39,89.92,25.72,Home,1,Completed,Web,North,P-43,SKU-1453,169.39,5.10,13.55,Returning,Credit Card
ORD-23886,CUST-9555,SESS-28886,CART-25886,2025-12-25,148.13,74.39,28.29,Beauty,5,Pending,Mobile App,International,P-136,SKU-4592,29.63,17.77,11.85,New,Credit Card
ORD-23887,CUST-9555,SESS-28887,CART-25887,2024-09-30,135.22,54.47,13.31,Sports,1,Shipped,Social Media,West,P-768,SKU-2972,135.22,4.68,10.82,New,Debit Card
ORD-23888,CUST-9556,SESS-28888,CART-25888,2025-07-30,316.73,162.38,27.13,Home,5,Cancelled,Mobile App,North,P-433,SKU-3131,63.35,6.19,25.34,New,Credit Card
ORD-23889,CUST-9556,SESS-28889,CART-25889,2025-03-24,292.71,140.98,14.07,Beauty,3,Shipped,Social Media,West,P-858,SKU-4023,97.57,0.98,23.42,New,Debit Card
ORD-23890,CUST-9557,SESS-28890,CART-25890,2024-07-07,10.98,3.85,11.35,Beauty,2,Pending,Mobile App,North,P-624,SKU-4522,5.49,4.15,0.88,Returning,PayPal
ORD-23891,CUST-9557,SESS-28891,CART-25891,2024-03-31,161.28,74.00,43.11,Home,1,Completed,Mobile App,South,P-857,SKU-1091,161.28,9.92,12.90,Returning,PayPal
ORD-23892,CUST-9557,SESS-28892,CART-25892,2023-07-24,63.72,26.64,9.03,Beauty,4,Returned,Web,South,P-621,SKU-410,15.93,8.30,5.10,New,Crypto
ORD-23893,CUST-9558,SESS-28893,CART-25893,2023-08-14,289.64,145.78,17.69,Beauty,2,Returned,Affiliate,North,P-462,SKU-312,144.82,8.29,23.17,Returning,PayPal
ORD-23894,CUST-9558,SESS-28894,CART-25894,2025-10-22,58.32,27.73,28.52,Fashion,5,Cancelled,Social Media,East,P-897,SKU-3462,11.66,14.29,4.67,VIP,Crypto
ORD-23895,CUST-9559,SESS-28895,CART-25895,2025-01-19,160.09,85.29,10.46,Fashion,1,Cancelled,Affiliate,West,P-316,SKU-2080,160.09,11.64,12.81,New,PayPal
ORD-23896,CUST-9559,SESS-28896,CART-25896,2026-01-06,400.76,170.97,1.87,Sports,1,Cancelled,Affiliate,East,P-637,SKU-2426,400.76,2.18,32.06,New,Debit Card
ORD-23897,CUST-9559,SESS-28897,CART-25897,2023-10-31,290.41,113.14,5.12,Fashion,5,Cancelled,Affiliate,North,P-893,SKU-2449,58.08,16.85,23.23,New,PayPal
ORD-23898,CUST-9560,SESS-28898,CART-25898,1773207644858,238.60,74.85,41.40,Fashion,3,Pending,Mobile App,West,P-956,SKU-2046,79.53,19.47,19.09,VIP,Debit Card
ORD-23899,CUST-9560,SESS-28899,CART-25899,2026-01-15,89.52,44.67,1.84,Electronics,1,Returned,Mobile App,South,P-400,SKU-3855,89.52,19.72,7.16,Returning,Debit Card
ORD-23900,CUST-9561,SESS-28900,CART-25900,2025-10-29,365.23,157.59,17.49,Home,5,Completed,Web,East,P-887,SKU-1337,73.05,12.89,29.22,New,Crypto
ORD-23901,CUST-9561,SESS-28901,CART-25901,2025-01-17,436.70,157.16,21.46,Beauty,1,Returned,Web,East,P-933,SKU-2914,436.70,3.08,34.94,Returning,Crypto
ORD-23902,CUST-9561,SESS-28902,CART-25902,2025-02-26,162.81,51.92,46.49,Sports,3,Pending,Affiliate,North,P-703,SKU-1207,54.27,6.47,13.02,Returning,Crypto
ORD-23903,CUST-9562,SESS-28903,CART-25903,2023-07-23,146.66,59.71,46.91,Sports,4,Pending,Mobile App,South,P-602,SKU-1262,36.67,12.75,11.73,New,Debit Card
ORD-23904,CUST-9562,SESS-28904,CART-25904,2024-09-11,50.05,27.21,23.47,Beauty,2,Cancelled,Affiliate,International,P-278,SKU-320,25.02,15.68,4.00,Returning,PayPal
ORD-23905,CUST-9563,SESS-28905,CART-25905,2024-11-23,25.15,9.21,36.04,Electronics,4,Cancelled,Affiliate,South,P-760,SKU-840,6.29,0.62,2.01,Returning,Debit Card
ORD-23906,CUST-9563,SESS-28906,CART-25906,2023-08-11,88.84,37.86,17.60,Fashion,1,Shipped,Affiliate,International,P-935,SKU-2700,88.84,2.35,7.11,New,PayPal
ORD-23907,CUST-9563,SESS-28907,CART-25907,2025-11-10,508.51,245.76,24.05,Sports,5,Completed,Affiliate,East,P-143,SKU-4157,101.70,8.68,40.68,VIP,Crypto
ORD-23908,CUST-9564,SESS-28908,CART-25908,2025-03-27,204.69,93.81,26.64,  fashion  ,5,Returned,Social Media,East,P-84,SKU-4535,40.94,2.00,16.37,Returning,Crypto
ORD-23909,CUST-9564,SESS-28909,CART-25909,2024-09-07,299.53,99.08,25.84,Electronics,1,Cancelled,Affiliate,West,P-861,SKU-1909,299.53,6.00,23.96,New,Crypto
ORD-23910,CUST-9565,SESS-28910,CART-25910,2024-03-09,448.33,166.78,12.07,Beauty,1,Pending,Mobile App,South,P-410,SKU-399,448.33,6.89,35.87,New,Debit Card
ORD-23911,CUST-9565,SESS-28911,CART-25911,2023-09-11,136.27,68.39,3.52,Home,4,Cancelled,Affiliate,International,P-934,SKU-1134,34.07,1.39,10.90,VIP,PayPal
ORD-23912,CUST-9565,SESS-28912,CART-25912,2025-12-22,214.18,70.87,24.54,Home,5,Completed,Affiliate,East,P-655,SKU-3328,42.84,15.72,17.13,VIP,Credit Card
ORD-23913,CUST-9566,SESS-28913,CART-25913,2023-09-07,49.53,18.08,35.57,,3,Pending,Mobile App,South,P-20,SKU-2061,16.51,2.45,3.96,VIP,PayPal
ORD-23914,CUST-9566,SESS-28914,CART-25914,2025-06-01,384.99,188.73,9.93,Fashion,2,Returned,Affiliate,North,P-432,SKU-2270,192.50,7.85,30.80,VIP,Credit Card
ORD-23915,CUST-9567,SESS-28915,CART-25915,2024-05-05,  448.68  ,220.18,14.44,Fashion,3,Cancelled,Mobile App,East,P-943,SKU-2536,149.56,13.26,35.89,Returning,Debit Card
ORD-23916,CUST-9567,SESS-28916,CART-25916,2023-10-28,212.56,71.92,29.59,Home,5,Shipped,Social Media,West,P-227,SKU-2904,42.51,13.19,17.00,VIP,Debit Card
ORD-23917,CUST-9567,SESS-28917,CART-25917,2024-05-04,216.77,112.05,31.19,Home,5,Returned,Affiliate,International,P-793,SKU-864,43.35,8.93,17.34,VIP,PayPal
ORD-23918,CUST-9568,SESS-28918,CART-25918,2024-05-13,253.08,127.43,32.92,Electronics,1,Returned,Affiliate,North,P-306,SKU-3842,253.08,1.11,20.25,New,Crypto
ORD-23919,CUST-9568,SESS-28919,CART-25919,2024-07-22,NULL,36.26,17.25,Beauty,3,Shipped,Mobile App,West,P-983,SKU-4709,27.01,7.63,6.48,Returning,Debit Card
ORD-23920,CUST-9569,SESS-28920,CART-25920,2024-08-04,58.81,17.95,34.07,Home,1,Shipped,Affiliate,South,P-91,SKU-178,58.81,19.22,4.70,Returning,Credit Card
ORD-23921,CUST-9569,SESS-28921,CART-25921,2025-04-02,112.91,52.69,17.01,Home,3,Completed,Affiliate,International,P-544,SKU-2542,37.64,9.66,9.03,Returning,Crypto
ORD-23922,CUST-9569,SESS-28922,CART-25922,2023-09-16,446.43,168.11,21.55,Fashion,3,Returned,Social Media,West,P-216,SKU-956,148.81,2.27,35.71,New,Crypto
ORD-23923,CUST-9570,SESS-28923,CART-25923,2023-07-20,339.46,168.26,31.95,Fashion,3,Returned,Mobile App,East,P-493,SKU-992,113.15,7.97,27.16,Returning,Crypto
ORD-23924,CUST-9570,SESS-28924,CART-25924,11/1/2024,145.10,64.36,12.68,Electronics,3,Pending,Web,North,P-49,SKU-1357,48.37,2.87,11.61,Returning,PayPal
ORD-23925,CUST-9571,SESS-28925,CART-25925,1/7/2026,228.65,90.43,0.83,Sports,2,Pending,Web,West,P-452,SKU-3260,114.32,1.84,18.29,New,Credit Card
ORD-23926,CUST-9571,SESS-28926,CART-25926,2025-09-12,333.10,195.12,24.22,Home,3,Completed,Affiliate,East,P-594,SKU-4602,111.03,7.22,26.65,New,PayPal
ORD-23927,CUST-9571,SESS-28927,CART-25927,2026-01-13,59.50,24.36,29.67,  sports  ,4,Shipped,Mobile App,South,P-897,SKU-2764,14.88,3.44,4.76,Returning,Crypto
ORD-23928,CUST-9572,SESS-28928,CART-25928,2024-03-13,312.54,185.95,6.37,Sports,5,Completed,Mobile App,East,P-712,SKU-4770,62.51,0.58,25.00,Returning,Debit Card
ORD-23929,CUST-9572,SESS-28929,CART-25929,2025-12-25,356.35,195.78,47.93,Sports,1,Cancelled,Social Media,South,P-790,SKU-2721,356.35,14.62,28.51,New,Credit Card
ORD-23930,CUST-9573,SESS-28930,CART-25930,2023-02-20,  191.87  ,64.33,2.68,Electronics,5,Pending,Social Media,West,P-483,SKU-2961,38.37,18.26,15.35,VIP,PayPal
ORD-23931,CUST-9573,SESS-28931,CART-25931,2026-03-03,178.59,102.76,38.48,Beauty,4,Returned,Social Media,North,P-957,SKU-899,44.65,2.55,14.29,New,Crypto
ORD-23932,CUST-9573,SESS-28932,CART-25932,2023-01-24,291.49,151.06,0.80,Sports,5,Returned,Affiliate,South,P-372,SKU-4281,58.30,2.97,23.32,VIP,Crypto
ORD-23933,CUST-9574,SESS-28933,CART-25933,2025-08-07,442.40,189.38,13.19,Fashion,1,Shipped,Web,West,P-728,SKU-688,442.40,6.39,35.39,New,Crypto
ORD-23934,CUST-9574,SESS-28934,CART-25934,2025-11-22,45.34,23.87,28.65,Home,4,Returned,Web,East,P-365,SKU-1186,11.34,13.63,3.63,New,Crypto
ORD-23935,CUST-9575,SESS-28935,CART-25935,2023-06-25,263.11,150.87,18.60,Home,4,Cancelled,Web,East,P-789,SKU-741,65.78,5.37,21.05,New,Debit Card
ORD-23936,CUST-9575,SESS-28936,CART-25936,2025-09-26,330.65,149.57,23.38,Beauty,1,Shipped,Social Media,West,P-358,SKU-526,330.65,19.23,26.45,VIP,PayPal
ORD-23937,CUST-9575,SESS-28937,CART-25937,10/3/2025,395.20,230.98,18.22,Beauty,5,Shipped,Web,North,P-35,SKU-2463,79.04,18.85,31.62,Returning,Credit Card
ORD-23938,CUST-9576,SESS-28938,CART-25938,2023-03-23,368.26,153.40,32.27,Fashion,2,Returned,Mobile App,International,P-964,SKU-3716,184.13,19.94,29.46,Returning,Credit Card
ORD-23939,CUST-9576,SESS-28939,CART-25939,2024-05-11,68.65,32.11,19.67,Fashion,4,Shipped,Affiliate,International,P-17,SKU-4153,17.16,2.33,5.49,Returning,Credit Card
ORD-23940,CUST-9577,SESS-28940,CART-25940,2025-10-12,494.91,287.93,15.13,Sports,3,Shipped,Mobile App,International,P-895,SKU-2146,164.97,17.79,39.59,VIP,Crypto
ORD-23941,CUST-9577,SESS-28941,CART-25941,2024-04-16,140.65,45.53,22.09,Electronics,3,Shipped,Mobile App,West,P-840,SKU-520,46.88,14.09,11.25,VIP,Credit Card
ORD-23942,CUST-9577,SESS-28942,CART-25942,2024-01-22,179.22,77.25,44.50,Beauty,2,Returned,Social Media,East,P-839,SKU-1877,89.61,8.37,14.34,Returning,Crypto
ORD-23943,CUST-9578,SESS-28943,CART-25943,2023-09-01,506.53,228.91,5.63,Sports,3,Cancelled,Web,International,P-274,SKU-3305,168.84,3.89,40.52,New,Crypto
ORD-23944,CUST-9578,SESS-28944,CART-25944,2025-05-08,323.98,135.48,33.22,Beauty,3,Pending,Web,North,P-911,SKU-4856,107.99,18.00,25.92,New,Crypto
ORD-23945,CUST-9579,SESS-28945,CART-25945,2024-12-03,423.57,203.34,20.49,Electronics,2,Returned,Mobile App,International,P-74,SKU-12,211.78,14.53,33.89,New,Credit Card
ORD-23946,CUST-9579,SESS-28946,CART-25946,2024-04-01,121.88,67.10,6.17,Fashion,,Shipped,Mobile App,International,P-27,SKU-4637,40.63,10.92,9.75,Returning,PayPal
ORD-23947,CUST-9579,SESS-28947,CART-25947,2023-07-22,  489.20  ,190.87,49.20,Electronics,2,Shipped,Social Media,East,P-758,SKU-3412,244.60,1.98,39.14,VIP,Debit Card
ORD-23948,CUST-9580,SESS-28948,CART-25948,2024-12-13,444.88,164.03,48.30,Beauty,1,Pending,Affiliate,East,P-683,SKU-1742,444.88,8.23,35.59,New,Credit Card
ORD-23949,CUST-9580,SESS-28949,CART-25949,2024-02-02,107.18,33.03,3.56,Beauty,2,Returned,Social Media,North,P-483,SKU-2535,53.59,14.81,8.57,VIP,PayPal
ORD-23950,CUST-9581,SESS-28950,CART-25950,1696736233680,390.16,171.35,2.33,Fashion,3,Cancelled,Mobile App,East,P-715,SKU-2723,130.05,13.79,31.21,New,PayPal
ORD-23951,CUST-9581,SESS-28951,CART-25951,2026-01-26,56.66,18.99,15.42,Sports,4,Pending,Mobile App,South,P-234,SKU-4219,14.17,12.24,4.53,VIP,Credit Card
ORD-23952,CUST-9581,SESS-28952,CART-25952,2023-05-16,13.42,7.84,11.70,Electronics,2,Shipped,Social Media,West,P-79,SKU-1927,6.71,8.67,1.07,VIP,PayPal
ORD-23953,CUST-9582,SESS-28953,CART-25953,2023-06-14,251.05,82.33,21.46,Electronics,2,Completed,Affiliate,West,P-19,SKU-4263,125.52,0.13,20.08,New,Credit Card
ORD-23954,CUST-9582,SESS-28954,CART-25954,2023-11-09,323.41,183.01,7.07,Fashion,2,Returned,Web,International,P-942,SKU-4336,161.71,13.64,25.87,New,Crypto
ORD-23955,CUST-9583,SESS-28955,CART-25955,1/30/2023,206.17,108.71,40.51,Beauty,5,Returned,Affiliate,East,P-59,SKU-2151,41.23,13.16,16.49,New,PayPal
ORD-23956,CUST-9583,SESS-28956,CART-25956,2023-02-07,142.71,64.91,2.36,Sports,1,Completed,Affiliate,International,P-323,SKU-35,142.71,3.07,11.42,Returning,Credit Card
ORD-23957,CUST-9583,SESS-28957,CART-25957,2024-12-29,46.77,18.36,9.95,Home,2,Shipped,Mobile App,South,P-905,SKU-3662,23.38,19.20,3.74,VIP,Debit Card
ORD-23958,CUST-9584,SESS-28958,CART-25958,2025-05-14,395.18,139.78,17.79,Home,3,Pending,Social Media,North,P-827,SKU-4220,131.73,4.36,31.61,VIP,Debit Card
ORD-23959,CUST-9584,SESS-28959,CART-25959,2025-11-15,129.48,68.26,42.37,  electronics  ,4,Returned,Mobile App,North,P-796,SKU-1603,32.37,18.97,10.36,VIP,Crypto
ORD-23960,CUST-9585,SESS-28960,CART-25960,2025-02-16,230.82,131.44,18.66,Home,2,Pending,Affiliate,South,P-747,SKU-3257,115.41,16.13,18.47,VIP,Debit Card
ORD-23961,CUST-9585,SESS-28961,CART-25961,2025-03-21,457.57,232.09,45.54,Electronics,5,Cancelled,Web,International,P-665,SKU-4010,91.51,7.51,36.61,New,Crypto
ORD-23962,CUST-9585,SESS-28962,CART-25962,2023-07-23,173.76,98.79,37.98,Beauty,1,Shipped,Mobile App,East,P-3,SKU-1573,173.76,15.04,13.90,VIP,PayPal
ORD-23963,CUST-9586,SESS-28963,CART-25963,2024-10-28,286.34,137.60,25.09,Beauty,5,Completed,Social Media,West,P-326,SKU-1877,57.27,16.68,22.91,Returning,Crypto
ORD-23964,CUST-9586,SESS-28964,CART-25964,2024-08-29,460.83,239.06,22.01,Sports,5,Cancelled,Mobile App,West,P-330,SKU-1270,92.17,1.28,36.87,New,Credit Card
ORD-23965,CUST-9587,SESS-28965,CART-25965,1732469645380,98.56,47.14,33.56,Electronics,4,Pending,Social Media,East,P-960,SKU-2822,24.64,9.25,7.88,Returning,Credit Card
ORD-23966,CUST-9587,SESS-28966,CART-25966,2025-03-22,104.28,46.13,18.15,Fashion,4,Returned,Web,North,P-884,SKU-723,26.07,9.07,8.34,Returning,Debit Card
ORD-23967,CUST-9587,SESS-28967,CART-25967,2024-11-21,337.06,187.05,39.10,Home,2,Cancelled,Affiliate,North,P-452,SKU-2804,168.53,8.43,26.97,New,PayPal
ORD-23968,CUST-9588,SESS-28968,CART-25968,2024-12-02,171.48,74.17,38.37,Fashion,4,Completed,Affiliate,International,P-355,SKU-4044,42.87,4.69,13.72,Returning,Credit Card
ORD-23969,CUST-9588,SESS-28969,CART-25969,2025-09-27,459.23,221.92,8.34,Fashion,3,Shipped,Web,East,P-399,SKU-507,153.08,0.69,36.74,Returning,Credit Card
ORD-23970,CUST-9589,SESS-28970,CART-25970,2023-09-22,408.53,169.74,2.87,Sports,2,Pending,Mobile App,East,P-870,SKU-4060,204.27,7.31,32.68,Returning,PayPal
ORD-23971,CUST-9589,SESS-28971,CART-25971,2026-01-04,161.33,66.70,40.04,Fashion,5,Pending,Affiliate,West,P-889,SKU-1919,32.27,17.36,12.91,New,PayPal
ORD-23972,CUST-9589,SESS-28972,CART-25972,2025-11-26,  497.29  ,178.58,10.42,Home,3,Completed,Social Media,East,P-353,SKU-1657,165.76,4.32,39.78,Returning,PayPal
ORD-23973,CUST-9590,SESS-28973,CART-25973,1/27/2026,164.87,90.29,42.35,Fashion,1,Pending,Affiliate,International,P-646,SKU-3731,164.87,7.18,13.19,New,Credit Card
ORD-23974,CUST-9590,SESS-28974,CART-25974,2024-01-28,134.11,52.64,37.83,Electronics,5,Shipped,Affiliate,North,P-821,SKU-2552,26.82,9.56,10.73,Returning,Crypto
ORD-23975,CUST-9591,SESS-28975,CART-25975,2023-08-15,38.65,19.40,38.48,Fashion,3,Cancelled,Social Media,North,P-733,SKU-1496,12.88,8.90,3.09,Returning,Debit Card
ORD-23976,CUST-9591,SESS-28976,CART-25976,2024-03-19,68.41,21.81,5.30,NULL,5,Completed,Affiliate,North,P-847,SKU-3638,13.68,12.59,5.47,Returning,Crypto
ORD-23977,CUST-9591,SESS-28977,CART-25977,2023-07-23,498.21,185.23,18.74,Electronics,3,Completed,Social Media,North,P-422,SKU-2298,166.07,15.39,39.86,New,PayPal
ORD-23978,CUST-9592,SESS-28978,CART-25978,2024-11-11,390.18,171.27,46.24,Electronics,5,Completed,Mobile App,East,P-235,SKU-1119,78.04,5.76,31.21,Returning,Crypto
ORD-23979,CUST-9592,SESS-28979,CART-25979,2023-04-11,223.43,87.79,30.27,Home,3,Completed,Mobile App,South,P-952,SKU-3819,74.48,4.32,17.87,New,Credit Card
ORD-23980,CUST-9593,SESS-28980,CART-25980,2025-10-20,291.06,107.58,30.27,Beauty,1,Completed,Affiliate,East,P-421,SKU-1642,291.06,11.09,23.28,Returning,Credit Card
ORD-23981,CUST-9593,SESS-28981,CART-25981,2024-10-02,138.73,46.92,42.06,Fashion,2,Cancelled,Web,West,P-558,SKU-2488,69.37,2.84,11.10,Returning,PayPal
ORD-23982,CUST-9593,SESS-28982,CART-25982,2024-01-20,255.29,152.43,43.34,Sports,5,Pending,Affiliate,International,P-850,SKU-457,51.06,1.22,20.42,New,Debit Card
ORD-23983,CUST-9594,SESS-28983,CART-25983,2023-10-03,443.95,217.63,23.96,Sports,NULL,Shipped,Social Media,International,P-933,SKU-1280,147.98,8.13,35.52,New,PayPal
ORD-23984,CUST-9594,SESS-28984,CART-25984,2023-03-08,238.64,129.39,48.52,Sports,4,Returned,Social Media,International,P-570,SKU-3765,59.66,7.69,19.09,VIP,Crypto
ORD-23985,CUST-9595,SESS-28985,CART-25985,1726202854832,498.68,271.93,26.55,Sports,3,Completed,Mobile App,East,P-929,SKU-3738,166.23,4.24,39.89,New,PayPal
ORD-23986,CUST-9595,SESS-28986,CART-25986,2024-08-14,16.21,5.33,12.05,Beauty,5,Shipped,Mobile App,International,P-725,SKU-2609,3.24,5.60,1.30,VIP,PayPal
ORD-23987,CUST-9595,SESS-28987,CART-25987,2024-05-26,320.53,145.38,29.41,Home,2,Shipped,Mobile App,South,P-809,SKU-1640,160.27,14.09,25.64,New,PayPal
ORD-23988,CUST-9596,SESS-28988,CART-25988,2024-06-13,234.48,100.65,35.38,Home,3,Returned,Social Media,West,P-177,SKU-3204,78.16,5.43,18.76,New,PayPal
ORD-23989,CUST-9596,SESS-28989,CART-25989,2024-07-05,89.50,37.99,28.62,Electronics,1,Returned,Mobile App,South,P-188,SKU-1882,89.50,8.90,7.16,New,Credit Card
ORD-23990,CUST-9597,SESS-28990,CART-25990,2025-07-12,277.04,95.37,49.75,Electronics,1,Cancelled,Mobile App,South,P-201,SKU-996,277.04,0.63,22.16,Returning,Crypto
ORD-23991,CUST-9597,SESS-28991,CART-25991,2023-10-11,243.51,119.47,40.25,Sports,5,Pending,Web,East,P-223,SKU-1217,48.70,10.56,19.48,VIP,Crypto
ORD-23992,CUST-9597,SESS-28992,CART-25992,2024-11-02,18.68,6.23,44.99,Beauty,3,Shipped,Web,West,P-314,SKU-4064,6.23,7.73,1.49,VIP,Debit Card
ORD-23993,CUST-9598,SESS-28993,CART-25993,9/24/2025,268.24,94.56,22.74,Beauty,4,Completed,Web,North,P-109,SKU-3900,67.06,8.57,21.46,New,Crypto
ORD-23994,CUST-9598,SESS-28994,CART-25994,2024-06-22,197.56,70.99,21.09,Beauty,1,Shipped,Mobile App,East,P-258,SKU-4573,197.56,2.64,15.81,New,Credit Card
ORD-23995,CUST-9599,SESS-28995,CART-25995,2024-01-16,331.30,115.33,18.60,Electronics,4,Returned,Affiliate,East,P-257,SKU-3896,82.83,2.76,26.50,VIP,Crypto
ORD-23996,CUST-9599,SESS-28996,CART-25996,2025-06-08,464.41,242.50,45.48,Beauty,4,Completed,Affiliate,South,P-976,SKU-507,116.10,8.83,37.15,Returning,Credit Card
ORD-23997,CUST-9599,SESS-28997,CART-25997,2023-03-03,461.99,205.06,48.64,Fashion,4,Pending,Social Media,East,P-314,SKU-1106,115.50,5.83,36.96,Returning,Debit Card
ORD-23998,CUST-9600,SESS-28998,CART-25998,2024-08-09,279.62,114.67,0.81,Sports,2,Returned,Social Media,West,P-386,SKU-3185,139.81,13.35,22.37,New,Credit Card
ORD-23999,CUST-9600,SESS-28999,CART-25999,2024-03-23,409.69,229.97,24.11,Fashion,5,Completed,Social Media,South,P-233,SKU-3214,81.94,2.35,32.78,Returning,PayPal
ORD-24000,CUST-9601,SESS-29000,CART-26000,2026-01-15,377.64,130.11,9.41,Electronics,1,Cancelled,Web,West,P-648,SKU-864,377.64,14.01,30.21,VIP,PayPal
ORD-24001,CUST-9601,SESS-29001,CART-26001,2023-08-14,40.57,20.67,28.05,Home,NULL,Shipped,Web,International,P-16,SKU-2546,8.11,16.81,3.25,New,PayPal
ORD-24002,CUST-9601,SESS-29002,CART-26002,2025-10-01,187.87,57.97,11.49,Electronics,5,Returned,Social Media,South,P-177,SKU-2867,37.57,5.69,15.03,New,PayPal
ORD-24003,CUST-9602,SESS-29003,CART-26003,2023-03-19,292.21,138.06,30.50,Fashion,5,Pending,Social Media,International,P-74,SKU-3650,58.44,5.55,23.38,VIP,Debit Card
ORD-24004,CUST-9602,SESS-29004,CART-26004,2023-10-20,264.11,89.68,43.50,Beauty,4,Pending,Affiliate,South,P-65,SKU-4090,66.03,10.29,21.13,New,PayPal
ORD-24005,CUST-9603,SESS-29005,CART-26005,1683441917047,347.66,121.12,31.56,Sports,3,Shipped,Affiliate,South,P-65,SKU-4810,115.89,16.06,27.81,Returning,Debit Card
ORD-24006,CUST-9603,SESS-29006,CART-26006,2024-02-12,377.43,195.76,44.88,Fashion,2,Pending,Social Media,West,P-897,SKU-2798,188.71,15.77,30.19,New,Crypto
ORD-24007,CUST-9603,SESS-29007,CART-26007,2023-08-09,491.20,213.22,27.53,Fashion,4,Returned,Web,South,P-659,SKU-4962,122.80,0.61,39.30,New,Crypto
ORD-24008,CUST-9604,SESS-29008,CART-26008,2025-12-30,211.19,86.70,13.27,Fashion,4,Pending,Mobile App,West,P-820,SKU-1550,52.80,6.22,16.89,VIP,Debit Card
ORD-24009,CUST-9604,SESS-29009,CART-26009,2025-04-07,477.13,251.84,16.52,Sports,5,Shipped,Web,North,P-299,SKU-1339,95.43,15.24,38.17,Returning,Credit Card
ORD-24010,CUST-9605,SESS-29010,CART-26010,2025-03-14,104.28,61.61,30.73,Fashion,4,Pending,Web,North,P-245,SKU-3859,26.07,6.55,8.34,Returning,PayPal
ORD-24011,CUST-9605,SESS-29011,CART-26011,2026-01-16,161.82,61.73,30.41,Fashion,3,Shipped,Social Media,North,P-688,SKU-893,53.94,14.33,12.95,New,PayPal
ORD-24012,CUST-9605,SESS-29012,CART-26012,2023-08-27,334.07,149.06,26.13,Sports,1,Pending,Web,International,P-838,SKU-3187,334.07,13.10,26.73,New,PayPal
ORD-24013,CUST-9606,SESS-29013,CART-26013,2025-11-17,253.14,143.60,25.99,Fashion,1,Pending,Affiliate,West,P-140,SKU-275,253.14,14.58,20.25,VIP,Debit Card
ORD-24014,CUST-9606,SESS-29014,CART-26014,2025-01-06,153.81,60.14,28.42,Fashion,1,Cancelled,Mobile App,South,P-11,SKU-3831,153.81,14.26,12.30,New,Crypto
ORD-24015,CUST-9607,SESS-29015,CART-26015,2026-01-05,397.05,123.10,10.53,Electronics,5,Pending,Social Media,North,P-233,SKU-1228,79.41,15.94,31.76,VIP,Debit Card
ORD-24016,CUST-9607,SESS-29016,CART-26016,2024-04-30,456.22,263.01,42.77,Electronics,4,Shipped,Mobile App,South,P-840,SKU-1595,114.05,18.87,36.50,New,PayPal
ORD-24017,CUST-9607,SESS-29017,CART-26017,2023-06-10,254.22,97.34,10.38,Beauty,3,Cancelled,Mobile App,North,P-222,SKU-4790,84.74,11.82,20.34,Returning,PayPal
ORD-24018,CUST-9608,SESS-29018,CART-26018,2024-05-07,152.92,80.65,13.84,Home,4,Returned,Affiliate,International,P-241,SKU-2535,38.23,8.31,12.23,Returning,Debit Card
ORD-24019,CUST-9608,SESS-29019,CART-26019,1698778038320,67.20,25.50,34.72,Beauty,2,Shipped,Web,North,P-730,SKU-109,33.60,15.15,5.38,Returning,Crypto
ORD-24020,CUST-9609,SESS-29020,CART-26020,2024-01-10,155.81,54.53,20.96,Sports,3,Shipped,Social Media,East,P-327,SKU-3224,51.94,12.88,12.46,New,Debit Card
ORD-24021,CUST-9609,SESS-29021,CART-26021,2023-07-15,465.25,259.42,16.96,Beauty,4,Shipped,Affiliate,North,P-906,SKU-1834,116.31,3.90,37.22,New,Debit Card
ORD-24022,CUST-9609,SESS-29022,CART-26022,2025-10-19,449.25,253.32,11.23,Fashion,1,Cancelled,Mobile App,West,P-711,SKU-4230,449.25,1.63,35.94,VIP,Debit Card
ORD-24023,CUST-9610,SESS-29023,CART-26023,1755208684866,13.77,7.72,48.28,Electronics,2,Cancelled,Social Media,West,P-883,SKU-4757,6.88,8.19,1.10,Returning,Debit Card
ORD-24024,CUST-9610,SESS-29024,CART-26024,2024-06-25,477.78,253.42,14.22,Home,5,Pending,Social Media,International,P-477,SKU-1071,95.56,12.68,38.22,VIP,PayPal
ORD-24025,CUST-9611,SESS-29025,CART-26025,2024-01-22,73.80,41.86,18.96,Beauty,3,Cancelled,Mobile App,International,P-863,SKU-1855,24.60,15.86,5.90,VIP,PayPal
ORD-24026,CUST-9611,SESS-29026,CART-26026,2023-06-03,333.13,118.07,19.59,Home,1,Shipped,Social Media,International,P-136,SKU-1925,333.13,14.44,26.65,New,Credit Card
ORD-24027,CUST-9611,SESS-29027,CART-26027,2025-09-23,491.87,240.37,23.16,Electronics,1,Cancelled,Social Media,International,P-308,SKU-96,491.87,7.28,39.35,Returning,Credit Card
ORD-24028,CUST-9612,SESS-29028,CART-26028,2023-05-19,90.47,53.95,3.72,Beauty,3,Shipped,Affiliate,South,P-749,SKU-144,30.16,4.33,7.24,Returning,Credit Card
ORD-24029,CUST-9612,SESS-29029,CART-26029,2025-05-19,496.42,202.44,21.93,Beauty,2,Pending,Web,East,P-247,SKU-4509,248.21,18.28,39.71,VIP,PayPal
ORD-24030,CUST-9613,SESS-29030,CART-26030,2024-02-18,28.48,10.77,14.64,Beauty,5,Completed,Mobile App,South,P-834,SKU-3059,5.70,3.40,2.28,Returning,Credit Card
ORD-24031,CUST-9613,SESS-29031,CART-26031,2025-07-06,280.68,153.03,29.12,Fashion,2,Returned,Affiliate,International,P-390,SKU-1220,140.34,12.60,22.45,VIP,Debit Card
ORD-24032,CUST-9613,SESS-29032,CART-26032,2025-06-08,344.68,155.17,0.24,Sports,1,Cancelled,Affiliate,International,P-806,SKU-3551,344.68,13.90,27.57,Returning,Debit Card
ORD-24033,CUST-9614,SESS-29033,CART-26033,2025-04-29,286.57,102.94,28.55,Sports,1,Returned,Web,East,P-728,SKU-3254,286.57,5.35,22.93,Returning,Credit Card
ORD-24034,CUST-9614,SESS-29034,CART-26034,2025-05-07,255.95,148.67,1.72,Home,3,Cancelled,Web,East,P-123,SKU-1400,85.32,2.86,20.48,Returning,Debit Card
ORD-24035,CUST-9615,SESS-29035,CART-26035,1762142713744,179.56,103.44,36.26,Fashion,2,Returned,Mobile App,International,P-78,SKU-1582,89.78,0.25,14.36,New,Crypto
ORD-24036,CUST-9615,SESS-29036,CART-26036,2023-11-13,428.45,129.87,31.40,Fashion,5,Pending,Mobile App,West,P-578,SKU-1018,85.69,10.28,34.28,New,Debit Card
ORD-24037,CUST-9615,SESS-29037,CART-26037,2024-11-12,336.97,145.58,34.71,Home,4,Returned,Mobile App,West,P-805,SKU-538,84.24,19.47,26.96,VIP,PayPal
ORD-24038,CUST-9616,SESS-29038,CART-26038,1/11/2025,464.56,185.22,40.96,Electronics,5,Returned,Social Media,International,P-849,SKU-3872,92.91,14.35,37.16,VIP,PayPal
ORD-24039,CUST-9616,SESS-29039,CART-26039,2024-11-25,71.59,37.07,35.27,Electronics,2,Pending,Web,International,P-679,SKU-3631,35.80,13.36,5.73,New,Credit Card
ORD-24040,CUST-9617,SESS-29040,CART-26040,2024-06-02,74.55,41.58,33.37,Electronics,5,Returned,Mobile App,International,P-110,SKU-660,14.91,5.47,5.96,VIP,Debit Card
ORD-24041,CUST-9617,SESS-29041,CART-26041,2023-02-28,312.29,182.46,13.85,Home,4,Completed,Affiliate,North,P-103,SKU-3985,78.07,18.53,24.98,New,Credit Card
ORD-24042,CUST-9617,SESS-29042,CART-26042,2024-03-12,223.31,70.31,15.21,Sports,4,Pending,Social Media,South,P-980,SKU-2198,55.83,3.42,17.87,New,Crypto
ORD-24043,CUST-9618,SESS-29043,CART-26043,2025-06-04,316.79,111.78,9.10,Sports,3,Returned,Web,East,P-194,SKU-3978,105.60,14.21,25.34,Returning,Credit Card
ORD-24044,CUST-9618,SESS-29044,CART-26044,2023-10-03,183.52,90.51,45.57,Sports,5,Pending,Web,West,P-272,SKU-3537,36.70,11.54,14.68,VIP,Credit Card
ORD-24045,CUST-9619,SESS-29045,CART-26045,1682821540681,433.00,227.62,33.44,Electronics,3,Pending,Mobile App,East,P-583,SKU-2625,144.33,14.25,34.64,Returning,Credit Card
ORD-24046,CUST-9619,SESS-29046,CART-26046,2025-09-18,  509.32  ,153.99,15.29,Sports,1,Pending,Mobile App,East,P-961,SKU-3306,509.32,10.37,40.75,New,PayPal
ORD-24047,CUST-9619,SESS-29047,CART-26047,2024-12-11,428.11,160.24,10.55,Sports,1,Completed,Web,East,P-317,SKU-3426,428.11,10.22,34.25,New,Credit Card
ORD-24048,CUST-9620,SESS-29048,CART-26048,2024-09-01,11.80,6.65,25.68,Fashion,5,Completed,Social Media,South,P-303,SKU-1452,2.36,0.95,0.94,Returning,Debit Card
ORD-24049,CUST-9620,SESS-29049,CART-26049,2024-12-09,88.52,32.84,3.25,Electronics,4,Returned,Social Media,East,P-513,SKU-1972,22.13,16.00,7.08,VIP,Debit Card
ORD-24050,CUST-9621,SESS-29050,CART-26050,2025-04-18,192.12,91.89,4.93,Beauty,1,Completed,Mobile App,West,P-839,SKU-4987,192.12,14.29,15.37,VIP,Credit Card
ORD-24051,CUST-9621,SESS-29051,CART-26051,1692184103000,  109.74  ,47.24,20.31,  home  ,4,Cancelled,Web,South,P-284,SKU-2857,27.43,6.73,8.78,VIP,PayPal
ORD-24052,CUST-9621,SESS-29052,CART-26052,2025-06-27,,61.18,4.24,Electronics,5,Returned,Web,South,P-835,SKU-222,21.89,15.22,8.76,New,PayPal
ORD-24053,CUST-9622,SESS-29053,CART-26053,2023-12-22,310.63,100.75,2.86,Sports,4,Returned,Affiliate,South,P-543,SKU-1780,77.66,13.73,24.85,VIP,Crypto
ORD-24054,CUST-9622,SESS-29054,CART-26054,2024-12-03,192.24,70.99,12.51,Sports,5,Pending,Web,South,P-536,SKU-3559,38.45,8.34,15.38,New,Debit Card
ORD-24055,CUST-9623,SESS-29055,CART-26055,2024-02-02,351.15,115.42,21.97,Beauty,4,Cancelled,Web,South,P-76,SKU-490,87.79,5.85,28.09,VIP,Debit Card
ORD-24056,CUST-9623,SESS-29056,CART-26056,2024-09-07,452.41,147.82,12.70,Sports,5,Pending,Social Media,International,P-651,SKU-566,90.48,14.09,36.19,New,Credit Card
ORD-24057,CUST-9623,SESS-29057,CART-26057,2025-05-22,157.05,62.90,17.88,Electronics,2,Cancelled,Affiliate,West,P-717,SKU-631,78.52,11.43,12.56,Returning,PayPal
ORD-24058,CUST-9624,SESS-29058,CART-26058,2023-12-19,171.50,72.51,43.17,Home,3,Shipped,Web,East,P-316,SKU-534,57.17,15.67,13.72,New,Crypto
ORD-24059,CUST-9624,SESS-29059,CART-26059,2023-05-10,387.31,202.91,9.41,Electronics,1,Returned,Mobile App,East,P-743,SKU-3833,387.31,17.98,30.98,Returning,PayPal
ORD-24060,CUST-9625,SESS-29060,CART-26060,2025-09-01,435.60,140.43,49.26,Sports,1,Pending,Mobile App,North,P-359,SKU-4147,435.60,9.33,34.85,New,Credit Card
ORD-24061,CUST-9625,SESS-29061,CART-26061,2026-02-28,317.43,171.39,34.95,Fashion,1,Completed,Web,South,P-14,SKU-3418,317.43,17.41,25.39,New,Debit Card
ORD-24062,CUST-9625,SESS-29062,CART-26062,2024-05-10,493.45,188.68,29.65,Home,NULL,Shipped,Web,East,P-901,SKU-2344,98.69,4.84,39.48,New,Crypto
ORD-24063,CUST-9626,SESS-29063,CART-26063,2024-10-19,269.03,143.23,1.66,Home,4,Returned,Mobile App,West,P-278,SKU-2439,67.26,7.06,21.52,Returning,Crypto
ORD-24064,CUST-9626,SESS-29064,CART-26064,2026-02-06,89.11,47.97,2.43,Electronics,3,Cancelled,Social Media,East,P-678,SKU-2352,29.70,7.50,7.13,New,Crypto
ORD-24065,CUST-9627,SESS-29065,CART-26065,2025-01-07,158.13,48.01,17.62,Sports,2,Returned,Social Media,West,P-197,SKU-1334,79.07,8.27,12.65,VIP,PayPal
ORD-24066,CUST-9627,SESS-29066,CART-26066,2025-06-28,203.00,94.35,47.51,Home,2,Completed,Mobile App,South,P-293,SKU-4133,101.50,7.58,16.24,Returning,Debit Card
ORD-24067,CUST-9627,SESS-29067,CART-26067,1673206865825,463.37,236.81,18.41,  electronics  ,3,Completed,Affiliate,South,P-83,SKU-4276,154.46,16.85,37.07,VIP,Crypto
ORD-24068,CUST-9628,SESS-29068,CART-26068,2023-02-17,159.31,75.91,30.69,Fashion,3,Pending,Affiliate,South,P-963,SKU-2897,53.10,6.55,12.74,VIP,Credit Card
ORD-24069,CUST-9628,SESS-29069,CART-26069,2024-02-24,413.57,140.68,2.43,Beauty,2,Returned,Web,North,P-496,SKU-3141,206.78,4.19,33.09,Returning,Credit Card
ORD-24070,CUST-9629,SESS-29070,CART-26070,2025-02-26,117.36,54.97,37.48,Electronics,1,Pending,Mobile App,International,P-502,SKU-4952,117.36,12.78,9.39,VIP,Credit Card
ORD-24071,CUST-9629,SESS-29071,CART-26071,2024-03-19,,8.71,24.85,Sports,5,Pending,Web,South,P-151,SKU-4899,3.41,17.08,1.36,New,Debit Card
ORD-24072,CUST-9629,SESS-29072,CART-26072,2024-05-16,454.28,264.58,35.45,Sports,4,Shipped,Social Media,South,P-438,SKU-4690,113.57,12.97,36.34,New,PayPal
ORD-24073,CUST-9630,SESS-29073,CART-26073,2024-09-21,,86.55,2.70,Electronics,5,Shipped,Affiliate,South,P-234,SKU-4953,52.93,11.30,21.17,VIP,PayPal
ORD-24074,CUST-9630,SESS-29074,CART-26074,2024-04-08,17.71,7.45,35.88,Fashion,5,Returned,Mobile App,West,P-873,SKU-524,3.54,9.76,1.42,VIP,PayPal
ORD-24075,CUST-9631,SESS-29075,CART-26075,2023-05-31,426.05,205.77,36.82,Beauty,2,Completed,Affiliate,South,P-548,SKU-598,213.03,14.83,34.08,New,Credit Card
ORD-24076,CUST-9631,SESS-29076,CART-26076,2024-07-26,142.57,73.76,24.94,Fashion,1,Returned,Affiliate,East,P-450,SKU-1498,142.57,14.53,11.41,New,Debit Card
ORD-24077,CUST-9631,SESS-29077,CART-26077,2024-08-14,289.69,141.84,49.69,Fashion,1,Returned,Web,North,P-683,SKU-4740,289.69,9.40,23.18,Returning,Debit Card
ORD-24078,CUST-9632,SESS-29078,CART-26078,1/12/2024,385.03,116.28,23.36,Home,3,Cancelled,Affiliate,North,P-114,SKU-3082,128.34,8.14,30.80,New,Debit Card
ORD-24079,CUST-9632,SESS-29079,CART-26079,2025-07-17,352.95,168.63,2.59,Beauty,1,Shipped,Mobile App,West,P-61,SKU-2338,352.95,2.68,28.24,Returning,Crypto
ORD-24080,CUST-9633,SESS-29080,CART-26080,2023-03-25,281.63,166.81,44.80,Electronics,4,Cancelled,Affiliate,South,P-32,SKU-31,70.41,10.97,22.53,VIP,Credit Card
ORD-24081,CUST-9633,SESS-29081,CART-26081,2023-11-27,278.39,89.81,9.61,Electronics,1,Pending,Web,East,P-687,SKU-2219,278.39,16.97,22.27,VIP,Crypto
ORD-24082,CUST-9633,SESS-29082,CART-26082,2024-10-24,435.72,259.24,33.45,Home,1,Shipped,Web,International,P-607,SKU-776,435.72,3.00,34.86,Returning,Crypto
ORD-24083,CUST-9634,SESS-29083,CART-26083,2025-05-20,496.91,219.74,35.69,Electronics,3,Cancelled,Affiliate,East,P-337,SKU-4012,165.64,1.73,39.75,New,Crypto
ORD-24084,CUST-9634,SESS-29084,CART-26084,2026-01-17,316.77,121.75,25.84,Fashion,1,Shipped,Web,International,P-411,SKU-927,316.77,15.78,25.34,New,Debit Card
ORD-24085,CUST-9635,SESS-29085,CART-26085,2026-02-17,321.44,167.61,18.48,Sports,3,Cancelled,Affiliate,North,P-969,SKU-3464,107.15,7.32,25.72,VIP,PayPal
ORD-24086,CUST-9635,SESS-29086,CART-26086,1689185916794,21.97,9.75,9.42,Electronics,4,Returned,Web,International,P-339,SKU-3861,5.49,19.02,1.76,VIP,Crypto
ORD-24087,CUST-9635,SESS-29087,CART-26087,2025-01-28,450.06,149.01,19.52,Beauty,4,Pending,Web,International,P-174,SKU-3667,112.51,6.21,36.00,New,Debit Card
ORD-24088,CUST-9636,SESS-29088,CART-26088,2026-03-02,160.96,69.68,49.21,Home,3,Completed,Web,North,P-803,SKU-1348,53.65,16.28,12.88,VIP,Debit Card
ORD-24089,CUST-9636,SESS-29089,CART-26089,2023-06-26,266.99,80.42,31.99,Electronics,1,Returned,Social Media,South,P-945,SKU-3776,266.99,5.29,21.36,Returning,Crypto
ORD-24090,CUST-9637,SESS-29090,CART-26090,2025-07-16,429.87,130.29,37.59,Electronics,2,Pending,Affiliate,North,P-205,SKU-3016,214.94,15.96,34.39,Returning,Crypto
ORD-24091,CUST-9637,SESS-29091,CART-26091,2023-01-19,340.97,199.48,19.17,Electronics,4,Shipped,Web,West,P-287,SKU-1782,85.24,15.47,27.28,VIP,Debit Card
ORD-24092,CUST-9637,SESS-29092,CART-26092,2024-06-15,  316.63  ,161.99,48.25,Electronics,4,Shipped,Web,International,P-917,SKU-1097,79.16,17.64,25.33,VIP,PayPal
ORD-24093,CUST-9638,SESS-29093,CART-26093,2023-11-23,437.66,145.95,43.40,Sports,3,Completed,Affiliate,East,P-760,SKU-2008,145.89,5.37,35.01,New,PayPal
ORD-24094,CUST-9638,SESS-29094,CART-26094,2023-09-20,160.51,55.09,30.41,Home,3,Completed,Web,International,P-69,SKU-4335,53.50,4.24,12.84,VIP,PayPal
ORD-24095,CUST-9639,SESS-29095,CART-26095,8/15/2024,179.24,62.40,29.82,Sports,3,Shipped,Affiliate,North,P-180,SKU-3509,59.75,5.26,14.34,VIP,Crypto
ORD-24096,CUST-9639,SESS-29096,CART-26096,2025-01-15,48.84,22.17,2.21,Sports,4,Shipped,Mobile App,North,P-84,SKU-3856,12.21,9.16,3.91,Returning,Credit Card
ORD-24097,CUST-9639,SESS-29097,CART-26097,2024-11-12,509.61,273.09,6.20,Fashion,2,Shipped,Social Media,East,P-702,SKU-4552,254.80,17.28,40.77,Returning,Crypto
ORD-24098,CUST-9640,SESS-29098,CART-26098,2025-09-09,191.93,108.13,10.66,Sports,5,Cancelled,Mobile App,West,P-876,SKU-1986,38.39,17.33,15.35,VIP,Credit Card
ORD-24099,CUST-9640,SESS-29099,CART-26099,2023-01-15,297.39,138.21,17.98,Sports,1,Completed,Social Media,East,P-582,SKU-2988,297.39,2.16,23.79,Returning,Debit Card
ORD-24100,CUST-9641,SESS-29100,CART-26100,2023-03-18,132.82,48.88,9.90,Beauty,5,Shipped,Mobile App,International,P-735,SKU-2974,26.56,16.80,10.63,VIP,Credit Card
ORD-24101,CUST-9641,SESS-29101,CART-26101,2024-03-02,200.93,92.27,19.34,Beauty,3,Cancelled,Affiliate,West,P-464,SKU-1858,66.98,11.06,16.07,VIP,PayPal
ORD-24102,CUST-9641,SESS-29102,CART-26102,2024-05-08,134.75,72.15,28.76,Fashion,3,Completed,Affiliate,East,P-572,SKU-509,44.92,6.06,10.78,Returning,Crypto
ORD-24103,CUST-9642,SESS-29103,CART-26103,2024-01-30,436.31,221.26,43.16,Sports,3,Cancelled,Social Media,International,P-920,SKU-3265,145.44,19.91,34.90,VIP,Credit Card
ORD-24104,CUST-9642,SESS-29104,CART-26104,2025-04-05,96.51,41.62,15.09,Beauty,4,Returned,Social Media,South,P-211,SKU-1291,24.13,10.10,7.72,VIP,Credit Card
ORD-24105,CUST-9643,SESS-29105,CART-26105,2026-02-02,509.55,302.57,39.91,Fashion,2,Shipped,Mobile App,North,P-452,SKU-2995,254.78,10.06,40.76,VIP,Crypto
ORD-24106,CUST-9643,SESS-29106,CART-26106,2025-09-09,44.93,16.99,37.85,Electronics,5,Cancelled,Affiliate,East,P-339,SKU-4302,8.99,2.79,3.59,Returning,PayPal
ORD-24107,CUST-9643,SESS-29107,CART-26107,2024-09-15,129.50,46.38,24.47,Fashion,5,Cancelled,Affiliate,West,P-684,SKU-2543,25.90,17.65,10.36,New,Credit Card
ORD-24108,CUST-9644,SESS-29108,CART-26108,2023-11-01,292.71,122.63,35.08,Sports,2,Returned,Mobile App,East,P-554,SKU-4847,146.35,14.77,23.42,New,Crypto
ORD-24109,CUST-9644,SESS-29109,CART-26109,6/21/2025,344.43,110.45,27.73,Beauty,3,Returned,Mobile App,West,P-9,SKU-3227,114.81,2.16,27.55,Returning,Debit Card
ORD-24110,CUST-9645,SESS-29110,CART-26110,2023-04-28,180.43,75.95,28.63,Beauty,3,Returned,Social Media,North,P-219,SKU-1128,60.14,1.52,14.43,New,Debit Card
ORD-24111,CUST-9645,SESS-29111,CART-26111,2024-06-07,436.33,194.13,30.93,Home,3,Cancelled,Social Media,South,P-813,SKU-3068,145.44,8.74,34.91,VIP,Crypto
ORD-24112,CUST-9645,SESS-29112,CART-26112,2024-09-18,364.97,172.11,36.20,Electronics,3,Cancelled,Mobile App,East,P-845,SKU-872,121.66,15.77,29.20,Returning,Debit Card
ORD-24113,CUST-9646,SESS-29113,CART-26113,2023-08-07,319.02,176.47,12.94,Beauty,5,Completed,Affiliate,International,P-28,SKU-2198,63.80,12.32,25.52,VIP,Credit Card
ORD-24114,CUST-9646,SESS-29114,CART-26114,2026-02-14,358.77,183.96,25.90,Beauty,1,Returned,Affiliate,West,P-992,SKU-1585,358.77,14.00,28.70,Returning,PayPal
ORD-24115,CUST-9647,SESS-29115,CART-26115,2025-08-08,460.43,202.99,8.99,Fashion,1,Pending,Affiliate,North,P-168,SKU-1694,460.43,19.04,36.83,VIP,PayPal
ORD-24116,CUST-9647,SESS-29116,CART-26116,2025-08-03,,77.51,13.71,Sports,4,Shipped,Affiliate,International,P-260,SKU-1265,33.41,5.38,10.69,Returning,PayPal
ORD-24117,CUST-9647,SESS-29117,CART-26117,2025-07-21,27.13,12.77,47.40,Home,2,Cancelled,Mobile App,West,P-590,SKU-2840,13.56,8.84,2.17,Returning,Credit Card
ORD-24118,CUST-9648,SESS-29118,CART-26118,2024-08-21,159.50,55.10,9.92,Sports,3,Cancelled,Mobile App,International,P-787,SKU-1953,53.17,4.92,12.76,New,Crypto
ORD-24119,CUST-9648,SESS-29119,CART-26119,2024-10-12,282.49,112.21,24.82,  sports  ,,Shipped,Affiliate,International,P-98,SKU-4308,56.50,5.72,22.60,VIP,Debit Card
ORD-24120,CUST-9649,SESS-29120,CART-26120,1724540468903,73.70,23.36,36.38,Home,5,Cancelled,Web,North,P-674,SKU-929,14.74,16.01,5.90,Returning,Crypto
ORD-24121,CUST-9649,SESS-29121,CART-26121,2024-11-05,387.14,214.26,16.33,Electronics,5,Shipped,Mobile App,West,P-750,SKU-2533,77.43,5.42,30.97,VIP,Credit Card
ORD-24122,CUST-9649,SESS-29122,CART-26122,2024-04-22,  443.18  ,196.44,17.72,Fashion,4,Completed,Web,International,P-106,SKU-1949,110.79,0.54,35.45,Returning,Debit Card
ORD-24123,CUST-9650,SESS-29123,CART-26123,2024-12-01,342.42,112.92,42.32,Fashion,5,Returned,Affiliate,East,P-831,SKU-3508,68.48,2.75,27.39,Returning,Debit Card
ORD-24124,CUST-9650,SESS-29124,CART-26124,2024-08-10,267.30,114.76,24.24,Beauty,1,Returned,Affiliate,International,P-359,SKU-3380,267.30,13.32,21.38,VIP,Debit Card
ORD-24125,CUST-9651,SESS-29125,CART-26125,2025-11-02,349.62,205.10,24.70,Beauty,5,Completed,Social Media,East,P-960,SKU-381,69.92,1.53,27.97,New,Credit Card
ORD-24126,CUST-9651,SESS-29126,CART-26126,2025-02-05,404.41,125.52,36.00,Electronics,1,Shipped,Affiliate,East,P-5,SKU-541,404.41,8.96,32.35,New,Credit Card
ORD-24127,CUST-9651,SESS-29127,CART-26127,2023-07-04,352.01,113.62,20.14,Fashion,5,Cancelled,Affiliate,International,P-393,SKU-3019,70.40,6.84,28.16,VIP,PayPal
ORD-24128,CUST-9652,SESS-29128,CART-26128,2024-06-27,391.66,215.72,35.18,Home,3,Completed,Affiliate,West,P-792,SKU-2282,130.55,1.69,31.33,New,PayPal
ORD-24129,CUST-9652,SESS-29129,CART-26129,2026-02-21,37.47,20.69,46.42,Electronics,,Completed,Mobile App,International,P-232,SKU-4562,18.73,6.52,3.00,Returning,Credit Card
ORD-24130,CUST-9653,SESS-29130,CART-26130,2025-02-26,453.57,247.24,12.08,Beauty,2,Completed,Web,South,P-955,SKU-4297,226.78,9.66,36.29,VIP,Debit Card
ORD-24131,CUST-9653,SESS-29131,CART-26131,2024-09-02,464.10,251.52,9.59,Beauty,2,Pending,Mobile App,East,P-354,SKU-3621,232.05,8.61,37.13,VIP,PayPal
ORD-24132,CUST-9653,SESS-29132,CART-26132,2024-08-11,329.12,132.02,37.38,Beauty,3,Pending,Mobile App,West,P-123,SKU-4859,109.71,19.39,26.33,Returning,PayPal
ORD-24133,CUST-9654,SESS-29133,CART-26133,2024-12-09,63.76,19.25,28.69,Fashion,1,Returned,Affiliate,International,P-901,SKU-1221,63.76,8.55,5.10,VIP,Credit Card
ORD-24134,CUST-9654,SESS-29134,CART-26134,2025-05-21,322.58,166.20,16.18,Beauty,1,Cancelled,Web,International,P-669,SKU-2831,322.58,19.55,25.81,New,Debit Card
ORD-24135,CUST-9655,SESS-29135,CART-26135,2024-07-29,137.55,55.48,32.73,Electronics,5,Returned,Mobile App,South,P-590,SKU-4678,27.51,7.17,11.00,Returning,Debit Card
ORD-24136,CUST-9655,SESS-29136,CART-26136,2023-04-24,361.00,120.60,46.57,Sports,3,Pending,Web,International,P-960,SKU-3915,120.33,11.82,28.88,VIP,PayPal
ORD-24137,CUST-9655,SESS-29137,CART-26137,2026-03-09,16.42,6.97,4.47,Fashion,3,Pending,Mobile App,East,P-244,SKU-293,5.47,9.84,1.31,Returning,Crypto
ORD-24138,CUST-9656,SESS-29138,CART-26138,2024-08-27,188.17,109.95,46.57,Beauty,3,Shipped,Affiliate,International,P-738,SKU-2455,62.72,1.71,15.05,New,Crypto
ORD-24139,CUST-9656,SESS-29139,CART-26139,9/27/2023,502.31,164.98,27.94,Beauty,1,Returned,Web,South,P-525,SKU-597,502.31,10.87,40.18,VIP,Debit Card
ORD-24140,CUST-9657,SESS-29140,CART-26140,2024-03-14,,140.49,37.17,  beauty  ,1,Returned,Web,East,P-850,SKU-2185,259.55,4.58,20.76,Returning,Crypto
ORD-24141,CUST-9657,SESS-29141,CART-26141,1695373899937,282.61,145.51,7.04,Home,5,Shipped,Web,West,P-253,SKU-2216,56.52,6.35,22.61,VIP,PayPal
ORD-24142,CUST-9657,SESS-29142,CART-26142,2024-08-22,362.74,194.39,22.05,Fashion,2,Completed,Social Media,West,P-238,SKU-3073,181.37,17.18,29.02,VIP,Debit Card
ORD-24143,CUST-9658,SESS-29143,CART-26143,2023-12-06,,73.21,23.20,Beauty,2,Returned,Social Media,South,P-945,SKU-2555,77.43,10.56,12.39,Returning,PayPal
ORD-24144,CUST-9658,SESS-29144,CART-26144,2023-08-23,161.20,88.98,48.02,Sports,4,Shipped,Mobile App,West,P-462,SKU-1645,40.30,16.92,12.90,Returning,Credit Card
ORD-24145,CUST-9659,SESS-29145,CART-26145,1759613254354,477.33,215.12,2.64,Sports,4,Cancelled,Web,West,P-394,SKU-281,119.33,14.03,38.19,New,Crypto
ORD-24146,CUST-9659,SESS-29146,CART-26146,2025-02-12,49.48,18.80,39.06,Home,1,Shipped,Web,North,P-678,SKU-358,49.48,10.38,3.96,Returning,PayPal
ORD-24147,CUST-9659,SESS-29147,CART-26147,2023-01-29,198.62,62.43,30.00,Electronics,5,Cancelled,Mobile App,East,P-84,SKU-1014,39.72,7.40,15.89,New,Credit Card
ORD-24148,CUST-9660,SESS-29148,CART-26148,2023-02-28,422.34,244.18,43.76,Home,1,Returned,Affiliate,West,P-921,SKU-1455,422.34,9.75,33.79,Returning,Crypto
ORD-24149,CUST-9660,SESS-29149,CART-26149,2023-05-10,30.73,16.99,2.31,  sports  ,4,Cancelled,Affiliate,South,P-516,SKU-3615,7.68,5.42,2.46,Returning,Crypto
ORD-24150,CUST-9661,SESS-29150,CART-26150,2024-06-10,292.65,111.29,14.65,Electronics,5,Cancelled,Mobile App,South,P-14,SKU-2371,58.53,4.78,23.41,New,PayPal
ORD-24151,CUST-9661,SESS-29151,CART-26151,2023-02-07,430.35,209.99,24.78,Home,3,Returned,Mobile App,South,P-333,SKU-77,143.45,14.97,34.43,Returning,Credit Card
ORD-24152,CUST-9661,SESS-29152,CART-26152,2024-01-11,471.71,274.32,49.78,Sports,3,Shipped,Affiliate,West,P-200,SKU-885,157.24,13.76,37.74,Returning,Credit Card
ORD-24153,CUST-9662,SESS-29153,CART-26153,2023-03-26,,258.93,13.40,Fashion,1,Shipped,Social Media,International,P-939,SKU-1039,503.29,7.46,40.26,Returning,Debit Card
ORD-24154,CUST-9662,SESS-29154,CART-26154,2025-04-30,232.64,130.12,34.12,Home,2,Cancelled,Web,International,P-306,SKU-4080,116.32,3.06,18.61,Returning,Debit Card
ORD-24155,CUST-9663,SESS-29155,CART-26155,2023-12-05,176.97,55.15,22.75,Beauty,3,Shipped,Social Media,International,P-286,SKU-2813,58.99,13.83,14.16,Returning,PayPal
ORD-24156,CUST-9663,SESS-29156,CART-26156,2024-09-12,59.93,22.93,0.90,Beauty,3,Cancelled,Web,East,P-796,SKU-3107,19.98,18.41,4.79,VIP,PayPal
ORD-24157,CUST-9663,SESS-29157,CART-26157,2026-02-25,48.16,18.43,4.80,Electronics,2,Shipped,Web,North,P-973,SKU-4864,24.08,19.68,3.85,Returning,Crypto
ORD-24158,CUST-9664,SESS-29158,CART-26158,2023-11-22,,150.14,9.35,Beauty,4,Cancelled,Web,East,P-881,SKU-1803,101.20,12.83,32.38,VIP,Credit Card
ORD-24159,CUST-9664,SESS-29159,CART-26159,2025-08-02,155.11,61.22,48.69,Sports,2,Shipped,Social Media,East,P-789,SKU-2994,77.56,11.86,12.41,VIP,Credit Card
ORD-24160,CUST-9665,SESS-29160,CART-26160,2025-04-19,129.35,72.64,46.84,Beauty,4,Cancelled,Web,International,P-739,SKU-281,32.34,15.84,10.35,New,Credit Card
ORD-24161,CUST-9665,SESS-29161,CART-26161,1688729087059,42.64,19.38,17.77,  beauty  ,5,Cancelled,Web,South,P-477,SKU-1208,8.53,14.39,3.41,Returning,Crypto
ORD-24162,CUST-9665,SESS-29162,CART-26162,2025-03-22,368.98,173.22,4.30,Beauty,,Pending,Mobile App,South,P-933,SKU-388,73.80,3.42,29.52,New,Crypto
ORD-24163,CUST-9666,SESS-29163,CART-26163,2023-11-26,251.97,128.50,27.82,Home,4,Shipped,Mobile App,West,P-880,SKU-4078,62.99,4.46,20.16,Returning,PayPal
ORD-24164,CUST-9666,SESS-29164,CART-26164,2023-11-15,486.52,285.14,36.87,Electronics,5,Returned,Social Media,South,P-79,SKU-1429,97.30,10.29,38.92,Returning,Crypto
ORD-24165,CUST-9667,SESS-29165,CART-26165,2023-11-17,374.89,184.80,47.26,Sports,5,Cancelled,Affiliate,North,P-449,SKU-2508,74.98,8.46,29.99,Returning,Crypto
ORD-24166,CUST-9667,SESS-29166,CART-26166,2023-10-03,148.69,78.12,6.27,Electronics,3,Returned,Social Media,International,P-461,SKU-2739,49.56,16.14,11.90,New,Crypto
ORD-24167,CUST-9667,SESS-29167,CART-26167,2024-01-13,346.13,110.15,11.71,Sports,1,Shipped,Web,West,P-239,SKU-1282,346.13,16.03,27.69,New,Crypto
ORD-24168,CUST-9668,SESS-29168,CART-26168,2024-04-04,215.15,84.36,22.10,Sports,4,Shipped,Mobile App,South,P-12,SKU-702,53.79,14.85,17.21,VIP,Debit Card
ORD-24169,CUST-9668,SESS-29169,CART-26169,2023-04-22,430.72,140.52,30.54,Home,3,Pending,Affiliate,South,P-479,SKU-3820,143.57,7.00,34.46,VIP,Credit Card
ORD-24170,CUST-9669,SESS-29170,CART-26170,2023-05-15,454.16,236.54,24.85,Electronics,5,Pending,Web,East,P-2,SKU-1672,90.83,12.56,36.33,New,Crypto
ORD-24171,CUST-9669,SESS-29171,CART-26171,2025-05-22,194.90,76.07,17.78,Sports,2,Cancelled,Affiliate,South,P-716,SKU-704,97.45,18.83,15.59,Returning,PayPal
ORD-24172,CUST-9669,SESS-29172,CART-26172,2024-02-05,,202.34,47.58,Beauty,3,Shipped,Web,South,P-458,SKU-151,137.69,16.28,33.04,Returning,Credit Card
ORD-24173,CUST-9670,SESS-29173,CART-26173,2024-03-08,318.36,187.71,43.96,Fashion,2,Shipped,Mobile App,North,P-674,SKU-1414,159.18,11.24,25.47,Returning,PayPal
ORD-24174,CUST-9670,SESS-29174,CART-26174,2023-03-20,332.21,158.57,13.01,Home,4,Pending,Web,International,P-816,SKU-1915,83.05,0.37,26.58,New,Crypto
ORD-24175,CUST-9671,SESS-29175,CART-26175,2023-02-09,135.06,48.16,2.44,Home,3,Cancelled,Social Media,North,P-77,SKU-1975,45.02,16.46,10.81,New,Crypto
ORD-24176,CUST-9671,SESS-29176,CART-26176,2023-11-11,231.96,89.13,14.95,Home,3,Cancelled,Social Media,North,P-306,SKU-4565,77.32,13.12,18.56,New,Credit Card
ORD-24177,CUST-9671,SESS-29177,CART-26177,2023-05-31,142.88,80.12,16.52,Sports,3,Completed,Web,West,P-530,SKU-1188,47.63,6.48,11.43,New,PayPal
ORD-24178,CUST-9672,SESS-29178,CART-26178,2024-07-23,249.60,144.68,18.03,  beauty  ,2,Cancelled,Affiliate,International,P-290,SKU-2529,124.80,16.71,19.97,New,PayPal
ORD-24179,CUST-9672,SESS-29179,CART-26179,2024-05-13,335.98,162.89,34.47,Electronics,3,Completed,Affiliate,North,P-461,SKU-1920,111.99,4.96,26.88,Returning,PayPal
ORD-24180,CUST-9673,SESS-29180,CART-26180,2023-01-09,431.00,184.51,24.65,Beauty,5,Returned,Web,West,P-947,SKU-1767,86.20,14.63,34.48,VIP,Crypto
ORD-24181,CUST-9673,SESS-29181,CART-26181,2026-02-09,444.90,254.36,22.17,Electronics,3,Cancelled,Social Media,International,P-980,SKU-1919,148.30,18.57,35.59,VIP,Debit Card
ORD-24182,CUST-9673,SESS-29182,CART-26182,1/18/2023,66.89,27.68,1.83,Sports,1,Pending,Affiliate,East,P-359,SKU-13,66.89,18.63,5.35,New,Crypto
ORD-24183,CUST-9674,SESS-29183,CART-26183,2023-02-10,172.82,94.82,45.72,Electronics,3,Completed,Social Media,North,P-996,SKU-826,57.61,12.08,13.83,Returning,Credit Card
ORD-24184,CUST-9674,SESS-29184,CART-26184,2024-04-16,388.52,118.50,37.87,Fashion,1,Cancelled,Web,South,P-369,SKU-2165,388.52,0.70,31.08,New,Credit Card
ORD-24185,CUST-9675,SESS-29185,CART-26185,2025-05-10,348.86,198.23,36.03,Fashion,4,Cancelled,Social Media,East,P-314,SKU-1205,87.21,18.60,27.91,VIP,PayPal
ORD-24186,CUST-9675,SESS-29186,CART-26186,2025-03-05,254.65,91.75,26.05,Home,3,Pending,Mobile App,North,P-451,SKU-2213,84.88,16.20,20.37,New,Debit Card
ORD-24187,CUST-9675,SESS-29187,CART-26187,2025-09-02,147.26,87.83,47.79,Home,4,Returned,Mobile App,East,P-167,SKU-189,36.81,7.76,11.78,Returning,Debit Card
ORD-24188,CUST-9676,SESS-29188,CART-26188,5/2/2024,494.54,251.85,32.86,Home,5,Returned,Mobile App,North,P-988,SKU-4446,98.91,6.97,39.56,New,Credit Card
ORD-24189,CUST-9676,SESS-29189,CART-26189,2023-05-15,347.56,106.39,40.85,Sports,4,Shipped,Web,East,P-165,SKU-2795,86.89,11.74,27.80,New,Debit Card
ORD-24190,CUST-9677,SESS-29190,CART-26190,2025-07-01,49.01,28.25,2.39,  home  ,3,Returned,Web,North,P-882,SKU-2672,16.34,2.55,3.92,Returning,PayPal
ORD-24191,CUST-9677,SESS-29191,CART-26191,2024-01-18,77.49,28.02,44.37,,4,Shipped,Social Media,International,P-428,SKU-3532,19.37,11.24,6.20,VIP,Crypto
ORD-24192,CUST-9677,SESS-29192,CART-26192,2025-06-12,207.20,82.84,26.54,Home,1,Completed,Web,West,P-937,SKU-646,207.20,8.56,16.58,Returning,Crypto
ORD-24193,CUST-9678,SESS-29193,CART-26193,2025-10-22,428.11,248.36,23.66,Beauty,5,Pending,Mobile App,North,P-348,SKU-1678,85.62,4.66,34.25,New,PayPal
ORD-24194,CUST-9678,SESS-29194,CART-26194,2025-11-08,441.07,204.12,29.69,Sports,2,Completed,Mobile App,East,P-673,SKU-3442,220.54,2.49,35.29,Returning,Crypto
ORD-24195,CUST-9679,SESS-29195,CART-26195,2026-01-18,248.61,126.56,0.72,Electronics,4,Returned,Mobile App,International,P-399,SKU-3719,62.15,11.01,19.89,New,Crypto
ORD-24196,CUST-9679,SESS-29196,CART-26196,2025-12-11,116.05,38.42,42.09,Electronics,1,Completed,Mobile App,West,P-903,SKU-1561,116.05,2.79,9.28,VIP,Debit Card
ORD-24197,CUST-9679,SESS-29197,CART-26197,2025-04-30,450.42,249.65,39.75,Sports,3,Completed,Web,North,P-237,SKU-1008,150.14,1.30,36.03,Returning,Crypto
ORD-24198,CUST-9680,SESS-29198,CART-26198,1682058731280,134.13,45.65,43.85,Fashion,1,Returned,Social Media,North,P-490,SKU-4789,134.13,8.16,10.73,Returning,PayPal
ORD-24199,CUST-9680,SESS-29199,CART-26199,7/4/2025,492.54,194.84,15.62,Beauty,4,Pending,Social Media,North,P-1,SKU-402,123.13,19.40,39.40,VIP,PayPal
ORD-24200,CUST-9681,SESS-29200,CART-26200,2024-12-08,256.65,143.18,16.22,Electronics,1,Shipped,Affiliate,South,P-823,SKU-3994,256.65,7.95,20.53,VIP,Crypto
ORD-24201,CUST-9681,SESS-29201,CART-26201,2/8/2023,209.41,104.74,27.21,Sports,2,Shipped,Mobile App,East,P-697,SKU-1169,104.71,18.63,16.75,New,Debit Card
ORD-24202,CUST-9681,SESS-29202,CART-26202,2025-11-19,77.13,32.94,8.44,Fashion,1,Returned,Social Media,West,P-774,SKU-3407,77.13,3.72,6.17,Returning,Credit Card
ORD-24203,CUST-9682,SESS-29203,CART-26203,2023-12-09,247.34,132.38,38.78,Beauty,3,Pending,Social Media,North,P-675,SKU-3208,82.45,19.36,19.79,Returning,PayPal
ORD-24204,CUST-9682,SESS-29204,CART-26204,10/24/2023,37.76,21.97,9.29,Electronics,3,Shipped,Mobile App,East,P-827,SKU-1902,12.59,9.19,3.02,Returning,Credit Card
ORD-24205,CUST-9683,SESS-29205,CART-26205,2025-10-11,,129.50,25.49,  fashion  ,4,Returned,Mobile App,International,P-941,SKU-149,74.28,9.08,23.77,Returning,PayPal
ORD-24206,CUST-9683,SESS-29206,CART-26206,2025-07-02,NULL,139.20,40.87,Fashion,1,Shipped,Social Media,International,P-941,SKU-1957,245.81,9.87,19.66,VIP,Crypto
ORD-24207,CUST-9683,SESS-29207,CART-26207,2025-04-07,251.09,132.46,3.11,Home,NULL,Shipped,Social Media,North,P-975,SKU-3370,83.70,19.77,20.09,VIP,Credit Card
ORD-24208,CUST-9684,SESS-29208,CART-26208,2026-03-11,29.55,11.67,24.56,Beauty,2,Completed,Web,International,P-258,SKU-1743,14.77,9.56,2.36,VIP,Debit Card
ORD-24209,CUST-9684,SESS-29209,CART-26209,1762658637219,174.01,82.54,25.02,Fashion,3,Returned,Social Media,South,P-881,SKU-4907,58.00,18.47,13.92,New,Crypto
ORD-24210,CUST-9685,SESS-29210,CART-26210,2023-06-18,129.72,48.25,40.19,Home,1,Pending,Social Media,South,P-422,SKU-3903,129.72,9.88,10.38,New,PayPal
ORD-24211,CUST-9685,SESS-29211,CART-26211,2026-02-19,85.77,27.91,37.71,Electronics,2,Cancelled,Affiliate,South,P-689,SKU-1051,42.88,13.24,6.86,New,PayPal
ORD-24212,CUST-9685,SESS-29212,CART-26212,2024-08-24,356.16,126.25,29.83,Home,5,Pending,Affiliate,West,P-233,SKU-2440,71.23,10.51,28.49,New,Debit Card
ORD-24213,CUST-9686,SESS-29213,CART-26213,2023-01-15,482.25,267.36,20.25,Beauty,1,Returned,Web,East,P-767,SKU-1051,482.25,4.39,38.58,New,PayPal
ORD-24214,CUST-9686,SESS-29214,CART-26214,2023-10-23,91.01,35.89,35.82,Home,3,Shipped,Web,International,P-838,SKU-1788,30.34,10.29,7.28,New,Debit Card
ORD-24215,CUST-9687,SESS-29215,CART-26215,2024-08-09,54.56,20.43,10.30,Sports,2,Cancelled,Mobile App,International,P-404,SKU-1449,27.28,9.17,4.37,VIP,Debit Card
ORD-24216,CUST-9687,SESS-29216,CART-26216,10/20/2023,262.69,79.62,17.03,Beauty,3,Pending,Affiliate,North,P-209,SKU-3013,87.56,8.10,21.02,Returning,PayPal
ORD-24217,CUST-9687,SESS-29217,CART-26217,2024-04-02,136.13,60.85,48.96,Sports,2,Pending,Web,South,P-525,SKU-2706,68.07,4.79,10.89,VIP,Credit Card
ORD-24218,CUST-9688,SESS-29218,CART-26218,2024-01-16,505.56,298.88,40.88,  sports  ,2,Cancelled,Web,South,P-868,SKU-1432,252.78,0.17,40.44,VIP,PayPal
ORD-24219,CUST-9688,SESS-29219,CART-26219,2023-12-25,370.38,197.00,47.38,Fashion,2,Completed,Mobile App,West,P-344,SKU-3767,185.19,12.77,29.63,New,Debit Card
ORD-24220,CUST-9689,SESS-29220,CART-26220,2023-03-06,230.44,129.60,28.69,Home,4,Returned,Affiliate,East,P-12,SKU-1106,57.61,19.19,18.44,New,PayPal
ORD-24221,CUST-9689,SESS-29221,CART-26221,2025-01-08,212.19,69.81,13.65,Home,5,Shipped,Social Media,South,P-289,SKU-3238,42.44,18.16,16.98,Returning,Credit Card
ORD-24222,CUST-9689,SESS-29222,CART-26222,2025-01-25,390.20,221.57,48.37,Electronics,2,Returned,Affiliate,International,P-607,SKU-2190,195.10,10.46,31.22,Returning,PayPal
ORD-24223,CUST-9690,SESS-29223,CART-26223,3/21/2025,  228.43  ,121.15,16.55,Home,1,Returned,Mobile App,East,P-507,SKU-1418,228.43,17.58,18.27,New,PayPal
ORD-24224,CUST-9690,SESS-29224,CART-26224,2024-07-03,135.22,47.89,19.44,Beauty,2,Returned,Social Media,International,P-823,SKU-1023,67.61,16.27,10.82,VIP,Crypto
ORD-24225,CUST-9691,SESS-29225,CART-26225,2025-11-01,108.22,60.84,15.21,Sports,5,Shipped,Web,West,P-287,SKU-4662,21.64,16.03,8.66,Returning,Credit Card
ORD-24226,CUST-9691,SESS-29226,CART-26226,2025-03-02,350.99,194.16,27.63,Electronics,1,Shipped,Social Media,North,P-606,SKU-3732,350.99,4.78,28.08,New,Debit Card
ORD-24227,CUST-9691,SESS-29227,CART-26227,2025-02-22,493.52,230.01,40.93,Sports,3,Pending,Web,East,P-845,SKU-4075,164.51,9.66,39.48,New,Credit Card
ORD-24228,CUST-9692,SESS-29228,CART-26228,2024-10-12,136.91,43.80,42.16,  home  ,3,Completed,Social Media,East,P-411,SKU-2894,45.64,6.58,10.95,VIP,Debit Card
ORD-24229,CUST-9692,SESS-29229,CART-26229,2025-08-29,63.60,21.11,48.47,Sports,1,Returned,Social Media,West,P-315,SKU-167,63.60,14.39,5.09,New,PayPal
ORD-24230,CUST-9693,SESS-29230,CART-26230,2025-02-07,324.92,128.77,47.78,,4,Pending,Mobile App,East,P-378,SKU-898,81.23,15.20,25.99,VIP,Crypto
ORD-24231,CUST-9693,SESS-29231,CART-26231,2024-03-03,495.40,154.55,2.79,Beauty,4,Returned,Mobile App,West,P-70,SKU-4719,123.85,9.89,39.63,Returning,PayPal
ORD-24232,CUST-9693,SESS-29232,CART-26232,2023-01-22,259.12,110.88,20.24,Sports,2,Completed,Social Media,South,P-381,SKU-3643,129.56,12.83,20.73,Returning,PayPal
ORD-24233,CUST-9694,SESS-29233,CART-26233,2023-09-05,NULL,133.78,23.60,Electronics,1,Returned,Social Media,East,P-272,SKU-499,401.10,17.44,32.09,Returning,Credit Card
ORD-24234,CUST-9694,SESS-29234,CART-26234,2023-07-08,504.60,292.08,47.84,Home,1,Shipped,Social Media,East,P-325,SKU-170,504.60,14.27,40.37,New,Crypto
ORD-24235,CUST-9695,SESS-29235,CART-26235,2023-09-05,125.67,70.63,17.79,Sports,4,Completed,Mobile App,East,P-330,SKU-3682,31.42,2.89,10.05,Returning,Debit Card
ORD-24236,CUST-9695,SESS-29236,CART-26236,2023-09-26,429.51,176.19,3.91,Fashion,4,Completed,Mobile App,International,P-31,SKU-4768,107.38,11.30,34.36,New,Debit Card
ORD-24237,CUST-9695,SESS-29237,CART-26237,2025-09-29,97.21,51.03,6.70,Fashion,4,Completed,Mobile App,South,P-892,SKU-483,24.30,11.97,7.78,Returning,Crypto
ORD-24238,CUST-9696,SESS-29238,CART-26238,2023-08-15,192.07,99.75,28.92,Home,2,Cancelled,Mobile App,East,P-2,SKU-3358,96.03,15.77,15.37,VIP,Credit Card
ORD-24239,CUST-9696,SESS-29239,CART-26239,2023-07-08,230.76,119.13,8.41,Home,1,Shipped,Social Media,North,P-981,SKU-4732,230.76,15.07,18.46,Returning,Credit Card
ORD-24240,CUST-9697,SESS-29240,CART-26240,2024-09-08,14.46,4.58,15.54,Beauty,3,Completed,Mobile App,International,P-83,SKU-1894,4.82,0.97,1.16,Returning,Credit Card
ORD-24241,CUST-9697,SESS-29241,CART-26241,2024-11-05,410.36,229.76,33.97,NULL,1,Cancelled,Social Media,North,P-548,SKU-1632,410.36,5.78,32.83,VIP,Debit Card
ORD-24242,CUST-9697,SESS-29242,CART-26242,2023-06-24,108.61,55.69,43.31,Electronics,1,Returned,Affiliate,International,P-144,SKU-911,108.61,18.38,8.69,New,Debit Card
ORD-24243,CUST-9698,SESS-29243,CART-26243,2023-11-24,236.17,137.83,18.14,Home,1,Returned,Web,North,P-789,SKU-3753,236.17,13.24,18.89,Returning,PayPal
ORD-24244,CUST-9698,SESS-29244,CART-26244,2024-11-21,481.63,236.92,31.95,Electronics,5,Returned,Affiliate,South,P-592,SKU-2870,96.33,16.27,38.53,New,Crypto
ORD-24245,CUST-9699,SESS-29245,CART-26245,2024-04-29,482.62,146.69,31.96,Home,4,Completed,Affiliate,North,P-661,SKU-991,120.65,19.80,38.61,New,Credit Card
ORD-24246,CUST-9699,SESS-29246,CART-26246,2025-11-04,147.80,46.92,0.64,Sports,3,Returned,Mobile App,West,P-605,SKU-2281,49.27,5.54,11.82,VIP,PayPal
ORD-24247,CUST-9699,SESS-29247,CART-26247,2024-04-15,284.54,148.21,28.86,Beauty,NULL,Cancelled,Mobile App,West,P-596,SKU-1471,142.27,3.68,22.76,New,Debit Card
ORD-24248,CUST-9700,SESS-29248,CART-26248,2023-12-10,264.04,123.78,10.32,Electronics,3,Shipped,Web,International,P-429,SKU-2102,88.01,3.81,21.12,Returning,Crypto
ORD-24249,CUST-9700,SESS-29249,CART-26249,2023-07-08,350.05,128.66,10.31,Beauty,1,Completed,Affiliate,East,P-422,SKU-4360,350.05,15.71,28.00,Returning,Debit Card
ORD-24250,CUST-9701,SESS-29250,CART-26250,2023-11-13,117.34,60.76,22.09,Home,5,Returned,Mobile App,East,P-725,SKU-1977,23.47,2.78,9.39,VIP,Crypto
ORD-24251,CUST-9701,SESS-29251,CART-26251,2023-06-23,272.43,97.36,33.15,Home,2,Completed,Social Media,International,P-952,SKU-3325,136.22,8.43,21.79,New,PayPal
ORD-24252,CUST-9701,SESS-29252,CART-26252,2025-05-23,145.10,74.69,44.89,Sports,5,Returned,Web,North,P-245,SKU-4991,29.02,5.06,11.61,Returning,Credit Card
ORD-24253,CUST-9702,SESS-29253,CART-26253,2024-02-12,43.88,24.67,41.44,Fashion,4,Pending,Mobile App,West,P-381,SKU-525,10.97,2.97,3.51,Returning,Crypto
ORD-24254,CUST-9702,SESS-29254,CART-26254,2024-07-12,179.71,101.29,11.19,Beauty,1,Cancelled,Web,West,P-929,SKU-4876,179.71,0.92,14.38,VIP,Credit Card
ORD-24255,CUST-9703,SESS-29255,CART-26255,2023-11-23,404.03,159.11,27.62,Fashion,4,Pending,Social Media,West,P-387,SKU-4770,101.01,19.02,32.32,VIP,Credit Card
ORD-24256,CUST-9703,SESS-29256,CART-26256,1679542544194,26.71,9.62,31.55,Electronics,5,Pending,Web,South,P-651,SKU-3887,5.34,18.77,2.14,New,Credit Card
ORD-24257,CUST-9703,SESS-29257,CART-26257,2025-11-05,155.26,82.74,4.46,Beauty,4,Pending,Social Media,International,P-735,SKU-803,38.82,6.80,12.42,New,PayPal
ORD-24258,CUST-9704,SESS-29258,CART-26258,2024-01-20,289.51,119.87,15.42,Fashion,4,Completed,Web,International,P-662,SKU-3550,72.38,7.08,23.16,Returning,PayPal
ORD-24259,CUST-9704,SESS-29259,CART-26259,2024-09-18,279.71,147.67,30.35,Beauty,3,Cancelled,Social Media,International,P-298,SKU-4154,93.24,18.25,22.38,VIP,PayPal
ORD-24260,CUST-9705,SESS-29260,CART-26260,2025-03-01,350.45,109.22,17.63,Sports,3,Pending,Affiliate,East,P-9,SKU-4460,116.82,6.24,28.04,Returning,PayPal
ORD-24261,CUST-9705,SESS-29261,CART-26261,2023-02-07,38.46,13.12,34.58,Electronics,2,Shipped,Affiliate,East,P-282,SKU-3017,19.23,8.48,3.08,New,Crypto
ORD-24262,CUST-9705,SESS-29262,CART-26262,2023-04-03,256.75,132.19,28.97,,5,Returned,Affiliate,North,P-424,SKU-4704,51.35,8.79,20.54,VIP,PayPal
ORD-24263,CUST-9706,SESS-29263,CART-26263,2025-11-26,360.53,121.19,11.81,Beauty,4,Cancelled,Social Media,East,P-879,SKU-4099,90.13,14.98,28.84,VIP,PayPal
ORD-24264,CUST-9706,SESS-29264,CART-26264,2023-01-29,143.47,45.47,28.97,Sports,4,Pending,Affiliate,South,P-590,SKU-2153,35.87,16.04,11.48,New,Debit Card
ORD-24265,CUST-9707,SESS-29265,CART-26265,2024-03-02,49.06,18.17,22.20,Sports,4,Cancelled,Social Media,North,P-783,SKU-416,12.27,0.48,3.92,VIP,PayPal
ORD-24266,CUST-9707,SESS-29266,CART-26266,2025-11-14,364.97,143.30,22.45,  fashion  ,3,Completed,Web,South,P-127,SKU-2542,121.66,13.78,29.20,New,Credit Card
ORD-24267,CUST-9707,SESS-29267,CART-26267,2023-07-01,186.61,100.10,20.29,Home,2,Pending,Social Media,South,P-467,SKU-3945,93.30,12.69,14.93,New,Crypto
ORD-24268,CUST-9708,SESS-29268,CART-26268,2024-07-06,163.29,54.42,47.67,Electronics,3,Completed,Affiliate,West,P-111,SKU-3176,54.43,2.57,13.06,Returning,Crypto
ORD-24269,CUST-9708,SESS-29269,CART-26269,2024-02-10,475.02,225.20,9.91,Beauty,1,Completed,Affiliate,International,P-637,SKU-810,475.02,3.35,38.00,New,Credit Card
ORD-24270,CUST-9709,SESS-29270,CART-26270,2025-11-28,304.94,164.24,38.34,Fashion,5,Pending,Mobile App,International,P-385,SKU-4305,60.99,14.18,24.40,Returning,Crypto
ORD-24271,CUST-9709,SESS-29271,CART-26271,2023-06-09,288.73,107.36,34.10,Sports,4,Pending,Affiliate,West,P-380,SKU-1477,72.18,1.00,23.10,Returning,Credit Card
ORD-24272,CUST-9709,SESS-29272,CART-26272,2023-04-16,22.87,12.18,1.15,Sports,3,Returned,Social Media,East,P-32,SKU-2353,7.62,18.60,1.83,Returning,Debit Card
ORD-24273,CUST-9710,SESS-29273,CART-26273,2025-08-16,267.13,112.34,13.57,Fashion,1,Cancelled,Social Media,East,P-72,SKU-1820,267.13,16.91,21.37,Returning,PayPal
ORD-24274,CUST-9710,SESS-29274,CART-26274,5/25/2025,464.43,188.38,6.25,Beauty,5,Shipped,Social Media,International,P-916,SKU-3885,92.89,12.50,37.15,VIP,Credit Card
ORD-24275,CUST-9711,SESS-29275,CART-26275,1722697093710,172.96,60.91,28.91,Sports,1,Shipped,Affiliate,South,P-832,SKU-508,172.96,13.91,13.84,New,PayPal
ORD-24276,CUST-9711,SESS-29276,CART-26276,1746226459882,35.16,18.70,33.82,Beauty,2,Cancelled,Web,East,P-14,SKU-1411,17.58,6.88,2.81,VIP,Crypto
ORD-24277,CUST-9711,SESS-29277,CART-26277,11/18/2023,319.24,146.40,0.76,Home,1,Returned,Social Media,South,P-341,SKU-1098,319.24,5.80,25.54,VIP,Debit Card
ORD-24278,CUST-9712,SESS-29278,CART-26278,2023-10-14,127.49,42.53,33.78,Sports,1,Returned,Web,North,P-279,SKU-2886,127.49,18.63,10.20,New,Crypto
ORD-24279,CUST-9712,SESS-29279,CART-26279,2023-07-09,229.31,76.93,32.48,Home,5,Returned,Mobile App,East,P-784,SKU-1758,45.86,12.83,18.35,Returning,Debit Card
ORD-24280,CUST-9713,SESS-29280,CART-26280,2025-01-03,406.38,137.05,16.34,Fashion,1,Cancelled,Mobile App,South,P-194,SKU-252,406.38,10.39,32.51,New,PayPal
ORD-24281,CUST-9713,SESS-29281,CART-26281,2024-11-07,320.08,182.73,20.23,Home,3,Shipped,Web,North,P-699,SKU-3725,106.69,8.62,25.61,VIP,Credit Card
ORD-24282,CUST-9713,SESS-29282,CART-26282,2023-12-27,288.49,170.09,6.56,NULL,2,Cancelled,Affiliate,South,P-666,SKU-2557,144.24,18.01,23.08,New,PayPal
ORD-24283,CUST-9714,SESS-29283,CART-26283,1705678315396,352.48,165.04,27.33,Home,4,Cancelled,Social Media,International,P-624,SKU-420,88.12,2.08,28.20,Returning,Crypto
ORD-24284,CUST-9714,SESS-29284,CART-26284,2025-09-26,463.14,163.70,14.71,Beauty,1,Cancelled,Web,North,P-838,SKU-1403,463.14,18.08,37.05,VIP,Credit Card
ORD-24285,CUST-9715,SESS-29285,CART-26285,2024-08-03,384.67,169.47,6.61,Beauty,1,Returned,Affiliate,International,P-250,SKU-2044,384.67,19.15,30.77,Returning,PayPal
ORD-24286,CUST-9715,SESS-29286,CART-26286,2025-02-01,406.00,161.51,20.45,Home,1,Returned,Mobile App,North,P-394,SKU-305,406.00,10.35,32.48,VIP,PayPal
ORD-24287,CUST-9715,SESS-29287,CART-26287,2023-12-15,370.64,174.56,44.24,Beauty,2,Pending,Affiliate,North,P-887,SKU-526,185.32,9.69,29.65,Returning,Crypto
ORD-24288,CUST-9716,SESS-29288,CART-26288,2024-03-01,219.38,88.68,34.24,Home,3,Pending,Affiliate,South,P-896,SKU-1842,73.13,7.06,17.55,Returning,Crypto
ORD-24289,CUST-9716,SESS-29289,CART-26289,2024-05-11,NULL,213.30,0.56,Fashion,5,Pending,Social Media,International,P-338,SKU-3760,77.78,1.24,31.11,New,Crypto
ORD-24290,CUST-9717,SESS-29290,CART-26290,2024-05-26,271.72,99.34,26.47,Fashion,3,Completed,Affiliate,East,P-760,SKU-726,90.57,13.19,21.74,VIP,Credit Card
ORD-24291,CUST-9717,SESS-29291,CART-26291,2024-04-16,386.12,158.72,9.83,Beauty,3,Completed,Web,North,P-994,SKU-825,128.71,10.76,30.89,Returning,Credit Card
ORD-24292,CUST-9717,SESS-29292,CART-26292,2023-08-06,509.44,209.89,24.70,Fashion,2,Completed,Mobile App,North,P-15,SKU-2246,254.72,9.98,40.76,New,Crypto
ORD-24293,CUST-9718,SESS-29293,CART-26293,2025-04-26,302.78,95.60,17.89,Fashion,4,Cancelled,Mobile App,East,P-837,SKU-1378,75.70,17.45,24.22,Returning,Debit Card
ORD-24294,CUST-9718,SESS-29294,CART-26294,2023-06-16,385.27,212.33,34.68,Electronics,4,Shipped,Social Media,West,P-222,SKU-3977,96.32,2.61,30.82,Returning,Credit Card
ORD-24295,CUST-9719,SESS-29295,CART-26295,2023-10-14,489.34,227.18,23.04,Home,1,Completed,Social Media,West,P-833,SKU-3055,489.34,1.10,39.15,VIP,Credit Card
ORD-24296,CUST-9719,SESS-29296,CART-26296,2026-02-12,268.78,135.03,7.99,Home,2,Returned,Mobile App,South,P-186,SKU-1012,134.39,4.18,21.50,Returning,Credit Card
ORD-24297,CUST-9719,SESS-29297,CART-26297,2023-07-25,401.37,182.20,0.28,Beauty,1,Shipped,Social Media,South,P-162,SKU-1076,401.37,7.47,32.11,Returning,PayPal
ORD-24298,CUST-9720,SESS-29298,CART-26298,2024-01-27,248.77,126.90,47.83,Home,3,Returned,Mobile App,West,P-198,SKU-1373,82.92,11.83,19.90,VIP,Crypto
ORD-24299,CUST-9720,SESS-29299,CART-26299,5/29/2025,213.18,70.66,33.51,Electronics,3,Pending,Mobile App,International,P-488,SKU-4019,71.06,8.50,17.05,New,Credit Card
ORD-24300,CUST-9721,SESS-29300,CART-26300,2023-10-16,340.49,163.42,44.66,Electronics,2,Pending,Mobile App,International,P-879,SKU-3567,170.25,5.26,27.24,Returning,Credit Card
ORD-24301,CUST-9721,SESS-29301,CART-26301,2024-08-28,368.23,192.90,37.42,NULL,5,Returned,Social Media,International,P-118,SKU-4351,73.65,16.38,29.46,Returning,Debit Card
ORD-24302,CUST-9721,SESS-29302,CART-26302,1703921535683,385.14,185.97,7.93,Electronics,4,Shipped,Affiliate,South,P-334,SKU-2945,96.28,11.30,30.81,Returning,Crypto
ORD-24303,CUST-9722,SESS-29303,CART-26303,2023-02-26,400.56,159.37,13.32,Fashion,5,Shipped,Social Media,East,P-518,SKU-4261,80.11,15.73,32.04,New,Credit Card
ORD-24304,CUST-9722,SESS-29304,CART-26304,2025-05-23,229.18,102.37,13.30,Electronics,1,Completed,Social Media,International,P-867,SKU-198,229.18,9.18,18.33,VIP,PayPal
ORD-24305,CUST-9723,SESS-29305,CART-26305,2025-07-29,506.61,159.39,10.91,Fashion,2,Cancelled,Mobile App,North,P-297,SKU-38,253.31,13.62,40.53,New,Crypto
ORD-24306,CUST-9723,SESS-29306,CART-26306,2025-01-30,257.67,129.77,31.41,Sports,1,Cancelled,Mobile App,South,P-770,SKU-1705,257.67,8.47,20.61,New,Debit Card
ORD-24307,CUST-9723,SESS-29307,CART-26307,2025-08-13,348.48,116.27,13.83,Home,1,Completed,Social Media,International,P-691,SKU-977,348.48,6.12,27.88,VIP,Debit Card
ORD-24308,CUST-9724,SESS-29308,CART-26308,2025-06-16,495.76,216.03,37.19,Electronics,2,Pending,Social Media,East,P-156,SKU-2752,247.88,19.79,39.66,Returning,PayPal
ORD-24309,CUST-9724,SESS-29309,CART-26309,4/29/2025,298.41,106.09,13.52,Sports,3,Cancelled,Affiliate,East,P-189,SKU-4617,99.47,16.71,23.87,VIP,Crypto
ORD-24310,CUST-9725,SESS-29310,CART-26310,2023-08-06,,46.36,33.23,Sports,2,Cancelled,Social Media,International,P-482,SKU-825,66.25,19.29,10.60,Returning,PayPal
ORD-24311,CUST-9725,SESS-29311,CART-26311,2026-01-25,316.99,133.72,31.37,Beauty,3,Returned,Web,North,P-447,SKU-4883,105.66,15.08,25.36,Returning,PayPal
ORD-24312,CUST-9725,SESS-29312,CART-26312,2025-12-09,458.38,177.81,43.97,NULL,2,Shipped,Affiliate,West,P-405,SKU-4813,229.19,12.47,36.67,Returning,Crypto
ORD-24313,CUST-9726,SESS-29313,CART-26313,2023-06-04,196.30,115.57,4.01,Fashion,4,Cancelled,Social Media,South,P-518,SKU-338,49.07,5.19,15.70,Returning,PayPal
ORD-24314,CUST-9726,SESS-29314,CART-26314,2024-12-30,363.73,160.58,12.86,Fashion,5,Completed,Affiliate,South,P-192,SKU-4804,72.75,12.36,29.10,Returning,Crypto
ORD-24315,CUST-9727,SESS-29315,CART-26315,12/18/2023,49.33,17.59,19.78,Home,3,Pending,Web,South,P-919,SKU-2620,16.44,14.13,3.95,Returning,Debit Card
ORD-24316,CUST-9727,SESS-29316,CART-26316,2024-08-18,  324.73  ,189.24,49.19,Beauty,2,Pending,Affiliate,North,P-258,SKU-2188,162.36,2.16,25.98,Returning,Crypto
ORD-24317,CUST-9727,SESS-29317,CART-26317,2024-02-06,220.12,78.93,12.46,Fashion,3,Shipped,Mobile App,East,P-662,SKU-2121,73.37,16.32,17.61,Returning,PayPal
ORD-24318,CUST-9728,SESS-29318,CART-26318,2024-11-12,91.78,32.07,27.41,Sports,4,Pending,Social Media,North,P-671,SKU-578,22.94,16.63,7.34,Returning,Credit Card
ORD-24319,CUST-9728,SESS-29319,CART-26319,2025-03-24,446.18,167.19,43.75,Electronics,5,Returned,Social Media,North,P-232,SKU-220,89.24,0.29,35.69,VIP,Crypto
ORD-24320,CUST-9729,SESS-29320,CART-26320,2025-04-17,278.85,104.73,29.09,Fashion,5,Cancelled,Social Media,East,P-934,SKU-3028,55.77,13.01,22.31,VIP,Debit Card
ORD-24321,CUST-9729,SESS-29321,CART-26321,2025-02-10,480.52,279.99,6.12,Electronics,5,Pending,Web,East,P-305,SKU-1646,96.10,18.20,38.44,Returning,Crypto
ORD-24322,CUST-9729,SESS-29322,CART-26322,2025-05-28,290.38,137.75,8.21,Sports,5,Returned,Affiliate,East,P-905,SKU-677,58.08,1.74,23.23,VIP,Crypto
ORD-24323,CUST-9730,SESS-29323,CART-26323,2024-10-06,130.11,62.58,11.82,Sports,2,Returned,Mobile App,North,P-764,SKU-3344,65.06,16.00,10.41,New,PayPal
ORD-24324,CUST-9730,SESS-29324,CART-26324,2023-10-05,278.05,117.32,29.22,Electronics,1,Cancelled,Mobile App,International,P-899,SKU-2900,278.05,5.44,22.24,New,Debit Card
ORD-24325,CUST-9731,SESS-29325,CART-26325,9/5/2023,435.24,172.77,1.16,Fashion,1,Pending,Mobile App,South,P-863,SKU-2697,435.24,10.21,34.82,New,Debit Card
ORD-24326,CUST-9731,SESS-29326,CART-26326,2025-02-14,83.71,33.50,38.62,Home,1,Completed,Web,International,P-771,SKU-4711,83.71,4.26,6.70,VIP,Debit Card
ORD-24327,CUST-9731,SESS-29327,CART-26327,3/14/2023,451.43,158.75,22.26,Sports,3,Completed,Mobile App,West,P-971,SKU-1251,150.48,13.21,36.11,Returning,PayPal
ORD-24328,CUST-9732,SESS-29328,CART-26328,2024-07-23,487.83,251.60,31.74,Beauty,4,Returned,Social Media,North,P-50,SKU-782,121.96,8.00,39.03,VIP,PayPal
ORD-24329,CUST-9732,SESS-29329,CART-26329,2025-01-07,427.43,247.67,4.68,Beauty,2,Cancelled,Web,International,P-9,SKU-4944,213.72,18.88,34.19,Returning,PayPal
ORD-24330,CUST-9733,SESS-29330,CART-26330,2025-08-02,58.72,22.64,41.63,Fashion,5,Pending,Affiliate,International,P-650,SKU-127,11.74,0.00,4.70,Returning,Credit Card
ORD-24331,CUST-9733,SESS-29331,CART-26331,2023-05-18,380.63,150.04,47.83,Sports,2,Shipped,Web,North,P-530,SKU-1270,190.32,11.99,30.45,New,Debit Card
ORD-24332,CUST-9733,SESS-29332,CART-26332,1699694145793,32.76,11.78,14.43,Beauty,2,Completed,Affiliate,North,P-450,SKU-4458,16.38,18.81,2.62,Returning,PayPal
ORD-24333,CUST-9734,SESS-29333,CART-26333,2025-07-16,193.34,95.13,15.44,Beauty,5,Pending,Affiliate,West,P-926,SKU-3394,38.67,8.23,15.47,New,Credit Card
ORD-24334,CUST-9734,SESS-29334,CART-26334,2024-04-24,16.76,7.99,3.57,Beauty,4,Completed,Social Media,South,P-504,SKU-3700,4.19,12.68,1.34,VIP,Crypto
ORD-24335,CUST-9735,SESS-29335,CART-26335,2026-02-22,239.75,87.31,1.29,Electronics,5,Returned,Affiliate,International,P-999,SKU-3345,47.95,0.26,19.18,Returning,Crypto
ORD-24336,CUST-9735,SESS-29336,CART-26336,2023-09-15,195.97,79.97,1.76,Home,4,Completed,Social Media,International,P-653,SKU-1521,48.99,14.35,15.68,VIP,Debit Card
ORD-24337,CUST-9735,SESS-29337,CART-26337,2024-08-10,321.67,137.16,28.95,Electronics,5,Shipped,Web,South,P-559,SKU-4476,64.33,18.23,25.73,New,Crypto
ORD-24338,CUST-9736,SESS-29338,CART-26338,2025-12-03,455.23,195.73,45.96,Fashion,4,Cancelled,Social Media,North,P-372,SKU-3230,113.81,10.63,36.42,VIP,PayPal
ORD-24339,CUST-9736,SESS-29339,CART-26339,2024-05-24,51.58,19.56,32.38,Sports,5,Completed,Social Media,International,P-347,SKU-3357,10.32,11.54,4.13,New,Debit Card
ORD-24340,CUST-9737,SESS-29340,CART-26340,2023-11-19,75.38,25.99,46.62,Electronics,5,Shipped,Mobile App,West,P-877,SKU-3336,15.08,14.78,6.03,New,PayPal
ORD-24341,CUST-9737,SESS-29341,CART-26341,3/22/2023,209.31,95.96,18.65,Sports,4,Cancelled,Mobile App,East,P-400,SKU-3813,52.33,10.11,16.75,VIP,PayPal
ORD-24342,CUST-9737,SESS-29342,CART-26342,2023-12-09,487.10,287.73,30.99,Fashion,2,Completed,Social Media,North,P-994,SKU-748,243.55,15.46,38.97,New,PayPal
ORD-24343,CUST-9738,SESS-29343,CART-26343,2025-04-20,400.38,196.81,22.69,Fashion,1,Shipped,Mobile App,East,P-76,SKU-2669,400.38,19.91,32.03,VIP,Debit Card
ORD-24344,CUST-9738,SESS-29344,CART-26344,2023-08-18,485.18,248.29,8.84,Beauty,2,Cancelled,Web,West,P-596,SKU-2846,242.59,16.98,38.81,New,Crypto
ORD-24345,CUST-9739,SESS-29345,CART-26345,2023-04-17,46.56,21.01,42.94,Electronics,3,Cancelled,Social Media,North,P-461,SKU-3458,15.52,0.58,3.72,New,PayPal
ORD-24346,CUST-9739,SESS-29346,CART-26346,2025-04-26,74.44,31.93,0.62,Fashion,1,Completed,Mobile App,International,P-307,SKU-1505,74.44,16.09,5.96,VIP,PayPal
ORD-24347,CUST-9739,SESS-29347,CART-26347,2025-04-25,23.33,9.48,42.44,Electronics,5,Returned,Web,International,P-943,SKU-2705,4.67,1.18,1.87,Returning,Credit Card
ORD-24348,CUST-9740,SESS-29348,CART-26348,2024-02-12,50.89,21.02,19.03,Beauty,,Returned,Social Media,South,P-471,SKU-4189,16.96,16.89,4.07,New,Crypto
ORD-24349,CUST-9740,SESS-29349,CART-26349,2023-04-23,111.11,56.53,18.70,Sports,1,Cancelled,Affiliate,International,P-51,SKU-3999,111.11,7.33,8.89,VIP,Debit Card
ORD-24350,CUST-9741,SESS-29350,CART-26350,2025-01-29,11.05,5.65,35.18,Home,5,Completed,Web,East,P-134,SKU-713,2.21,19.56,0.88,Returning,Crypto
ORD-24351,CUST-9741,SESS-29351,CART-26351,2024-01-31,431.44,231.81,37.44,Electronics,5,Cancelled,Affiliate,North,P-353,SKU-3045,86.29,11.42,34.52,Returning,Debit Card
ORD-24352,CUST-9741,SESS-29352,CART-26352,2024-06-05,175.43,69.86,49.92,Fashion,1,Cancelled,Affiliate,North,P-541,SKU-1220,175.43,11.03,14.03,New,Crypto
ORD-24353,CUST-9742,SESS-29353,CART-26353,2025-08-16,331.99,137.00,41.03,Electronics,4,Cancelled,Affiliate,International,P-86,SKU-470,83.00,6.65,26.56,VIP,PayPal
ORD-24354,CUST-9742,SESS-29354,CART-26354,2026-02-10,361.27,175.02,4.56,Home,2,Returned,Affiliate,East,P-439,SKU-3290,180.63,10.27,28.90,Returning,Crypto
ORD-24355,CUST-9743,SESS-29355,CART-26355,2025-11-08,101.89,57.28,49.92,Electronics,5,Shipped,Mobile App,West,P-845,SKU-3271,20.38,10.33,8.15,New,Crypto
ORD-24356,CUST-9743,SESS-29356,CART-26356,2025-06-08,90.46,28.02,45.92,Home,2,Cancelled,Mobile App,West,P-191,SKU-3967,45.23,2.48,7.24,VIP,Crypto
ORD-24357,CUST-9743,SESS-29357,CART-26357,2025-01-18,23.58,13.50,14.62,Sports,1,Cancelled,Mobile App,East,P-816,SKU-472,23.58,3.51,1.89,Returning,PayPal
ORD-24358,CUST-9744,SESS-29358,CART-26358,2023-10-28,14.71,7.37,28.28,Electronics,5,Completed,Affiliate,West,P-762,SKU-1240,2.94,13.30,1.18,Returning,Credit Card
ORD-24359,CUST-9744,SESS-29359,CART-26359,5/30/2024,273.11,97.60,6.84,Fashion,2,Returned,Affiliate,North,P-597,SKU-3563,136.55,5.61,21.85,Returning,PayPal
ORD-24360,CUST-9745,SESS-29360,CART-26360,2024-01-12,115.32,49.52,1.46,Home,3,Completed,Affiliate,West,P-377,SKU-2549,38.44,2.00,9.23,New,Crypto
ORD-24361,CUST-9745,SESS-29361,CART-26361,2024-09-22,368.94,175.52,29.50,Electronics,1,Pending,Web,International,P-709,SKU-4108,368.94,12.82,29.52,Returning,PayPal
ORD-24362,CUST-9745,SESS-29362,CART-26362,2025-03-13,62.84,29.26,4.67,Fashion,3,Completed,Affiliate,South,P-784,SKU-761,20.95,15.45,5.03,Returning,PayPal
ORD-24363,CUST-9746,SESS-29363,CART-26363,2023-11-26,429.91,253.42,3.51,,1,Returned,Affiliate,North,P-582,SKU-2880,429.91,18.85,34.39,New,PayPal
ORD-24364,CUST-9746,SESS-29364,CART-26364,2023-06-17,288.35,126.83,11.15,Beauty,5,Returned,Web,West,P-70,SKU-1304,57.67,16.27,23.07,New,PayPal
ORD-24365,CUST-9747,SESS-29365,CART-26365,2023-10-20,16.75,7.33,10.38,Beauty,5,Returned,Social Media,East,P-819,SKU-362,3.35,9.03,1.34,VIP,Credit Card
ORD-24366,CUST-9747,SESS-29366,CART-26366,2025-11-05,500.01,251.92,44.52,Home,4,Pending,Web,West,P-844,SKU-1464,125.00,5.28,40.00,New,Crypto
ORD-24367,CUST-9747,SESS-29367,CART-26367,2026-02-28,273.02,115.72,7.95,Sports,4,Shipped,Social Media,North,P-628,SKU-3646,68.25,2.05,21.84,VIP,Crypto
ORD-24368,CUST-9748,SESS-29368,CART-26368,2023-01-30,341.75,182.16,34.82,Beauty,4,Shipped,Social Media,East,P-125,SKU-4493,85.44,12.35,27.34,VIP,Crypto
ORD-24369,CUST-9748,SESS-29369,CART-26369,2023-01-08,293.51,156.61,42.71,Electronics,3,Shipped,Affiliate,South,P-914,SKU-328,97.84,9.09,23.48,New,Debit Card
ORD-24370,CUST-9749,SESS-29370,CART-26370,2023-07-01,183.37,56.05,28.25,Fashion,5,Returned,Mobile App,South,P-437,SKU-1386,36.67,14.87,14.67,New,Debit Card
ORD-24371,CUST-9749,SESS-29371,CART-26371,2025-07-10,208.69,124.63,32.43,  sports  ,5,Cancelled,Mobile App,South,P-165,SKU-2764,41.74,14.97,16.70,New,Credit Card
ORD-24372,CUST-9749,SESS-29372,CART-26372,2023-05-03,253.26,120.40,49.49,  sports  ,1,Returned,Web,North,P-225,SKU-2588,253.26,16.88,20.26,VIP,PayPal
ORD-24373,CUST-9750,SESS-29373,CART-26373,2023-06-09,373.76,154.76,12.01,Sports,1,Pending,Affiliate,East,P-881,SKU-4044,373.76,7.63,29.90,New,Credit Card
ORD-24374,CUST-9750,SESS-29374,CART-26374,2024-12-20,70.08,21.40,7.33,Sports,4,Cancelled,Mobile App,East,P-697,SKU-4668,17.52,7.79,5.61,New,Crypto
ORD-24375,CUST-9751,SESS-29375,CART-26375,3/17/2024,506.34,302.56,42.81,Electronics,5,Completed,Social Media,West,P-902,SKU-219,101.27,17.35,40.51,New,Crypto
ORD-24376,CUST-9751,SESS-29376,CART-26376,2025-04-22,454.35,196.38,25.99,Home,2,Shipped,Social Media,South,P-69,SKU-1023,227.18,10.18,36.35,Returning,PayPal
ORD-24377,CUST-9751,SESS-29377,CART-26377,1/23/2025,349.28,159.81,31.31,Home,3,Returned,Web,South,P-175,SKU-6,116.43,9.27,27.94,New,Crypto
ORD-24378,CUST-9752,SESS-29378,CART-26378,2024-01-21,30.20,10.11,18.43,Home,1,Returned,Social Media,East,P-280,SKU-900,30.20,18.61,2.42,VIP,Debit Card
ORD-24379,CUST-9752,SESS-29379,CART-26379,2025-12-07,217.21,88.58,49.17,Beauty,3,Cancelled,Web,West,P-861,SKU-657,72.40,16.66,17.38,Returning,PayPal
ORD-24380,CUST-9753,SESS-29380,CART-26380,2024-06-29,35.72,11.22,12.42,Sports,5,Pending,Affiliate,South,P-902,SKU-3050,7.14,19.23,2.86,Returning,Credit Card
ORD-24381,CUST-9753,SESS-29381,CART-26381,2024-11-12,437.91,167.20,36.26,Sports,1,Completed,Mobile App,International,P-953,SKU-3239,437.91,5.08,35.03,VIP,Credit Card
ORD-24382,CUST-9753,SESS-29382,CART-26382,2023-11-02,160.34,49.21,34.73,Sports,5,Completed,Affiliate,West,P-198,SKU-4093,32.07,16.89,12.83,Returning,PayPal
ORD-24383,CUST-9754,SESS-29383,CART-26383,2023-03-21,444.42,144.05,13.70,Home,2,Completed,Social Media,International,P-117,SKU-2932,222.21,13.85,35.55,Returning,PayPal
ORD-24384,CUST-9754,SESS-29384,CART-26384,11/25/2024,370.93,204.35,11.69,Fashion,4,Returned,Web,South,P-358,SKU-1356,92.73,15.95,29.67,Returning,Credit Card
ORD-24385,CUST-9755,SESS-29385,CART-26385,1761905743953,467.26,211.19,20.01,Fashion,4,Pending,Social Media,International,P-817,SKU-3067,116.81,11.90,37.38,VIP,Crypto
ORD-24386,CUST-9755,SESS-29386,CART-26386,2024-08-25,418.64,149.59,46.51,Beauty,1,Shipped,Affiliate,North,P-400,SKU-4243,418.64,6.63,33.49,Returning,Debit Card
ORD-24387,CUST-9755,SESS-29387,CART-26387,2025-01-29,191.74,72.18,48.20,Electronics,1,Pending,Social Media,West,P-490,SKU-3167,191.74,10.68,15.34,Returning,Debit Card
ORD-24388,CUST-9756,SESS-29388,CART-26388,2024-08-24,449.50,175.13,6.69,Fashion,5,Cancelled,Mobile App,East,P-39,SKU-1711,89.90,3.32,35.96,Returning,Crypto
ORD-24389,CUST-9756,SESS-29389,CART-26389,2025-10-29,237.28,108.86,8.12,Fashion,2,Shipped,Affiliate,International,P-919,SKU-4188,118.64,14.58,18.98,New,PayPal
ORD-24390,CUST-9757,SESS-29390,CART-26390,2025-10-12,464.93,259.11,19.13,Fashion,4,Cancelled,Web,North,P-471,SKU-3350,116.23,15.61,37.19,New,Credit Card
ORD-24391,CUST-9757,SESS-29391,CART-26391,1683287292968,220.71,68.45,48.20,Beauty,1,Shipped,Affiliate,International,P-596,SKU-4943,220.71,9.23,17.66,VIP,Debit Card
ORD-24392,CUST-9757,SESS-29392,CART-26392,2025-02-09,495.37,196.94,33.25,Electronics,3,Pending,Mobile App,East,P-73,SKU-1790,165.12,13.92,39.63,Returning,Crypto
ORD-24393,CUST-9758,SESS-29393,CART-26393,2024-05-20,108.01,59.45,29.61,Sports,1,Returned,Affiliate,East,P-762,SKU-3167,108.01,0.62,8.64,VIP,Debit Card
ORD-24394,CUST-9758,SESS-29394,CART-26394,2024-04-22,99.59,39.91,15.00,Home,4,Pending,Social Media,West,P-900,SKU-3099,24.90,2.41,7.97,VIP,PayPal
ORD-24395,CUST-9759,SESS-29395,CART-26395,2025-02-10,14.74,5.91,33.25,Beauty,2,Shipped,Social Media,South,P-867,SKU-713,7.37,15.51,1.18,VIP,Crypto
ORD-24396,CUST-9759,SESS-29396,CART-26396,2024-12-22,138.88,44.37,2.16,Sports,1,Returned,Social Media,East,P-906,SKU-4528,138.88,7.11,11.11,New,PayPal
ORD-24397,CUST-9759,SESS-29397,CART-26397,2024-07-04,380.19,176.41,30.24,Fashion,3,Shipped,Social Media,East,P-275,SKU-677,126.73,13.97,30.42,VIP,Credit Card
ORD-24398,CUST-9760,SESS-29398,CART-26398,2024-06-17,20.18,8.14,2.62,Fashion,1,Returned,Web,East,P-953,SKU-363,20.18,18.31,1.61,VIP,Crypto
ORD-24399,CUST-9760,SESS-29399,CART-26399,2023-01-19,332.85,157.10,17.67,,5,Pending,Mobile App,West,P-631,SKU-3716,66.57,0.02,26.63,New,Credit Card
ORD-24400,CUST-9761,SESS-29400,CART-26400,1761866696438,,216.97,0.03,Home,5,Cancelled,Mobile App,South,P-250,SKU-728,98.17,18.00,39.27,New,Crypto
ORD-24401,CUST-9761,SESS-29401,CART-26401,2023-01-10,106.11,43.83,21.56,Beauty,2,Returned,Social Media,South,P-132,SKU-1982,53.05,1.92,8.49,Returning,PayPal
ORD-24402,CUST-9761,SESS-29402,CART-26402,2023-10-02,471.71,255.11,10.48,Home,5,Cancelled,Web,South,P-807,SKU-458,94.34,18.67,37.74,New,Crypto
ORD-24403,CUST-9762,SESS-29403,CART-26403,2024-04-04,490.11,204.09,47.01,Home,1,Returned,Social Media,South,P-922,SKU-2701,490.11,9.20,39.21,New,Debit Card
ORD-24404,CUST-9762,SESS-29404,CART-26404,2024-03-02,45.84,20.45,46.16,Beauty,5,Completed,Social Media,West,P-942,SKU-4310,9.17,14.15,3.67,New,Debit Card
ORD-24405,CUST-9763,SESS-29405,CART-26405,2024-02-12,492.34,243.43,32.87,Sports,4,Pending,Social Media,North,P-858,SKU-1105,123.08,5.91,39.39,VIP,Debit Card
ORD-24406,CUST-9763,SESS-29406,CART-26406,2025-03-15,252.96,119.32,10.63,,4,Shipped,Web,West,P-537,SKU-4154,63.24,16.69,20.24,New,Credit Card
ORD-24407,CUST-9763,SESS-29407,CART-26407,2023-02-12,500.38,161.06,47.37,,1,Cancelled,Mobile App,South,P-913,SKU-332,500.38,13.83,40.03,Returning,PayPal
ORD-24408,CUST-9764,SESS-29408,CART-26408,2024-09-07,75.25,36.20,13.51,,5,Returned,Affiliate,West,P-610,SKU-2700,15.05,16.76,6.02,Returning,PayPal
ORD-24409,CUST-9764,SESS-29409,CART-26409,2024-04-21,112.28,54.76,14.67,Beauty,1,Completed,Web,East,P-743,SKU-4562,112.28,18.48,8.98,Returning,PayPal
ORD-24410,CUST-9765,SESS-29410,CART-26410,2023-01-29,323.53,172.57,6.92,Beauty,4,Completed,Web,South,P-105,SKU-109,80.88,1.58,25.88,New,PayPal
ORD-24411,CUST-9765,SESS-29411,CART-26411,2023-02-26,504.49,242.95,2.14,Fashion,1,Returned,Affiliate,International,P-958,SKU-2644,504.49,7.27,40.36,New,Debit Card
ORD-24412,CUST-9765,SESS-29412,CART-26412,2024-12-25,216.54,117.51,43.88,Electronics,5,Completed,Social Media,West,P-232,SKU-2806,43.31,16.89,17.32,New,PayPal
ORD-24413,CUST-9766,SESS-29413,CART-26413,2025-04-08,258.88,120.69,20.58,Home,4,Returned,Affiliate,South,P-302,SKU-676,64.72,19.68,20.71,Returning,PayPal
ORD-24414,CUST-9766,SESS-29414,CART-26414,2025-08-06,288.89,95.08,8.45,Home,4,Returned,Social Media,West,P-706,SKU-2132,72.22,2.15,23.11,Returning,Credit Card
ORD-24415,CUST-9767,SESS-29415,CART-26415,2024-07-10,486.21,291.19,24.02,Sports,4,Shipped,Social Media,East,P-977,SKU-4946,121.55,8.68,38.90,New,PayPal
ORD-24416,CUST-9767,SESS-29416,CART-26416,2023-04-25,71.49,37.17,18.30,NULL,5,Returned,Web,South,P-471,SKU-4805,14.30,18.73,5.72,Returning,Debit Card
ORD-24417,CUST-9767,SESS-29417,CART-26417,2023-06-30,238.20,138.81,17.33,Beauty,1,Cancelled,Social Media,International,P-983,SKU-2381,238.20,10.10,19.06,Returning,PayPal
ORD-24418,CUST-9768,SESS-29418,CART-26418,10/30/2023,186.56,102.85,14.31,Sports,5,Cancelled,Web,North,P-323,SKU-2595,37.31,18.79,14.93,New,Debit Card
ORD-24419,CUST-9768,SESS-29419,CART-26419,2024-07-13,  482.69  ,223.80,39.66,Sports,4,Returned,Web,South,P-731,SKU-1757,120.67,0.21,38.62,New,Crypto
ORD-24420,CUST-9769,SESS-29420,CART-26420,2024-03-18,55.03,30.57,46.78,Fashion,4,Completed,Affiliate,West,P-437,SKU-2395,13.76,6.63,4.40,Returning,Debit Card
ORD-24421,CUST-9769,SESS-29421,CART-26421,2025-04-20,430.73,216.41,35.07,Electronics,5,Completed,Affiliate,West,P-933,SKU-4593,86.15,14.95,34.46,New,Debit Card
ORD-24422,CUST-9769,SESS-29422,CART-26422,2024-02-21,216.74,109.30,23.20,Beauty,1,Returned,Social Media,South,P-286,SKU-975,216.74,3.81,17.34,New,PayPal
ORD-24423,CUST-9770,SESS-29423,CART-26423,2023-08-03,439.95,245.86,8.59,Electronics,3,Cancelled,Web,North,P-765,SKU-1854,146.65,16.73,35.20,VIP,Credit Card
ORD-24424,CUST-9770,SESS-29424,CART-26424,2023-01-01,,148.75,33.99,Sports,5,Pending,Web,International,P-805,SKU-2110,72.29,16.62,28.92,New,Debit Card
ORD-24425,CUST-9771,SESS-29425,CART-26425,2025-11-04,338.00,185.67,42.34,Electronics,3,Pending,Social Media,North,P-436,SKU-1344,112.67,5.52,27.04,New,Credit Card
ORD-24426,CUST-9771,SESS-29426,CART-26426,1716411061483,  463.46  ,203.07,33.77,Electronics,2,Cancelled,Affiliate,West,P-48,SKU-4698,231.73,6.35,37.08,VIP,Credit Card
ORD-24427,CUST-9771,SESS-29427,CART-26427,2024-11-02,15.73,9.13,0.98,Electronics,2,Completed,Mobile App,South,P-559,SKU-530,7.87,12.28,1.26,VIP,PayPal
ORD-24428,CUST-9772,SESS-29428,CART-26428,2024-11-21,315.09,158.20,9.36,Fashion,4,Completed,Social Media,West,P-819,SKU-847,78.77,0.36,25.21,Returning,Debit Card
ORD-24429,CUST-9772,SESS-29429,CART-26429,2024-08-25,46.12,19.14,9.68,Fashion,4,Pending,Mobile App,East,P-545,SKU-3355,11.53,3.38,3.69,VIP,Debit Card
ORD-24430,CUST-9773,SESS-29430,CART-26430,1707817759912,261.42,128.96,29.04,Electronics,3,Completed,Affiliate,South,P-706,SKU-4734,87.14,7.30,20.91,Returning,Credit Card
ORD-24431,CUST-9773,SESS-29431,CART-26431,2023-10-21,475.70,165.20,1.32,Home,4,Cancelled,Web,North,P-981,SKU-2800,118.92,3.20,38.06,New,Crypto
ORD-24432,CUST-9773,SESS-29432,CART-26432,2023-05-30,241.94,79.02,7.88,Beauty,3,Pending,Web,West,P-302,SKU-4463,80.65,12.33,19.35,Returning,PayPal
ORD-24433,CUST-9774,SESS-29433,CART-26433,2024-06-22,491.34,204.70,48.65,Fashion,5,Cancelled,Web,South,P-236,SKU-400,98.27,9.81,39.31,VIP,Credit Card
ORD-24434,CUST-9774,SESS-29434,CART-26434,2025-04-24,181.22,105.67,42.35,Electronics,1,Cancelled,Affiliate,North,P-899,SKU-4354,181.22,12.55,14.50,Returning,Debit Card
ORD-24435,CUST-9775,SESS-29435,CART-26435,2024-12-24,351.32,133.16,48.04,Electronics,1,Cancelled,Social Media,West,P-801,SKU-4788,351.32,3.21,28.11,VIP,Credit Card
ORD-24436,CUST-9775,SESS-29436,CART-26436,2025-05-12,  259.17  ,101.83,2.73,Electronics,3,Returned,Social Media,East,P-273,SKU-2365,86.39,16.22,20.73,New,PayPal
ORD-24437,CUST-9775,SESS-29437,CART-26437,2023-11-08,333.26,161.80,27.07,Electronics,3,Cancelled,Mobile App,East,P-173,SKU-1851,111.09,0.22,26.66,Returning,Crypto
ORD-24438,CUST-9776,SESS-29438,CART-26438,2023-09-06,25.03,13.50,23.81,Electronics,3,Completed,Affiliate,West,P-769,SKU-3539,8.34,10.60,2.00,New,PayPal
ORD-24439,CUST-9776,SESS-29439,CART-26439,2024-08-02,120.29,43.41,23.45,Sports,5,Returned,Mobile App,West,P-1,SKU-1758,24.06,19.07,9.62,New,Crypto
ORD-24440,CUST-9777,SESS-29440,CART-26440,2023-05-23,201.56,81.64,1.26,Electronics,3,Cancelled,Social Media,East,P-980,SKU-4805,67.19,11.41,16.13,VIP,Credit Card
ORD-24441,CUST-9777,SESS-29441,CART-26441,2025-05-20,450.31,232.92,49.51,Sports,1,Pending,Web,North,P-206,SKU-620,450.31,12.14,36.02,Returning,Crypto
ORD-24442,CUST-9777,SESS-29442,CART-26442,2023-07-19,462.12,158.62,27.47,Electronics,3,Completed,Web,South,P-100,SKU-2620,154.04,1.55,36.97,New,Debit Card
ORD-24443,CUST-9778,SESS-29443,CART-26443,1680214522809,315.96,125.56,11.53,Electronics,3,Pending,Affiliate,North,P-532,SKU-1703,105.32,7.40,25.28,VIP,PayPal
ORD-24444,CUST-9778,SESS-29444,CART-26444,2025-08-10,445.65,180.19,10.44,Fashion,5,Cancelled,Social Media,South,P-386,SKU-3465,89.13,0.25,35.65,New,PayPal
ORD-24445,CUST-9779,SESS-29445,CART-26445,2024-06-21,135.82,62.49,32.77,Home,1,Cancelled,Affiliate,West,P-437,SKU-3347,135.82,15.47,10.87,New,Credit Card
ORD-24446,CUST-9779,SESS-29446,CART-26446,2025-04-27,,76.77,47.45,Sports,2,Returned,Social Media,North,P-335,SKU-1830,68.19,3.32,10.91,VIP,PayPal
ORD-24447,CUST-9779,SESS-29447,CART-26447,11/25/2023,10.04,3.06,46.55,Fashion,4,Returned,Mobile App,International,P-127,SKU-3176,2.51,2.05,0.80,Returning,PayPal
ORD-24448,CUST-9780,SESS-29448,CART-26448,2024-10-30,327.19,176.67,3.86,Electronics,2,Cancelled,Mobile App,North,P-114,SKU-3896,163.59,10.73,26.18,VIP,Debit Card
ORD-24449,CUST-9780,SESS-29449,CART-26449,2026-02-18,199.18,75.47,41.98,Fashion,2,Shipped,Affiliate,South,P-457,SKU-3548,99.59,19.42,15.93,New,PayPal
ORD-24450,CUST-9781,SESS-29450,CART-26450,5/30/2024,452.29,228.79,38.84,Electronics,5,Cancelled,Social Media,West,P-849,SKU-2441,90.46,12.26,36.18,New,Credit Card
ORD-24451,CUST-9781,SESS-29451,CART-26451,2024-11-04,273.53,132.00,39.37,Sports,2,Completed,Mobile App,South,P-399,SKU-3554,136.77,14.77,21.88,Returning,Credit Card
ORD-24452,CUST-9781,SESS-29452,CART-26452,1765804526036,233.41,108.12,48.12,Beauty,2,Completed,Social Media,International,P-232,SKU-2280,116.71,0.50,18.67,VIP,Crypto
ORD-24453,CUST-9782,SESS-29453,CART-26453,2025-06-25,116.80,45.84,15.35,Beauty,3,Returned,Social Media,East,P-903,SKU-2935,38.93,4.74,9.34,VIP,Credit Card
ORD-24454,CUST-9782,SESS-29454,CART-26454,2025-04-17,141.79,62.00,3.29,Electronics,4,Cancelled,Mobile App,International,P-355,SKU-57,35.45,2.28,11.34,Returning,PayPal
ORD-24455,CUST-9783,SESS-29455,CART-26455,2024-08-14,71.37,21.53,6.15,Electronics,1,Completed,Mobile App,International,P-631,SKU-787,71.37,16.16,5.71,Returning,Crypto
ORD-24456,CUST-9783,SESS-29456,CART-26456,2023-07-25,475.25,186.83,37.52,Home,5,Returned,Affiliate,North,P-148,SKU-594,95.05,11.34,38.02,Returning,Debit Card
ORD-24457,CUST-9783,SESS-29457,CART-26457,2023-10-14,466.14,151.59,28.35,Electronics,4,Shipped,Mobile App,North,P-922,SKU-3525,116.54,0.63,37.29,New,Crypto
ORD-24458,CUST-9784,SESS-29458,CART-26458,2024-10-18,187.25,80.60,34.10,Beauty,2,Cancelled,Social Media,South,P-623,SKU-3768,93.63,3.15,14.98,New,Credit Card
ORD-24459,CUST-9784,SESS-29459,CART-26459,2023-09-17,76.52,44.99,13.16,Fashion,NULL,Pending,Social Media,International,P-924,SKU-1140,25.51,9.74,6.12,Returning,Credit Card
ORD-24460,CUST-9785,SESS-29460,CART-26460,2024-07-27,421.74,245.75,21.27,Home,1,Pending,Mobile App,International,P-674,SKU-480,421.74,19.09,33.74,New,PayPal
ORD-24461,CUST-9785,SESS-29461,CART-26461,2024-07-19,258.14,94.11,16.84,Electronics,5,Pending,Affiliate,South,P-357,SKU-213,51.63,1.27,20.65,Returning,Debit Card
ORD-24462,CUST-9785,SESS-29462,CART-26462,2025-11-11,100.50,30.90,39.72,Fashion,2,Shipped,Affiliate,South,P-848,SKU-703,50.25,17.81,8.04,New,Credit Card
ORD-24463,CUST-9786,SESS-29463,CART-26463,2024-12-15,475.85,173.18,45.50,Fashion,3,Completed,Social Media,International,P-501,SKU-3126,158.62,13.10,38.07,Returning,PayPal
ORD-24464,CUST-9786,SESS-29464,CART-26464,2023-04-12,  186.30  ,81.87,25.37,Home,4,Cancelled,Social Media,International,P-559,SKU-2852,46.57,18.95,14.90,New,Debit Card
ORD-24465,CUST-9787,SESS-29465,CART-26465,2025-05-09,121.77,64.72,0.93,Electronics,4,Pending,Web,South,P-547,SKU-804,30.44,2.07,9.74,New,Debit Card
ORD-24466,CUST-9787,SESS-29466,CART-26466,2025-02-07,73.40,29.55,9.35,Beauty,1,Shipped,Social Media,South,P-179,SKU-1759,73.40,14.08,5.87,New,Debit Card
ORD-24467,CUST-9787,SESS-29467,CART-26467,2023-12-31,400.77,216.75,22.89,Fashion,5,Returned,Affiliate,International,P-834,SKU-1479,80.15,0.56,32.06,VIP,Credit Card
ORD-24468,CUST-9788,SESS-29468,CART-26468,2023-08-24,167.40,97.85,47.22,Fashion,1,Completed,Web,North,P-196,SKU-732,167.40,4.89,13.39,VIP,PayPal
ORD-24469,CUST-9788,SESS-29469,CART-26469,1/17/2024,353.14,157.61,8.00,Electronics,5,Shipped,Mobile App,International,P-937,SKU-1850,70.63,11.24,28.25,New,Credit Card
ORD-24470,CUST-9789,SESS-29470,CART-26470,2023-06-04,17.37,8.92,28.68,Electronics,3,Shipped,Web,South,P-698,SKU-4242,5.79,15.68,1.39,VIP,Debit Card
ORD-24471,CUST-9789,SESS-29471,CART-26471,2023-07-21,302.75,169.34,33.20,Home,5,Completed,Web,South,P-751,SKU-369,60.55,0.37,24.22,Returning,Crypto
ORD-24472,CUST-9789,SESS-29472,CART-26472,2023-04-18,34.93,15.86,17.50,Electronics,1,Completed,Mobile App,International,P-448,SKU-1669,34.93,18.51,2.79,VIP,PayPal
ORD-24473,CUST-9790,SESS-29473,CART-26473,2023-10-13,240.69,74.33,37.42,Beauty,1,Shipped,Affiliate,East,P-975,SKU-1360,240.69,16.91,19.26,New,PayPal
ORD-24474,CUST-9790,SESS-29474,CART-26474,2023-04-30,420.40,152.29,17.93,  beauty  ,1,Cancelled,Social Media,North,P-903,SKU-2109,420.40,16.01,33.63,Returning,Debit Card
ORD-24475,CUST-9791,SESS-29475,CART-26475,2025-05-02,53.24,27.18,5.82,Electronics,5,Shipped,Affiliate,South,P-560,SKU-2585,10.65,6.85,4.26,Returning,Debit Card
ORD-24476,CUST-9791,SESS-29476,CART-26476,2024-06-10,345.44,118.62,41.04,Fashion,3,Pending,Social Media,International,P-842,SKU-535,115.15,8.30,27.63,VIP,Crypto
ORD-24477,CUST-9791,SESS-29477,CART-26477,2024-09-09,219.73,118.93,2.05,Sports,1,Cancelled,Mobile App,South,P-90,SKU-165,219.73,8.45,17.58,VIP,Credit Card
ORD-24478,CUST-9792,SESS-29478,CART-26478,2024-06-15,273.07,115.21,13.04,Beauty,3,Shipped,Affiliate,South,P-614,SKU-695,91.02,8.59,21.85,VIP,Crypto
ORD-24479,CUST-9792,SESS-29479,CART-26479,2025-01-22,77.40,33.61,31.01,Sports,4,Pending,Social Media,International,P-279,SKU-1055,19.35,8.57,6.19,Returning,Crypto
ORD-24480,CUST-9793,SESS-29480,CART-26480,2025-03-24,259.31,87.92,6.96,Beauty,1,Completed,Affiliate,International,P-211,SKU-3714,259.31,7.09,20.74,Returning,PayPal
ORD-24481,CUST-9793,SESS-29481,CART-26481,2025-02-21,373.38,171.33,11.21,Fashion,4,Returned,Social Media,South,P-237,SKU-4442,93.35,8.79,29.87,VIP,PayPal
ORD-24482,CUST-9793,SESS-29482,CART-26482,2023-03-16,487.26,282.89,6.37,Electronics,1,Shipped,Mobile App,North,P-591,SKU-1394,487.26,18.51,38.98,VIP,PayPal
ORD-24483,CUST-9794,SESS-29483,CART-26483,2025-12-12,448.02,238.16,39.75,Sports,2,Pending,Affiliate,East,P-555,SKU-1202,224.01,14.22,35.84,Returning,Debit Card
ORD-24484,CUST-9794,SESS-29484,CART-26484,2024-02-26,499.95,227.89,22.38,Beauty,1,Shipped,Social Media,West,P-886,SKU-4793,499.95,0.47,40.00,Returning,PayPal
ORD-24485,CUST-9795,SESS-29485,CART-26485,1703685215834,32.04,17.88,18.43,Electronics,2,Returned,Web,North,P-46,SKU-754,16.02,15.92,2.56,New,PayPal
ORD-24486,CUST-9795,SESS-29486,CART-26486,2025-08-17,131.99,43.57,9.38,Beauty,4,Returned,Web,East,P-688,SKU-2890,33.00,16.85,10.56,Returning,PayPal
ORD-24487,CUST-9795,SESS-29487,CART-26487,2023-04-24,NULL,75.00,47.77,Electronics,4,Returned,Social Media,West,P-59,SKU-591,42.35,8.74,13.55,Returning,Crypto
ORD-24488,CUST-9796,SESS-29488,CART-26488,1/14/2025,483.94,289.79,42.84,Home,1,Returned,Web,International,P-222,SKU-3982,483.94,18.34,38.71,Returning,Credit Card
ORD-24489,CUST-9796,SESS-29489,CART-26489,2025-06-16,225.92,78.51,11.72,Sports,2,Completed,Web,International,P-421,SKU-1693,112.96,0.18,18.07,VIP,PayPal
ORD-24490,CUST-9797,SESS-29490,CART-26490,2025-04-13,327.26,171.38,18.40,Fashion,2,Shipped,Web,International,P-7,SKU-934,163.63,15.62,26.18,VIP,Crypto
ORD-24491,CUST-9797,SESS-29491,CART-26491,1745082062058,359.05,163.31,47.57,Beauty,4,Completed,Social Media,International,P-949,SKU-84,89.76,1.57,28.72,New,Debit Card
ORD-24492,CUST-9797,SESS-29492,CART-26492,2024-09-19,128.87,58.51,6.21,Sports,2,Shipped,Affiliate,South,P-360,SKU-4257,64.44,17.98,10.31,Returning,Debit Card
ORD-24493,CUST-9798,SESS-29493,CART-26493,2024-10-20,124.09,41.48,7.12,Beauty,4,Shipped,Affiliate,International,P-783,SKU-3585,31.02,18.14,9.93,VIP,Debit Card
ORD-24494,CUST-9798,SESS-29494,CART-26494,2026-02-27,164.28,55.29,18.89,Beauty,5,Returned,Web,South,P-517,SKU-1471,32.86,6.48,13.14,New,Crypto
ORD-24495,CUST-9799,SESS-29495,CART-26495,1730601215173,303.96,114.08,5.54,Fashion,5,Pending,Web,East,P-709,SKU-695,60.79,0.75,24.32,New,Crypto
ORD-24496,CUST-9799,SESS-29496,CART-26496,2025-07-31,46.63,20.55,45.84,Home,3,Returned,Affiliate,West,P-26,SKU-311,15.54,18.06,3.73,New,Credit Card
ORD-24497,CUST-9799,SESS-29497,CART-26497,2023-04-21,205.84,95.14,22.60,Home,4,Returned,Web,North,P-641,SKU-3379,51.46,8.65,16.47,VIP,Debit Card
ORD-24498,CUST-9800,SESS-29498,CART-26498,2023-01-28,508.11,175.57,23.19,Home,5,Returned,Web,South,P-845,SKU-3467,101.62,8.77,40.65,New,Debit Card
ORD-24499,CUST-9800,SESS-29499,CART-26499,2025-02-12,260.31,81.05,46.67,Sports,2,Returned,Mobile App,East,P-894,SKU-4718,130.15,8.21,20.82,VIP,Crypto
ORD-24500,CUST-9801,SESS-29500,CART-26500,2023-10-28,378.61,153.81,45.05,Fashion,NULL,Completed,Affiliate,International,P-420,SKU-1221,94.65,9.32,30.29,New,Crypto
ORD-24501,CUST-9801,SESS-29501,CART-26501,2025-01-18,60.69,26.55,16.25,Beauty,5,Completed,Social Media,South,P-12,SKU-487,12.14,6.31,4.85,Returning,Debit Card
ORD-24502,CUST-9801,SESS-29502,CART-26502,2024-07-24,310.25,142.77,30.94,Electronics,3,Returned,Mobile App,International,P-167,SKU-847,103.42,15.41,24.82,VIP,PayPal
ORD-24503,CUST-9802,SESS-29503,CART-26503,2025-03-03,429.71,147.25,34.45,Sports,1,Cancelled,Affiliate,North,P-898,SKU-3791,429.71,8.25,34.38,New,PayPal
ORD-24504,CUST-9802,SESS-29504,CART-26504,2023-07-13,361.48,187.35,44.50,Electronics,3,Shipped,Affiliate,North,P-61,SKU-547,120.49,8.56,28.92,VIP,Crypto
ORD-24505,CUST-9803,SESS-29505,CART-26505,2025-12-01,159.90,72.08,38.95,Fashion,2,Returned,Social Media,International,P-940,SKU-644,79.95,10.71,12.79,VIP,Credit Card
ORD-24506,CUST-9803,SESS-29506,CART-26506,2023-09-29,304.33,133.20,43.37,Electronics,5,Returned,Mobile App,North,P-197,SKU-2229,60.87,2.66,24.35,VIP,Debit Card
ORD-24507,CUST-9803,SESS-29507,CART-26507,2024-08-01,108.77,41.40,19.60,Beauty,5,Pending,Mobile App,International,P-206,SKU-2955,21.75,6.99,8.70,VIP,Credit Card
ORD-24508,CUST-9804,SESS-29508,CART-26508,2025-07-04,213.64,72.36,8.47,Sports,2,Pending,Mobile App,International,P-115,SKU-4062,106.82,17.84,17.09,New,Debit Card
ORD-24509,CUST-9804,SESS-29509,CART-26509,2024-11-01,365.67,193.44,10.43,Home,5,Shipped,Social Media,North,P-949,SKU-1184,73.13,10.33,29.25,Returning,Debit Card
ORD-24510,CUST-9805,SESS-29510,CART-26510,2024-07-24,253.29,129.51,31.25,Electronics,3,Returned,Social Media,North,P-450,SKU-2170,84.43,6.39,20.26,VIP,Credit Card
ORD-24511,CUST-9805,SESS-29511,CART-26511,2024-05-31,103.00,46.28,5.02,Beauty,4,Shipped,Web,South,P-108,SKU-2789,25.75,9.45,8.24,Returning,Credit Card
ORD-24512,CUST-9805,SESS-29512,CART-26512,2025-11-12,349.33,131.01,9.86,Electronics,5,Returned,Social Media,North,P-832,SKU-2554,69.87,8.94,27.95,VIP,PayPal
ORD-24513,CUST-9806,SESS-29513,CART-26513,2023-12-05,145.36,72.31,38.96,  home  ,2,Pending,Mobile App,International,P-773,SKU-2752,72.68,1.80,11.63,New,PayPal
ORD-24514,CUST-9806,SESS-29514,CART-26514,2025-10-03,488.86,261.50,37.05,Home,2,Shipped,Social Media,East,P-375,SKU-253,244.43,2.66,39.11,New,Crypto
ORD-24515,CUST-9807,SESS-29515,CART-26515,2023-05-05,153.62,59.55,0.84,Home,1,Cancelled,Mobile App,North,P-172,SKU-611,153.62,2.64,12.29,Returning,PayPal
ORD-24516,CUST-9807,SESS-29516,CART-26516,2023-09-05,503.40,208.07,4.24,Sports,4,Shipped,Affiliate,International,P-934,SKU-4792,125.85,3.08,40.27,Returning,Credit Card
ORD-24517,CUST-9807,SESS-29517,CART-26517,2025-05-29,38.79,12.83,0.87,Sports,2,Pending,Affiliate,West,P-41,SKU-1335,19.39,13.32,3.10,New,Credit Card
ORD-24518,CUST-9808,SESS-29518,CART-26518,1714869350270,317.72,114.62,0.99,Sports,1,Pending,Web,West,P-566,SKU-661,317.72,8.57,25.42,New,PayPal
ORD-24519,CUST-9808,SESS-29519,CART-26519,2024-11-03,65.52,32.63,18.54,Electronics,4,Completed,Affiliate,West,P-860,SKU-2698,16.38,0.44,5.24,Returning,Debit Card
ORD-24520,CUST-9809,SESS-29520,CART-26520,2025-01-09,326.73,155.46,38.46,Home,1,Shipped,Web,West,P-44,SKU-4804,326.73,10.58,26.14,Returning,PayPal
ORD-24521,CUST-9809,SESS-29521,CART-26521,2023-03-31,336.46,108.03,48.37,Fashion,1,Completed,Social Media,East,P-512,SKU-4728,336.46,13.50,26.92,VIP,PayPal
ORD-24522,CUST-9809,SESS-29522,CART-26522,2025-06-10,48.93,27.62,28.47,Beauty,3,Pending,Affiliate,International,P-58,SKU-4743,16.31,11.60,3.91,Returning,Crypto
ORD-24523,CUST-9810,SESS-29523,CART-26523,2024-12-31,301.01,171.90,32.42,Fashion,2,Cancelled,Web,West,P-91,SKU-4356,150.50,18.47,24.08,VIP,Debit Card
ORD-24524,CUST-9810,SESS-29524,CART-26524,2025-01-06,476.15,195.44,47.73,Fashion,3,Shipped,Social Media,East,P-199,SKU-4068,158.72,14.10,38.09,New,Credit Card
ORD-24525,CUST-9811,SESS-29525,CART-26525,2023-10-20,481.24,283.32,0.93,Beauty,2,Completed,Mobile App,International,P-109,SKU-2629,240.62,7.16,38.50,VIP,Credit Card
ORD-24526,CUST-9811,SESS-29526,CART-26526,2023-12-24,379.02,168.09,34.06,Electronics,1,Completed,Web,East,P-178,SKU-1907,379.02,8.06,30.32,VIP,Debit Card
ORD-24527,CUST-9811,SESS-29527,CART-26527,2025-01-23,90.54,53.50,28.05,Fashion,2,Returned,Web,South,P-922,SKU-3145,45.27,5.04,7.24,New,Debit Card
ORD-24528,CUST-9812,SESS-29528,CART-26528,2023-11-11,492.10,204.79,36.75,Beauty,2,Cancelled,Social Media,North,P-762,SKU-311,246.05,6.31,39.37,New,Crypto
ORD-24529,CUST-9812,SESS-29529,CART-26529,2025-10-21,340.52,110.11,39.72,Electronics,4,Cancelled,Affiliate,East,P-568,SKU-3619,85.13,4.06,27.24,New,Crypto
ORD-24530,CUST-9813,SESS-29530,CART-26530,2024-11-17,229.95,77.28,35.97,Home,4,Shipped,Mobile App,International,P-850,SKU-3669,57.49,15.63,18.40,New,Credit Card
ORD-24531,CUST-9813,SESS-29531,CART-26531,1740704650315,215.07,82.49,10.12,Sports,2,Cancelled,Social Media,South,P-700,SKU-3369,107.54,15.63,17.21,New,Credit Card
ORD-24532,CUST-9813,SESS-29532,CART-26532,1742804118486,211.13,70.45,14.13,Fashion,4,Returned,Social Media,North,P-312,SKU-2405,52.78,14.69,16.89,Returning,PayPal
ORD-24533,CUST-9814,SESS-29533,CART-26533,2023-01-30,  415.34  ,168.23,27.69,Electronics,4,Shipped,Affiliate,West,P-952,SKU-3235,103.83,8.98,33.23,New,Crypto
ORD-24534,CUST-9814,SESS-29534,CART-26534,1749321454475,327.07,165.80,47.74,Sports,1,Pending,Affiliate,East,P-507,SKU-1246,327.07,12.08,26.17,Returning,Crypto
ORD-24535,CUST-9815,SESS-29535,CART-26535,2024-03-13,129.25,57.86,26.83,Fashion,5,Returned,Web,South,P-230,SKU-937,25.85,1.28,10.34,New,Crypto
ORD-24536,CUST-9815,SESS-29536,CART-26536,2024-04-15,92.31,51.06,15.24,Sports,5,Cancelled,Affiliate,West,P-577,SKU-2576,18.46,0.02,7.38,Returning,Crypto
ORD-24537,CUST-9815,SESS-29537,CART-26537,2023-07-10,336.35,120.15,15.24,Sports,2,Returned,Web,North,P-25,SKU-2045,168.18,9.05,26.91,Returning,Crypto
ORD-24538,CUST-9816,SESS-29538,CART-26538,2025-08-26,160.90,76.06,44.55,Beauty,5,Cancelled,Affiliate,North,P-1,SKU-4946,32.18,5.45,12.87,Returning,PayPal
ORD-24539,CUST-9816,SESS-29539,CART-26539,2023-06-16,188.45,79.47,37.35,Sports,1,Completed,Mobile App,East,P-530,SKU-651,188.45,6.95,15.08,New,Credit Card
ORD-24540,CUST-9817,SESS-29540,CART-26540,2024-12-28,243.45,134.58,31.69,Beauty,5,Returned,Web,South,P-499,SKU-3372,48.69,15.62,19.48,Returning,Credit Card
ORD-24541,CUST-9817,SESS-29541,CART-26541,1759415326088,53.06,18.76,33.70,Sports,4,Returned,Affiliate,International,P-232,SKU-4450,13.27,6.93,4.25,Returning,PayPal
ORD-24542,CUST-9817,SESS-29542,CART-26542,2025-11-12,198.31,74.41,31.00,Fashion,4,Returned,Social Media,International,P-234,SKU-2803,49.58,14.08,15.86,Returning,Credit Card
ORD-24543,CUST-9818,SESS-29543,CART-26543,2023-10-23,116.37,40.37,11.38,Fashion,4,Completed,Social Media,International,P-203,SKU-976,29.09,19.11,9.31,New,Credit Card
ORD-24544,CUST-9818,SESS-29544,CART-26544,2025-05-01,388.76,154.44,34.46,Home,4,Shipped,Web,North,P-723,SKU-1416,97.19,19.53,31.10,Returning,PayPal
ORD-24545,CUST-9819,SESS-29545,CART-26545,12/28/2023,452.08,159.98,31.43,Beauty,1,Returned,Web,East,P-444,SKU-3583,452.08,1.07,36.17,VIP,Crypto
ORD-24546,CUST-9819,SESS-29546,CART-26546,2024-12-16,156.95,73.52,5.64,Fashion,2,Pending,Social Media,East,P-109,SKU-2569,78.48,16.83,12.56,New,Crypto
ORD-24547,CUST-9819,SESS-29547,CART-26547,2025-03-23,323.64,102.14,10.08,Sports,3,Shipped,Web,South,P-223,SKU-4897,107.88,18.69,25.89,Returning,Debit Card
ORD-24548,CUST-9820,SESS-29548,CART-26548,2025-02-28,188.97,58.90,32.28,Beauty,3,Cancelled,Web,North,P-549,SKU-4563,62.99,0.21,15.12,New,PayPal
ORD-24549,CUST-9820,SESS-29549,CART-26549,2024-02-20,482.46,204.86,0.12,Fashion,5,Pending,Affiliate,West,P-311,SKU-3077,96.49,13.33,38.60,VIP,Credit Card
ORD-24550,CUST-9821,SESS-29550,CART-26550,2024-07-24,192.54,85.06,35.99,Beauty,3,Cancelled,Mobile App,International,P-257,SKU-4794,64.18,15.85,15.40,Returning,Crypto
ORD-24551,CUST-9821,SESS-29551,CART-26551,2023-01-24,350.11,209.65,5.43,Sports,2,Returned,Social Media,International,P-82,SKU-1545,175.06,6.49,28.01,Returning,Credit Card
ORD-24552,CUST-9821,SESS-29552,CART-26552,2023-03-15,506.81,179.62,8.69,Electronics,4,Completed,Mobile App,West,P-551,SKU-630,126.70,5.45,40.54,Returning,Debit Card
ORD-24553,CUST-9822,SESS-29553,CART-26553,2025-11-10,257.36,139.68,10.03,NULL,1,Returned,Mobile App,International,P-256,SKU-1967,257.36,3.10,20.59,New,Crypto
ORD-24554,CUST-9822,SESS-29554,CART-26554,1732790135536,302.29,122.29,2.54,Fashion,5,Pending,Web,North,P-30,SKU-2381,60.46,18.56,24.18,VIP,Credit Card
ORD-24555,CUST-9823,SESS-29555,CART-26555,2023-01-06,136.37,52.06,20.54,Electronics,2,Shipped,Social Media,West,P-656,SKU-631,68.18,5.96,10.91,VIP,Crypto
ORD-24556,CUST-9823,SESS-29556,CART-26556,2025-09-11,381.97,140.99,7.17,Beauty,2,Pending,Affiliate,International,P-698,SKU-3803,190.99,18.72,30.56,Returning,Debit Card
ORD-24557,CUST-9823,SESS-29557,CART-26557,2025-07-01,245.93,144.09,23.26,Beauty,2,Shipped,Mobile App,North,P-259,SKU-4405,122.96,16.89,19.67,VIP,PayPal
ORD-24558,CUST-9824,SESS-29558,CART-26558,2025-03-25,23.18,7.54,12.73,Fashion,1,Cancelled,Mobile App,West,P-733,SKU-1564,23.18,1.99,1.85,Returning,Debit Card
ORD-24559,CUST-9824,SESS-29559,CART-26559,2023-09-30,245.73,97.29,42.85,Fashion,1,Returned,Affiliate,International,P-665,SKU-1479,245.73,4.40,19.66,New,PayPal
ORD-24560,CUST-9825,SESS-29560,CART-26560,2025-12-12,181.94,103.83,48.89,Home,4,Completed,Social Media,West,P-456,SKU-4907,45.49,1.09,14.56,New,Debit Card
ORD-24561,CUST-9825,SESS-29561,CART-26561,2024-03-17,206.28,110.43,41.95,Home,1,Cancelled,Web,East,P-619,SKU-1458,206.28,18.18,16.50,VIP,Debit Card
ORD-24562,CUST-9825,SESS-29562,CART-26562,2024-10-27,371.70,208.06,22.85,  fashion  ,4,Returned,Social Media,North,P-634,SKU-4403,92.93,1.61,29.74,Returning,PayPal
ORD-24563,CUST-9826,SESS-29563,CART-26563,2025-01-31,498.05,221.46,26.51,Electronics,3,Returned,Web,East,P-59,SKU-1918,166.02,1.26,39.84,VIP,Credit Card
ORD-24564,CUST-9826,SESS-29564,CART-26564,2024-11-30,200.57,86.25,9.29,Beauty,5,Pending,Social Media,West,P-19,SKU-3089,40.11,5.16,16.05,Returning,Crypto
ORD-24565,CUST-9827,SESS-29565,CART-26565,2023-09-13,  147.44  ,73.24,15.05,Home,2,Cancelled,Web,East,P-772,SKU-4123,73.72,6.94,11.80,Returning,Debit Card
ORD-24566,CUST-9827,SESS-29566,CART-26566,2024-10-31,394.00,229.77,5.89,Fashion,5,Cancelled,Web,West,P-199,SKU-2878,78.80,3.21,31.52,Returning,Crypto
ORD-24567,CUST-9827,SESS-29567,CART-26567,2023-06-27,262.60,127.73,46.53,  electronics  ,1,Returned,Web,North,P-792,SKU-1508,262.60,0.07,21.01,VIP,Credit Card
ORD-24568,CUST-9828,SESS-29568,CART-26568,2023-06-21,211.39,64.88,44.78,Electronics,1,Completed,Affiliate,South,P-292,SKU-881,211.39,2.21,16.91,VIP,PayPal
ORD-24569,CUST-9828,SESS-29569,CART-26569,2026-01-21,24.30,7.34,38.54,Home,1,Shipped,Affiliate,International,P-32,SKU-3689,24.30,9.39,1.94,VIP,Crypto
ORD-24570,CUST-9829,SESS-29570,CART-26570,1750439812744,303.99,124.68,4.93,Fashion,1,Shipped,Web,East,P-718,SKU-2897,303.99,11.81,24.32,VIP,Debit Card
ORD-24571,CUST-9829,SESS-29571,CART-26571,2025-04-21,244.26,120.80,7.11,Home,2,Returned,Mobile App,South,P-871,SKU-3128,122.13,1.24,19.54,Returning,Debit Card
ORD-24572,CUST-9829,SESS-29572,CART-26572,2025-03-05,358.15,132.95,1.43,Sports,2,Completed,Web,North,P-127,SKU-2025,179.08,0.67,28.65,Returning,Debit Card
ORD-24573,CUST-9830,SESS-29573,CART-26573,2023-03-17,262.21,153.41,41.27,Fashion,1,Completed,Mobile App,East,P-712,SKU-3817,262.21,1.69,20.98,VIP,Credit Card
ORD-24574,CUST-9830,SESS-29574,CART-26574,2024-10-09,228.09,71.98,31.36,Electronics,5,Pending,Social Media,East,P-728,SKU-3767,45.62,6.94,18.25,Returning,PayPal
ORD-24575,CUST-9831,SESS-29575,CART-26575,2025-11-20,383.78,152.98,39.55,Beauty,4,Pending,Web,South,P-497,SKU-1915,95.95,11.17,30.70,New,PayPal
ORD-24576,CUST-9831,SESS-29576,CART-26576,2026-01-03,490.61,174.01,22.77,Beauty,5,Completed,Mobile App,International,P-680,SKU-4572,98.12,18.90,39.25,VIP,PayPal
ORD-24577,CUST-9831,SESS-29577,CART-26577,2023-11-13,417.64,227.56,44.14,Fashion,4,Pending,Affiliate,North,P-271,SKU-2524,104.41,12.65,33.41,New,Credit Card
ORD-24578,CUST-9832,SESS-29578,CART-26578,2024-05-19,406.38,154.93,32.48,Electronics,4,Completed,Affiliate,North,P-892,SKU-1769,101.59,5.40,32.51,New,Credit Card
ORD-24579,CUST-9832,SESS-29579,CART-26579,1755109842711,123.53,72.18,13.80,Sports,3,Pending,Affiliate,North,P-163,SKU-4196,41.18,2.58,9.88,New,Debit Card
ORD-24580,CUST-9833,SESS-29580,CART-26580,2024-11-28,426.27,194.89,35.24,Sports,2,Pending,Social Media,West,P-989,SKU-280,213.13,10.96,34.10,New,Crypto
ORD-24581,CUST-9833,SESS-29581,CART-26581,2024-11-01,449.23,219.84,1.35,Home,1,Pending,Web,West,P-870,SKU-4952,449.23,1.29,35.94,Returning,Crypto
ORD-24582,CUST-9833,SESS-29582,CART-26582,2023-07-01,376.65,213.71,30.20,Beauty,2,Completed,Web,East,P-597,SKU-232,188.33,17.44,30.13,New,Credit Card
ORD-24583,CUST-9834,SESS-29583,CART-26583,1727785734082,12.90,5.79,20.05,Home,2,Shipped,Mobile App,East,P-61,SKU-2535,6.45,18.08,1.03,Returning,Credit Card
ORD-24584,CUST-9834,SESS-29584,CART-26584,2024-12-11,NULL,10.35,34.19,Home,4,Returned,Web,South,P-70,SKU-4031,6.46,4.09,2.07,Returning,Crypto
ORD-24585,CUST-9835,SESS-29585,CART-26585,2023-06-22,104.94,40.81,23.51,Electronics,3,Pending,Affiliate,West,P-523,SKU-3907,34.98,5.11,8.40,VIP,Credit Card
ORD-24586,CUST-9835,SESS-29586,CART-26586,2023-07-01,431.66,168.11,40.52,Home,2,Cancelled,Social Media,International,P-494,SKU-4835,215.83,18.56,34.53,New,PayPal
ORD-24587,CUST-9835,SESS-29587,CART-26587,2024-10-23,447.47,201.00,9.36,Beauty,5,Completed,Mobile App,West,P-74,SKU-4165,89.49,2.48,35.80,Returning,Debit Card
ORD-24588,CUST-9836,SESS-29588,CART-26588,2024-10-14,  436.86  ,161.47,9.37,Fashion,4,Completed,Affiliate,East,P-784,SKU-1128,109.21,17.45,34.95,New,Credit Card
ORD-24589,CUST-9836,SESS-29589,CART-26589,2023-04-08,258.82,153.87,27.34,Sports,1,Returned,Affiliate,International,P-327,SKU-3015,258.82,17.69,20.71,Returning,PayPal
ORD-24590,CUST-9837,SESS-29590,CART-26590,2025-07-28,308.48,100.84,18.10,Home,1,Returned,Web,West,P-182,SKU-4889,308.48,4.22,24.68,Returning,Debit Card
ORD-24591,CUST-9837,SESS-29591,CART-26591,2025-05-08,  190.63  ,76.55,29.93,NULL,2,Cancelled,Mobile App,International,P-228,SKU-2881,95.31,14.78,15.25,VIP,PayPal
ORD-24592,CUST-9837,SESS-29592,CART-26592,2025-10-01,235.24,101.43,3.50,Beauty,2,Cancelled,Web,North,P-449,SKU-1342,117.62,14.60,18.82,VIP,PayPal
ORD-24593,CUST-9838,SESS-29593,CART-26593,2024-04-22,425.67,202.94,37.34,Fashion,1,Shipped,Affiliate,South,P-800,SKU-4104,425.67,10.76,34.05,VIP,Credit Card
ORD-24594,CUST-9838,SESS-29594,CART-26594,2025-01-17,117.38,46.87,37.23,Fashion,2,Shipped,Web,South,P-395,SKU-3163,58.69,11.79,9.39,New,Debit Card
ORD-24595,CUST-9839,SESS-29595,CART-26595,2025-08-17,65.66,22.00,38.54,Fashion,2,Shipped,Web,North,P-898,SKU-1064,32.83,6.66,5.25,Returning,Credit Card
ORD-24596,CUST-9839,SESS-29596,CART-26596,5/9/2025,37.54,22.30,13.23,Electronics,3,Pending,Mobile App,West,P-839,SKU-1075,12.51,5.26,3.00,New,Debit Card
ORD-24597,CUST-9839,SESS-29597,CART-26597,2024-09-06,419.22,231.54,32.53,Beauty,2,Pending,Web,International,P-20,SKU-1939,209.61,10.61,33.54,Returning,Crypto
ORD-24598,CUST-9840,SESS-29598,CART-26598,2023-10-12,156.00,52.32,14.39,Electronics,5,Completed,Mobile App,International,P-890,SKU-1280,31.20,11.02,12.48,VIP,Debit Card
ORD-24599,CUST-9840,SESS-29599,CART-26599,2024-08-31,118.45,70.83,47.74,Electronics,4,Cancelled,Social Media,International,P-722,SKU-3057,29.61,13.39,9.48,Returning,Credit Card
ORD-24600,CUST-9841,SESS-29600,CART-26600,2025-02-07,499.33,250.22,10.54,Home,3,Cancelled,Social Media,South,P-870,SKU-2085,166.44,13.21,39.95,Returning,Credit Card
ORD-24601,CUST-9841,SESS-29601,CART-26601,2023-08-19,75.23,31.81,26.49,Electronics,1,Cancelled,Web,North,P-626,SKU-2195,75.23,16.53,6.02,New,Crypto
ORD-24602,CUST-9841,SESS-29602,CART-26602,2023-06-19,147.17,83.51,31.61,Sports,3,Cancelled,Web,International,P-145,SKU-4224,49.06,7.40,11.77,New,PayPal
ORD-24603,CUST-9842,SESS-29603,CART-26603,2023-06-28,169.09,87.12,7.27,Sports,1,Completed,Social Media,West,P-954,SKU-4316,169.09,15.50,13.53,VIP,Debit Card
ORD-24604,CUST-9842,SESS-29604,CART-26604,2024-01-16,478.72,168.84,34.86,Electronics,3,Returned,Web,East,P-317,SKU-4863,159.57,18.89,38.30,VIP,Debit Card
ORD-24605,CUST-9843,SESS-29605,CART-26605,2025-08-10,211.93,89.33,19.69,Beauty,4,Completed,Social Media,International,P-29,SKU-2927,52.98,15.69,16.95,Returning,Crypto
ORD-24606,CUST-9843,SESS-29606,CART-26606,2023-01-03,215.15,66.84,1.45,Home,3,Pending,Affiliate,East,P-935,SKU-543,71.72,16.03,17.21,VIP,Crypto
ORD-24607,CUST-9843,SESS-29607,CART-26607,2023-07-01,474.45,276.56,3.11,Beauty,2,Completed,Web,South,P-846,SKU-2402,237.22,17.43,37.96,VIP,Debit Card
ORD-24608,CUST-9844,SESS-29608,CART-26608,2024-04-18,16.99,5.95,11.90,Electronics,3,Pending,Affiliate,West,P-572,SKU-3924,5.66,11.13,1.36,VIP,Debit Card
ORD-24609,CUST-9844,SESS-29609,CART-26609,2025-05-11,162.41,57.94,37.94,Beauty,4,Pending,Social Media,International,P-574,SKU-2970,40.60,9.88,12.99,New,PayPal
ORD-24610,CUST-9845,SESS-29610,CART-26610,2024-07-29,296.22,148.09,20.60,Beauty,2,Completed,Affiliate,International,P-478,SKU-4838,148.11,8.65,23.70,Returning,Debit Card
ORD-24611,CUST-9845,SESS-29611,CART-26611,2025-01-10,35.73,21.41,14.09,Beauty,4,Shipped,Affiliate,South,P-728,SKU-3325,8.93,11.42,2.86,New,Debit Card
ORD-24612,CUST-9845,SESS-29612,CART-26612,2025-03-14,303.39,103.82,25.63,Sports,1,Shipped,Social Media,West,P-643,SKU-1790,303.39,3.41,24.27,VIP,Credit Card
ORD-24613,CUST-9846,SESS-29613,CART-26613,2025-11-08,473.02,224.04,4.80,Home,5,Completed,Web,South,P-215,SKU-4440,94.60,8.28,37.84,Returning,Credit Card
ORD-24614,CUST-9846,SESS-29614,CART-26614,2023-09-10,428.51,168.39,18.38,Sports,3,Returned,Web,West,P-521,SKU-1408,142.84,13.63,34.28,VIP,Credit Card
ORD-24615,CUST-9847,SESS-29615,CART-26615,2025-11-13,211.60,102.65,0.45,Electronics,2,Returned,Affiliate,International,P-477,SKU-3574,105.80,13.45,16.93,Returning,PayPal
ORD-24616,CUST-9847,SESS-29616,CART-26616,2023-04-19,375.94,130.65,38.40,Fashion,3,Shipped,Social Media,South,P-860,SKU-4814,125.31,6.82,30.07,VIP,PayPal
ORD-24617,CUST-9847,SESS-29617,CART-26617,2023-06-10,201.77,93.98,26.41,Electronics,3,Shipped,Affiliate,South,P-854,SKU-2903,67.26,10.40,16.14,New,PayPal
ORD-24618,CUST-9848,SESS-29618,CART-26618,2023-03-10,140.11,60.11,21.00,Fashion,1,Completed,Mobile App,South,P-518,SKU-2878,140.11,10.40,11.21,Returning,Debit Card
ORD-24619,CUST-9848,SESS-29619,CART-26619,2025-11-06,502.81,300.92,11.11,,2,Shipped,Web,West,P-448,SKU-3889,251.41,17.43,40.23,New,PayPal
ORD-24620,CUST-9849,SESS-29620,CART-26620,2025-06-27,149.52,72.07,16.79,Electronics,4,Shipped,Social Media,East,P-443,SKU-1009,37.38,2.25,11.96,Returning,PayPal
ORD-24621,CUST-9849,SESS-29621,CART-26621,2024-02-01,178.77,106.78,44.10,Beauty,4,Pending,Affiliate,International,P-682,SKU-745,44.69,2.56,14.30,New,Crypto
ORD-24622,CUST-9849,SESS-29622,CART-26622,2024-09-02,233.31,111.53,40.05,,4,Completed,Affiliate,North,P-830,SKU-3032,58.33,4.27,18.66,New,Debit Card
ORD-24623,CUST-9850,SESS-29623,CART-26623,2024-05-18,102.43,54.24,36.11,Beauty,4,Returned,Mobile App,West,P-232,SKU-3378,25.61,19.80,8.19,Returning,Credit Card
ORD-24624,CUST-9850,SESS-29624,CART-26624,2023-03-31,321.07,118.09,18.83,Sports,1,Completed,Mobile App,International,P-747,SKU-3998,321.07,16.48,25.69,VIP,PayPal
ORD-24625,CUST-9851,SESS-29625,CART-26625,2025-12-04,128.44,66.66,48.01,Home,1,Returned,Mobile App,East,P-86,SKU-1409,128.44,1.54,10.27,VIP,Crypto
ORD-24626,CUST-9851,SESS-29626,CART-26626,2024-06-25,173.92,72.01,3.31,Fashion,4,Returned,Web,West,P-963,SKU-699,43.48,11.89,13.91,VIP,Debit Card
ORD-24627,CUST-9851,SESS-29627,CART-26627,2023-08-24,395.03,204.60,45.97,Electronics,3,Returned,Affiliate,West,P-518,SKU-3976,131.68,14.69,31.60,VIP,Credit Card
ORD-24628,CUST-9852,SESS-29628,CART-26628,2026-02-15,475.47,257.38,41.07,Sports,4,Completed,Social Media,International,P-343,SKU-3588,118.87,0.22,38.04,New,Debit Card
ORD-24629,CUST-9852,SESS-29629,CART-26629,2024-12-28,342.77,202.55,18.46,Fashion,4,Returned,Web,South,P-471,SKU-1261,85.69,12.64,27.42,VIP,PayPal
ORD-24630,CUST-9853,SESS-29630,CART-26630,2025-01-09,498.70,184.61,10.53,Home,2,Pending,Social Media,West,P-647,SKU-981,249.35,11.93,39.90,Returning,Credit Card
ORD-24631,CUST-9853,SESS-29631,CART-26631,2025-07-07,306.75,115.06,3.95,Fashion,1,Completed,Affiliate,West,P-873,SKU-2253,306.75,15.38,24.54,New,Credit Card
ORD-24632,CUST-9853,SESS-29632,CART-26632,2024-06-04,356.65,213.03,35.48,Fashion,3,Shipped,Mobile App,East,P-254,SKU-3714,118.88,4.39,28.53,VIP,Credit Card
ORD-24633,CUST-9854,SESS-29633,CART-26633,2023-07-09,449.92,204.53,40.95,  beauty  ,4,Cancelled,Affiliate,East,P-482,SKU-1366,112.48,18.23,35.99,Returning,Debit Card
ORD-24634,CUST-9854,SESS-29634,CART-26634,8/28/2024,331.23,123.43,48.43,Beauty,3,Completed,Web,East,P-171,SKU-1512,110.41,13.55,26.50,Returning,Crypto
ORD-24635,CUST-9855,SESS-29635,CART-26635,2023-12-07,508.11,275.76,4.64,Electronics,5,Cancelled,Affiliate,East,P-490,SKU-708,101.62,17.96,40.65,New,PayPal
ORD-24636,CUST-9855,SESS-29636,CART-26636,2024-12-14,190.85,99.24,38.91,Electronics,2,Returned,Affiliate,South,P-731,SKU-4868,95.42,5.75,15.27,VIP,Credit Card
ORD-24637,CUST-9855,SESS-29637,CART-26637,2024-01-15,368.63,113.50,47.74,Home,1,Shipped,Social Media,International,P-873,SKU-2854,368.63,14.73,29.49,VIP,Debit Card
ORD-24638,CUST-9856,SESS-29638,CART-26638,2024-06-15,151.38,58.94,29.34,Electronics,1,Cancelled,Mobile App,International,P-204,SKU-4876,151.38,13.70,12.11,Returning,Credit Card
ORD-24639,CUST-9856,SESS-29639,CART-26639,2025-01-07,452.62,219.25,5.90,Fashion,1,Cancelled,Social Media,North,P-25,SKU-1163,452.62,0.54,36.21,VIP,Debit Card
ORD-24640,CUST-9857,SESS-29640,CART-26640,2023-04-30,120.57,69.46,27.08,Fashion,2,Cancelled,Social Media,North,P-616,SKU-4409,60.28,11.91,9.65,VIP,Crypto
ORD-24641,CUST-9857,SESS-29641,CART-26641,2025-04-22,391.11,217.40,26.95,Fashion,3,Returned,Affiliate,South,P-487,SKU-3608,130.37,10.26,31.29,Returning,Debit Card
ORD-24642,CUST-9857,SESS-29642,CART-26642,2023-05-09,233.10,132.57,41.01,Sports,3,Cancelled,Mobile App,International,P-701,SKU-3454,77.70,7.80,18.65,Returning,Crypto
ORD-24643,CUST-9858,SESS-29643,CART-26643,2023-10-01,360.81,201.69,18.28,Sports,3,Shipped,Web,North,P-254,SKU-3255,120.27,15.98,28.86,VIP,Debit Card
ORD-24644,CUST-9858,SESS-29644,CART-26644,2025-07-15,28.42,10.39,5.47,Fashion,2,Pending,Web,South,P-254,SKU-1621,14.21,8.31,2.27,New,PayPal
ORD-24645,CUST-9859,SESS-29645,CART-26645,11/1/2024,150.95,84.43,42.52,Home,1,Returned,Social Media,International,P-271,SKU-2486,150.95,0.35,12.08,New,Credit Card
ORD-24646,CUST-9859,SESS-29646,CART-26646,2025-01-20,367.98,205.77,31.50,Home,2,Returned,Web,South,P-966,SKU-4600,183.99,8.11,29.44,VIP,Credit Card
ORD-24647,CUST-9859,SESS-29647,CART-26647,2024-10-23,167.08,98.50,11.33,Electronics,3,Completed,Social Media,International,P-534,SKU-2933,55.69,8.66,13.37,VIP,Credit Card
ORD-24648,CUST-9860,SESS-29648,CART-26648,2025-07-03,112.02,51.81,25.55,Fashion,5,Cancelled,Social Media,International,P-576,SKU-1057,22.40,13.53,8.96,New,Debit Card
ORD-24649,CUST-9860,SESS-29649,CART-26649,2/9/2024,129.18,68.65,28.31,Beauty,4,Completed,Affiliate,East,P-633,SKU-817,32.30,0.21,10.33,Returning,Credit Card
ORD-24650,CUST-9861,SESS-29650,CART-26650,2024-03-27,456.28,166.54,17.45,Electronics,1,Completed,Affiliate,International,P-801,SKU-3322,456.28,0.83,36.50,VIP,Debit Card
ORD-24651,CUST-9861,SESS-29651,CART-26651,2024-08-22,94.98,41.42,25.95,Fashion,4,Cancelled,Social Media,International,P-537,SKU-3219,23.74,8.20,7.60,New,Crypto
ORD-24652,CUST-9861,SESS-29652,CART-26652,2024-01-09,377.90,117.33,48.06,Sports,2,Cancelled,Mobile App,East,P-438,SKU-264,188.95,14.36,30.23,Returning,Credit Card
ORD-24653,CUST-9862,SESS-29653,CART-26653,2026-01-12,76.07,25.43,25.16,Electronics,5,Shipped,Social Media,West,P-150,SKU-3168,15.21,15.82,6.09,New,Credit Card
ORD-24654,CUST-9862,SESS-29654,CART-26654,2023-06-03,168.04,68.57,4.91,Home,4,Cancelled,Mobile App,South,P-27,SKU-4608,42.01,17.38,13.44,VIP,Crypto
ORD-24655,CUST-9863,SESS-29655,CART-26655,2025-04-11,156.98,56.97,32.69,Sports,4,Completed,Mobile App,South,P-333,SKU-1529,39.24,15.65,12.56,New,Crypto
ORD-24656,CUST-9863,SESS-29656,CART-26656,2023-11-16,443.93,195.43,25.42,Fashion,2,Shipped,Affiliate,North,P-219,SKU-2547,221.97,5.02,35.51,Returning,Debit Card
ORD-24657,CUST-9863,SESS-29657,CART-26657,2023-03-18,65.72,20.56,34.65,Beauty,3,Pending,Mobile App,International,P-423,SKU-3608,21.91,1.02,5.26,New,Credit Card
ORD-24658,CUST-9864,SESS-29658,CART-26658,2025-07-17,35.41,15.61,18.98,Sports,2,Returned,Affiliate,North,P-860,SKU-3219,17.70,3.41,2.83,Returning,Credit Card
ORD-24659,CUST-9864,SESS-29659,CART-26659,2024-03-31,494.62,280.32,29.73,Fashion,2,Returned,Web,West,P-573,SKU-2680,247.31,11.14,39.57,New,PayPal
ORD-24660,CUST-9865,SESS-29660,CART-26660,2024-10-31,395.25,160.58,3.92,Electronics,3,Returned,Web,West,P-430,SKU-4044,131.75,4.01,31.62,New,Crypto
ORD-24661,CUST-9865,SESS-29661,CART-26661,2025-08-06,109.67,34.50,44.25,Beauty,5,Pending,Web,West,P-299,SKU-2914,21.93,8.99,8.77,Returning,Crypto
ORD-24662,CUST-9865,SESS-29662,CART-26662,2024-04-27,137.11,49.78,20.71,Fashion,1,Cancelled,Mobile App,South,P-268,SKU-2262,137.11,16.68,10.97,Returning,Debit Card
ORD-24663,CUST-9866,SESS-29663,CART-26663,2024-01-24,51.91,25.82,41.35,Fashion,1,Completed,Social Media,North,P-604,SKU-915,51.91,12.91,4.15,VIP,Credit Card
ORD-24664,CUST-9866,SESS-29664,CART-26664,2025-12-23,486.38,230.74,25.95,Beauty,5,Pending,Mobile App,South,P-395,SKU-4902,97.28,3.30,38.91,New,PayPal
ORD-24665,CUST-9867,SESS-29665,CART-26665,12/8/2024,394.38,122.34,44.80,Home,1,Cancelled,Web,East,P-352,SKU-1881,394.38,8.89,31.55,VIP,Credit Card
ORD-24666,CUST-9867,SESS-29666,CART-26666,2024-10-18,187.49,91.35,32.95,Fashion,2,Completed,Web,West,P-718,SKU-3027,93.75,9.24,15.00,New,PayPal
ORD-24667,CUST-9867,SESS-29667,CART-26667,2025-02-11,130.04,69.09,34.79,Fashion,1,Pending,Mobile App,South,P-328,SKU-2274,130.04,16.70,10.40,New,PayPal
ORD-24668,CUST-9868,SESS-29668,CART-26668,2025-10-28,422.18,131.40,44.34,Electronics,2,Returned,Affiliate,East,P-532,SKU-368,211.09,2.55,33.77,VIP,Credit Card
ORD-24669,CUST-9868,SESS-29669,CART-26669,2024-01-22,92.15,32.76,29.97,Beauty,5,Returned,Web,International,P-904,SKU-551,18.43,9.40,7.37,Returning,Crypto
ORD-24670,CUST-9869,SESS-29670,CART-26670,2023-06-20,216.30,79.95,8.24,Home,3,Returned,Mobile App,East,P-446,SKU-4102,72.10,10.69,17.30,New,Debit Card
ORD-24671,CUST-9869,SESS-29671,CART-26671,2023-05-27,50.04,22.97,37.36,Home,4,Shipped,Web,South,P-697,SKU-1293,12.51,9.58,4.00,Returning,Credit Card
ORD-24672,CUST-9869,SESS-29672,CART-26672,2025-03-02,339.50,136.51,46.32,Home,4,Returned,Web,North,P-702,SKU-4414,84.88,13.37,27.16,VIP,Debit Card
ORD-24673,CUST-9870,SESS-29673,CART-26673,2024-05-13,284.47,97.00,31.54,Electronics,3,Pending,Web,East,P-448,SKU-1537,94.82,12.74,22.76,Returning,Debit Card
ORD-24674,CUST-9870,SESS-29674,CART-26674,2023-05-14,427.72,163.91,31.68,Electronics,2,Shipped,Mobile App,North,P-215,SKU-2533,213.86,0.49,34.22,VIP,Crypto
ORD-24675,CUST-9871,SESS-29675,CART-26675,2024-07-11,499.76,291.79,13.28,Fashion,3,Returned,Affiliate,South,P-619,SKU-4710,166.59,6.91,39.98,VIP,Credit Card
ORD-24676,CUST-9871,SESS-29676,CART-26676,6/8/2023,146.40,78.17,42.27,Home,1,Pending,Social Media,International,P-934,SKU-4597,146.40,1.14,11.71,VIP,PayPal
ORD-24677,CUST-9871,SESS-29677,CART-26677,1698281274278,145.94,61.36,32.28,Fashion,2,Returned,Mobile App,South,P-80,SKU-1790,72.97,17.90,11.68,New,Debit Card
ORD-24678,CUST-9872,SESS-29678,CART-26678,1682036971020,484.33,210.43,4.39,Fashion,3,Shipped,Mobile App,North,P-700,SKU-3693,161.44,7.98,38.75,New,Crypto
ORD-24679,CUST-9872,SESS-29679,CART-26679,2024-06-12,428.84,136.45,21.08,Beauty,5,Returned,Affiliate,North,P-199,SKU-3602,85.77,7.07,34.31,Returning,Crypto
ORD-24680,CUST-9873,SESS-29680,CART-26680,2024-02-21,196.01,95.53,11.97,Electronics,2,Cancelled,Social Media,North,P-908,SKU-11,98.00,6.30,15.68,New,Debit Card
ORD-24681,CUST-9873,SESS-29681,CART-26681,2025-04-25,355.95,142.39,35.20,Electronics,1,Completed,Social Media,East,P-161,SKU-1280,355.95,1.17,28.48,New,Debit Card
ORD-24682,CUST-9873,SESS-29682,CART-26682,2023-09-30,115.94,67.56,21.49,Beauty,4,Completed,Mobile App,North,P-455,SKU-4454,28.99,17.15,9.28,Returning,Debit Card
ORD-24683,CUST-9874,SESS-29683,CART-26683,2023-10-18,17.25,8.37,45.75,Beauty,1,Cancelled,Mobile App,East,P-773,SKU-2157,17.25,15.51,1.38,New,Crypto
ORD-24684,CUST-9874,SESS-29684,CART-26684,2024-01-25,169.12,91.59,39.00,  sports  ,5,Returned,Affiliate,East,P-636,SKU-1131,33.82,19.13,13.53,New,Credit Card
ORD-24685,CUST-9875,SESS-29685,CART-26685,2024-03-17,439.10,237.28,38.16,Home,4,Cancelled,Affiliate,International,P-483,SKU-2907,109.78,1.33,35.13,VIP,Crypto
ORD-24686,CUST-9875,SESS-29686,CART-26686,2025-04-18,79.65,39.33,15.63,Fashion,4,Completed,Mobile App,International,P-132,SKU-1541,19.91,3.34,6.37,New,Credit Card
ORD-24687,CUST-9875,SESS-29687,CART-26687,2024-05-18,482.95,275.08,24.02,Electronics,1,Cancelled,Web,International,P-904,SKU-97,482.95,12.70,38.64,New,Credit Card
ORD-24688,CUST-9876,SESS-29688,CART-26688,2023-05-25,468.02,238.88,22.43,  electronics  ,5,Cancelled,Social Media,International,P-383,SKU-2835,93.60,6.09,37.44,VIP,Credit Card
ORD-24689,CUST-9876,SESS-29689,CART-26689,2024-02-01,418.78,187.26,3.49,Sports,2,Pending,Mobile App,West,P-526,SKU-3707,209.39,2.25,33.50,VIP,Credit Card
ORD-24690,CUST-9877,SESS-29690,CART-26690,1677461198326,371.76,116.98,12.48,Electronics,1,Completed,Web,North,P-768,SKU-2797,371.76,4.64,29.74,New,PayPal
ORD-24691,CUST-9877,SESS-29691,CART-26691,2025-03-26,84.82,37.87,49.15,Fashion,5,Pending,Mobile App,International,P-559,SKU-246,16.96,13.93,6.79,Returning,Crypto
ORD-24692,CUST-9877,SESS-29692,CART-26692,2025-10-15,364.91,170.80,10.37,Beauty,1,Cancelled,Web,West,P-775,SKU-2609,364.91,19.62,29.19,Returning,Credit Card
ORD-24693,CUST-9878,SESS-29693,CART-26693,2025-07-21,80.99,47.26,9.44,Sports,4,Pending,Mobile App,North,P-909,SKU-277,20.25,7.04,6.48,Returning,Credit Card
ORD-24694,CUST-9878,SESS-29694,CART-26694,1768217759462,242.11,94.91,29.68,Sports,1,Pending,Mobile App,International,P-987,SKU-3070,242.11,14.45,19.37,VIP,Credit Card
ORD-24695,CUST-9879,SESS-29695,CART-26695,2023-08-27,18.77,10.65,19.32,Home,2,Cancelled,Mobile App,East,P-657,SKU-2913,9.38,14.11,1.50,New,Debit Card
ORD-24696,CUST-9879,SESS-29696,CART-26696,2025-04-24,499.70,150.35,5.24,Beauty,4,Returned,Social Media,South,P-680,SKU-2468,124.93,15.08,39.98,Returning,PayPal
ORD-24697,CUST-9879,SESS-29697,CART-26697,2024-10-15,74.98,41.74,20.91,Fashion,1,Shipped,Affiliate,International,P-995,SKU-1830,74.98,13.12,6.00,New,Credit Card
ORD-24698,CUST-9880,SESS-29698,CART-26698,2023-03-25,198.81,76.00,33.68,Electronics,4,Cancelled,Web,West,P-656,SKU-1078,49.70,15.86,15.91,New,Crypto
ORD-24699,CUST-9880,SESS-29699,CART-26699,2024-01-18,75.91,40.14,33.84,Beauty,5,Cancelled,Web,West,P-789,SKU-2021,15.18,5.37,6.07,VIP,Debit Card
ORD-24700,CUST-9881,SESS-29700,CART-26700,2023-08-05,401.43,199.80,2.37,Electronics,3,Completed,Affiliate,North,P-423,SKU-4894,133.81,8.57,32.11,New,PayPal
ORD-24701,CUST-9881,SESS-29701,CART-26701,2023-10-04,358.09,142.58,22.28,Fashion,4,Returned,Social Media,South,P-13,SKU-3947,89.52,8.50,28.65,VIP,PayPal
ORD-24702,CUST-9881,SESS-29702,CART-26702,2023-05-30,165.49,52.25,25.80,Sports,4,Shipped,Affiliate,International,P-298,SKU-4969,41.37,12.16,13.24,New,PayPal
ORD-24703,CUST-9882,SESS-29703,CART-26703,2025-05-26,400.52,192.03,18.88,Sports,1,Returned,Web,West,P-802,SKU-1351,400.52,11.41,32.04,VIP,Credit Card
ORD-24704,CUST-9882,SESS-29704,CART-26704,2023-10-05,487.43,194.77,27.46,Fashion,1,Shipped,Web,North,P-698,SKU-3736,487.43,0.12,38.99,New,Crypto
ORD-24705,CUST-9883,SESS-29705,CART-26705,1745999354330,289.36,135.90,20.70,Beauty,3,Shipped,Mobile App,North,P-993,SKU-3021,96.45,1.39,23.15,Returning,Crypto
ORD-24706,CUST-9883,SESS-29706,CART-26706,2023-11-12,438.54,243.42,15.24,Home,5,Pending,Affiliate,South,P-452,SKU-4415,87.71,10.82,35.08,New,Debit Card
ORD-24707,CUST-9883,SESS-29707,CART-26707,2023-12-21,91.18,36.91,8.75,Sports,5,Returned,Web,International,P-164,SKU-961,18.24,14.68,7.29,New,Debit Card
ORD-24708,CUST-9884,SESS-29708,CART-26708,2025-09-09,17.03,9.85,13.19,Electronics,5,Pending,Web,East,P-977,SKU-3121,3.41,6.19,1.36,VIP,Debit Card
ORD-24709,CUST-9884,SESS-29709,CART-26709,2023-01-20,267.06,142.31,2.32,Beauty,1,Shipped,Mobile App,East,P-207,SKU-2979,267.06,0.67,21.36,VIP,Credit Card
ORD-24710,CUST-9885,SESS-29710,CART-26710,2023-09-24,406.42,209.22,18.94,Beauty,2,Cancelled,Mobile App,South,P-568,SKU-4084,203.21,15.58,32.51,Returning,Crypto
ORD-24711,CUST-9885,SESS-29711,CART-26711,2025-01-22,169.17,85.40,27.80,Fashion,5,Completed,Affiliate,North,P-736,SKU-2979,33.83,10.39,13.53,New,Credit Card
ORD-24712,CUST-9885,SESS-29712,CART-26712,2025-06-19,483.65,255.14,0.67,Beauty,1,Returned,Web,International,P-921,SKU-3933,483.65,6.84,38.69,Returning,PayPal
ORD-24713,CUST-9886,SESS-29713,CART-26713,2025-11-27,107.84,63.17,6.50,Fashion,3,Returned,Web,North,P-812,SKU-4875,35.95,4.40,8.63,Returning,Debit Card
ORD-24714,CUST-9886,SESS-29714,CART-26714,2023-01-06,86.12,45.72,6.95,Beauty,1,Completed,Web,South,P-889,SKU-273,86.12,1.93,6.89,New,Credit Card
ORD-24715,CUST-9887,SESS-29715,CART-26715,2025-11-11,249.90,76.35,43.15,Beauty,NULL,Completed,Affiliate,North,P-900,SKU-2020,249.90,7.77,19.99,Returning,Crypto
ORD-24716,CUST-9887,SESS-29716,CART-26716,2024-09-11,481.06,174.38,27.38,Sports,5,Shipped,Web,West,P-742,SKU-4898,96.21,10.20,38.48,VIP,Credit Card
ORD-24717,CUST-9887,SESS-29717,CART-26717,2024-03-19,313.63,99.36,46.60,Fashion,1,Returned,Affiliate,International,P-653,SKU-1158,313.63,2.50,25.09,New,Credit Card
ORD-24718,CUST-9888,SESS-29718,CART-26718,2023-05-13,265.73,127.13,47.05,Beauty,4,Cancelled,Web,International,P-117,SKU-2357,66.43,17.25,21.26,New,Crypto
ORD-24719,CUST-9888,SESS-29719,CART-26719,2024-05-03,183.93,91.78,47.43,Electronics,5,Completed,Affiliate,North,P-514,SKU-577,36.79,7.59,14.71,New,Credit Card
ORD-24720,CUST-9889,SESS-29720,CART-26720,2024-01-11,440.70,214.41,10.77,Beauty,2,Shipped,Affiliate,International,P-101,SKU-218,220.35,12.09,35.26,Returning,Crypto
ORD-24721,CUST-9889,SESS-29721,CART-26721,6/13/2025,307.29,176.44,37.58,Electronics,4,Pending,Social Media,International,P-897,SKU-1258,76.82,18.06,24.58,VIP,Credit Card
ORD-24722,CUST-9889,SESS-29722,CART-26722,2025-11-03,507.13,197.89,3.29,Sports,2,Cancelled,Affiliate,West,P-695,SKU-1293,253.57,19.50,40.57,VIP,Crypto
ORD-24723,CUST-9890,SESS-29723,CART-26723,2024-12-21,145.18,50.54,38.67,Beauty,5,Completed,Affiliate,West,P-48,SKU-622,29.04,15.56,11.61,VIP,PayPal
ORD-24724,CUST-9890,SESS-29724,CART-26724,5/20/2023,171.64,69.98,4.91,Electronics,3,Shipped,Web,South,P-330,SKU-2499,57.21,10.27,13.73,New,Credit Card
ORD-24725,CUST-9891,SESS-29725,CART-26725,2024-04-09,269.28,89.23,10.55,Beauty,3,Returned,Social Media,North,P-159,SKU-752,89.76,7.32,21.54,New,Debit Card
ORD-24726,CUST-9891,SESS-29726,CART-26726,2025-05-22,191.76,90.98,47.45,Fashion,1,Returned,Affiliate,West,P-293,SKU-1623,191.76,6.72,15.34,Returning,PayPal
ORD-24727,CUST-9891,SESS-29727,CART-26727,2023-07-20,30.95,9.42,24.30,Beauty,3,Shipped,Web,East,P-285,SKU-1509,10.32,18.77,2.48,VIP,Crypto
ORD-24728,CUST-9892,SESS-29728,CART-26728,2023-06-01,50.33,29.33,44.92,Electronics,5,Pending,Web,International,P-784,SKU-2437,10.07,16.55,4.03,VIP,Debit Card
ORD-24729,CUST-9892,SESS-29729,CART-26729,2026-03-09,113.28,57.75,20.78,Electronics,4,Returned,Mobile App,International,P-670,SKU-531,28.32,18.15,9.06,New,Crypto
ORD-24730,CUST-9893,SESS-29730,CART-26730,9/2/2024,177.70,81.38,34.14,Beauty,2,Cancelled,Mobile App,East,P-604,SKU-682,88.85,15.85,14.22,New,Debit Card
ORD-24731,CUST-9893,SESS-29731,CART-26731,2024-02-18,166.31,68.24,14.58,Sports,3,Shipped,Social Media,North,P-599,SKU-734,55.44,1.42,13.31,VIP,Crypto
ORD-24732,CUST-9893,SESS-29732,CART-26732,2025-07-08,88.67,42.92,28.92,Home,2,Pending,Affiliate,South,P-361,SKU-3222,44.34,6.35,7.09,VIP,Debit Card
ORD-24733,CUST-9894,SESS-29733,CART-26733,2025-06-27,281.38,161.28,12.22,Fashion,1,Shipped,Mobile App,North,P-822,SKU-3512,281.38,12.48,22.51,VIP,Debit Card
ORD-24734,CUST-9894,SESS-29734,CART-26734,2023-11-20,255.57,89.32,22.12,Home,5,Completed,Social Media,International,P-737,SKU-2288,51.11,17.25,20.45,Returning,Crypto
ORD-24735,CUST-9895,SESS-29735,CART-26735,4/8/2023,111.74,43.45,33.15,  fashion  ,3,Pending,Mobile App,East,P-630,SKU-3072,37.25,12.75,8.94,Returning,PayPal
ORD-24736,CUST-9895,SESS-29736,CART-26736,2024-10-05,,154.15,39.01,Sports,5,Returned,Web,North,P-234,SKU-236,57.35,17.86,22.94,New,Debit Card
ORD-24737,CUST-9895,SESS-29737,CART-26737,2025-08-09,412.22,177.41,15.19,Electronics,4,Returned,Web,West,P-673,SKU-4565,103.05,8.08,32.98,Returning,Debit Card
ORD-24738,CUST-9896,SESS-29738,CART-26738,2023-09-28,480.42,238.01,46.74,Sports,5,Completed,Web,West,P-674,SKU-1285,96.08,19.69,38.43,Returning,Debit Card
ORD-24739,CUST-9896,SESS-29739,CART-26739,2023-10-23,327.79,132.85,16.29,Beauty,2,Shipped,Social Media,East,P-157,SKU-1607,163.90,9.68,26.22,New,Crypto
ORD-24740,CUST-9897,SESS-29740,CART-26740,2024-11-22,361.67,169.60,9.19,Home,5,Completed,Affiliate,West,P-885,SKU-4386,72.33,3.47,28.93,Returning,Credit Card
ORD-24741,CUST-9897,SESS-29741,CART-26741,2023-07-31,45.05,19.50,48.91,Electronics,4,Shipped,Mobile App,International,P-899,SKU-1696,11.26,16.29,3.60,VIP,Crypto
ORD-24742,CUST-9897,SESS-29742,CART-26742,2023-05-18,320.50,100.06,3.34,Electronics,1,Shipped,Web,North,P-817,SKU-53,320.50,18.93,25.64,Returning,PayPal
ORD-24743,CUST-9898,SESS-29743,CART-26743,2026-02-20,128.95,40.58,1.56,Electronics,4,Completed,Web,International,P-205,SKU-3200,32.24,17.28,10.32,VIP,PayPal
ORD-24744,CUST-9898,SESS-29744,CART-26744,4/11/2024,297.13,105.18,6.78,Electronics,4,Completed,Web,West,P-849,SKU-2595,74.28,16.33,23.77,VIP,Credit Card
ORD-24745,CUST-9899,SESS-29745,CART-26745,2024-11-24,195.53,77.49,28.90,Home,2,Shipped,Social Media,East,P-677,SKU-2907,97.77,10.91,15.64,New,PayPal
ORD-24746,CUST-9899,SESS-29746,CART-26746,2025-06-26,219.76,74.63,40.17,Electronics,3,Returned,Web,International,P-237,SKU-4472,73.25,6.18,17.58,VIP,Debit Card
ORD-24747,CUST-9899,SESS-29747,CART-26747,2023-06-18,474.41,264.68,48.41,Beauty,1,Completed,Social Media,International,P-9,SKU-2060,474.41,7.96,37.95,Returning,Debit Card
ORD-24748,CUST-9900,SESS-29748,CART-26748,2023-02-20,160.16,57.76,23.69,Fashion,4,Returned,Web,East,P-479,SKU-536,40.04,12.34,12.81,VIP,Crypto
ORD-24749,CUST-9900,SESS-29749,CART-26749,2024-04-20,481.12,240.31,16.97,Electronics,2,Completed,Web,West,P-476,SKU-1091,240.56,8.59,38.49,VIP,Debit Card
ORD-24750,CUST-9901,SESS-29750,CART-26750,2023-07-15,266.24,111.60,46.29,Beauty,5,Returned,Web,International,P-822,SKU-386,53.25,5.06,21.30,VIP,PayPal
ORD-24751,CUST-9901,SESS-29751,CART-26751,2024-11-19,156.75,77.36,46.53,Fashion,2,Pending,Mobile App,South,P-753,SKU-656,78.37,2.25,12.54,New,Debit Card
ORD-24752,CUST-9901,SESS-29752,CART-26752,2023-09-01,352.86,137.41,26.79,Electronics,3,Shipped,Social Media,East,P-102,SKU-4098,117.62,2.70,28.23,VIP,Crypto
ORD-24753,CUST-9902,SESS-29753,CART-26753,2023-06-05,122.83,42.13,8.67,Sports,4,Completed,Affiliate,East,P-771,SKU-3974,30.71,2.39,9.83,VIP,PayPal
ORD-24754,CUST-9902,SESS-29754,CART-26754,1703513636807,73.50,36.47,8.72,Fashion,5,Returned,Social Media,North,P-447,SKU-1512,14.70,0.85,5.88,Returning,Debit Card
ORD-24755,CUST-9903,SESS-29755,CART-26755,2025-04-25,382.13,145.92,38.39,Electronics,4,Completed,Social Media,International,P-936,SKU-3475,95.53,12.86,30.57,New,Crypto
ORD-24756,CUST-9903,SESS-29756,CART-26756,2023-04-08,359.39,172.12,47.98,Sports,4,Returned,Mobile App,North,P-292,SKU-2060,89.85,0.04,28.75,VIP,PayPal
ORD-24757,CUST-9903,SESS-29757,CART-26757,2026-01-09,70.35,40.21,7.51,Home,4,Completed,Social Media,West,P-360,SKU-1548,17.59,0.24,5.63,Returning,Credit Card
ORD-24758,CUST-9904,SESS-29758,CART-26758,2023-10-08,59.41,28.67,32.64,Home,5,Returned,Affiliate,South,P-367,SKU-1502,11.88,5.80,4.75,VIP,Debit Card
ORD-24759,CUST-9904,SESS-29759,CART-26759,2025-06-07,84.76,26.41,47.15,Fashion,1,Pending,Affiliate,North,P-514,SKU-917,84.76,12.44,6.78,VIP,Crypto
ORD-24760,CUST-9905,SESS-29760,CART-26760,2024-01-20,161.79,85.90,11.69,Beauty,1,Completed,Affiliate,International,P-727,SKU-4646,161.79,19.97,12.94,VIP,Debit Card
ORD-24761,CUST-9905,SESS-29761,CART-26761,2023-11-28,418.72,144.27,24.73,Beauty,1,Pending,Social Media,East,P-909,SKU-726,418.72,16.87,33.50,Returning,PayPal
ORD-24762,CUST-9905,SESS-29762,CART-26762,2025-01-13,147.51,68.65,34.89,Electronics,2,Completed,Social Media,South,P-953,SKU-809,73.76,17.97,11.80,VIP,Crypto
ORD-24763,CUST-9906,SESS-29763,CART-26763,2024-10-19,77.49,31.59,6.54,Electronics,1,Pending,Social Media,South,P-807,SKU-4886,77.49,5.01,6.20,Returning,Crypto
ORD-24764,CUST-9906,SESS-29764,CART-26764,2024-10-16,347.09,113.21,32.21,Fashion,5,Completed,Mobile App,International,P-432,SKU-3383,69.42,10.83,27.77,New,PayPal
ORD-24765,CUST-9907,SESS-29765,CART-26765,2025-10-14,462.46,226.97,0.04,Beauty,5,Returned,Affiliate,International,P-628,SKU-4469,92.49,19.85,37.00,Returning,Debit Card
ORD-24766,CUST-9907,SESS-29766,CART-26766,2024-09-28,33.49,17.03,9.75,Sports,1,Shipped,Mobile App,North,P-284,SKU-386,33.49,8.36,2.68,Returning,Debit Card
ORD-24767,CUST-9907,SESS-29767,CART-26767,2025-03-17,167.99,90.51,1.42,Home,4,Completed,Web,West,P-112,SKU-2096,42.00,14.21,13.44,Returning,Crypto
ORD-24768,CUST-9908,SESS-29768,CART-26768,2025-05-23,  231.02  ,129.48,24.39,Electronics,3,Cancelled,Mobile App,West,P-649,SKU-440,77.01,2.57,18.48,New,Crypto
ORD-24769,CUST-9908,SESS-29769,CART-26769,2023-06-17,350.43,172.23,20.37,Electronics,5,Cancelled,Affiliate,International,P-304,SKU-2143,70.09,10.80,28.03,New,Crypto
ORD-24770,CUST-9909,SESS-29770,CART-26770,2024-01-25,178.89,58.11,17.16,Fashion,4,Shipped,Social Media,North,P-47,SKU-3454,44.72,8.88,14.31,Returning,Credit Card
ORD-24771,CUST-9909,SESS-29771,CART-26771,2024-04-28,340.80,179.96,44.85,  sports  ,1,Pending,Mobile App,West,P-713,SKU-458,340.80,5.23,27.26,Returning,PayPal
ORD-24772,CUST-9909,SESS-29772,CART-26772,2025-01-11,164.04,72.31,2.94,Home,2,Cancelled,Mobile App,East,P-890,SKU-1384,82.02,19.92,13.12,New,Debit Card
ORD-24773,CUST-9910,SESS-29773,CART-26773,2024-06-21,295.99,129.62,13.28,Home,1,Returned,Mobile App,South,P-733,SKU-2711,295.99,6.73,23.68,Returning,PayPal
ORD-24774,CUST-9910,SESS-29774,CART-26774,2023-12-15,NULL,43.40,48.25,Sports,5,Shipped,Affiliate,International,P-961,SKU-4920,16.57,6.08,6.63,Returning,Debit Card
ORD-24775,CUST-9911,SESS-29775,CART-26775,2023-10-16,405.15,226.58,21.49,Home,3,Completed,Web,International,P-83,SKU-3691,135.05,19.45,32.41,New,Crypto
ORD-24776,CUST-9911,SESS-29776,CART-26776,2025-07-31,78.37,31.14,6.68,Fashion,4,Shipped,Web,West,P-907,SKU-3370,19.59,3.59,6.27,Returning,Debit Card
ORD-24777,CUST-9911,SESS-29777,CART-26777,2024-10-30,342.99,125.84,47.48,Fashion,,Pending,Web,International,P-347,SKU-1955,342.99,15.83,27.44,VIP,Debit Card
ORD-24778,CUST-9912,SESS-29778,CART-26778,2024-02-13,263.33,107.83,38.58,Beauty,4,Pending,Web,East,P-165,SKU-2309,65.83,14.52,21.07,VIP,PayPal
ORD-24779,CUST-9912,SESS-29779,CART-26779,2024-07-18,305.96,128.11,37.60,Beauty,2,Shipped,Social Media,East,P-309,SKU-784,152.98,18.24,24.48,New,PayPal
ORD-24780,CUST-9913,SESS-29780,CART-26780,2025-08-10,379.77,179.98,25.49,Electronics,4,Returned,Web,South,P-71,SKU-1354,94.94,8.70,30.38,VIP,Debit Card
ORD-24781,CUST-9913,SESS-29781,CART-26781,2023-04-03,29.14,17.39,9.44,Home,3,Returned,Web,North,P-859,SKU-3871,9.71,11.81,2.33,New,PayPal
ORD-24782,CUST-9913,SESS-29782,CART-26782,2023-04-25,128.59,74.88,49.73,Home,5,Shipped,Web,West,P-443,SKU-4955,25.72,10.37,10.29,VIP,Credit Card
ORD-24783,CUST-9914,SESS-29783,CART-26783,2024-11-15,362.80,131.40,16.73,Beauty,5,Pending,Affiliate,North,P-208,SKU-1748,72.56,13.16,29.02,Returning,Credit Card
ORD-24784,CUST-9914,SESS-29784,CART-26784,2024-02-26,15.53,7.46,4.58,Fashion,5,Pending,Social Media,East,P-924,SKU-3831,3.11,16.52,1.24,New,Debit Card
ORD-24785,CUST-9915,SESS-29785,CART-26785,2025-03-12,196.25,89.58,2.68,Sports,2,Shipped,Social Media,West,P-741,SKU-924,98.12,4.67,15.70,New,PayPal
ORD-24786,CUST-9915,SESS-29786,CART-26786,2026-02-19,168.98,53.83,5.68,Electronics,2,Completed,Web,North,P-953,SKU-4936,84.49,18.61,13.52,VIP,Crypto
ORD-24787,CUST-9915,SESS-29787,CART-26787,2024-08-02,423.96,227.81,28.31,Electronics,5,Shipped,Mobile App,International,P-708,SKU-2182,84.79,3.21,33.92,New,Credit Card
ORD-24788,CUST-9916,SESS-29788,CART-26788,2024-03-30,225.42,90.98,14.66,Electronics,1,Pending,Affiliate,West,P-923,SKU-2131,225.42,17.55,18.03,VIP,PayPal
ORD-24789,CUST-9916,SESS-29789,CART-26789,7/26/2023,432.04,132.32,14.63,Electronics,3,Returned,Affiliate,South,P-113,SKU-3621,144.01,14.69,34.56,Returning,Credit Card
ORD-24790,CUST-9917,SESS-29790,CART-26790,2023-06-15,509.42,279.82,6.18,Fashion,2,Cancelled,Mobile App,North,P-403,SKU-2989,254.71,15.44,40.75,VIP,Crypto
ORD-24791,CUST-9917,SESS-29791,CART-26791,2024-02-21,346.02,174.63,38.64,Home,2,Pending,Social Media,West,P-171,SKU-3131,173.01,5.70,27.68,New,Crypto
ORD-24792,CUST-9917,SESS-29792,CART-26792,2024-04-13,254.65,86.80,33.80,Beauty,5,Cancelled,Web,West,P-185,SKU-2082,50.93,8.83,20.37,VIP,PayPal
ORD-24793,CUST-9918,SESS-29793,CART-26793,1684973557308,335.81,170.33,46.38,Home,3,Completed,Web,East,P-458,SKU-1348,111.94,10.39,26.86,Returning,PayPal
ORD-24794,CUST-9918,SESS-29794,CART-26794,2024-09-02,271.33,139.78,21.71,Electronics,2,Cancelled,Affiliate,North,P-784,SKU-731,135.66,16.22,21.71,Returning,PayPal
ORD-24795,CUST-9919,SESS-29795,CART-26795,2024-10-07,36.83,12.83,12.25,,2,Shipped,Social Media,North,P-777,SKU-3222,18.41,1.61,2.95,Returning,Crypto
ORD-24796,CUST-9919,SESS-29796,CART-26796,2024-08-08,43.64,18.22,17.53,Sports,3,Completed,Affiliate,South,P-235,SKU-1080,14.55,7.23,3.49,New,Credit Card
ORD-24797,CUST-9919,SESS-29797,CART-26797,2023-08-31,253.58,78.88,46.88,Fashion,4,Shipped,Social Media,North,P-678,SKU-4111,63.40,7.65,20.29,VIP,PayPal
ORD-24798,CUST-9920,SESS-29798,CART-26798,2025-05-24,479.24,251.50,30.48,Electronics,2,Cancelled,Social Media,East,P-918,SKU-2037,239.62,5.06,38.34,New,Credit Card
ORD-24799,CUST-9920,SESS-29799,CART-26799,2025-03-02,503.22,255.72,27.65,Fashion,1,Completed,Web,East,P-938,SKU-2144,503.22,15.04,40.26,VIP,Debit Card
ORD-24800,CUST-9921,SESS-29800,CART-26800,2025-06-11,347.93,174.47,6.10,Beauty,2,Returned,Web,International,P-145,SKU-1096,173.96,15.07,27.83,Returning,PayPal
ORD-24801,CUST-9921,SESS-29801,CART-26801,2024-04-08,355.18,194.92,14.64,Home,2,Shipped,Web,North,P-8,SKU-1094,177.59,14.62,28.41,Returning,Credit Card
ORD-24802,CUST-9921,SESS-29802,CART-26802,5/31/2023,185.78,67.46,25.54,Home,1,Completed,Mobile App,South,P-641,SKU-4600,185.78,4.28,14.86,Returning,Debit Card
ORD-24803,CUST-9922,SESS-29803,CART-26803,2024-12-16,32.25,13.48,10.84,Electronics,4,Shipped,Social Media,West,P-794,SKU-1290,8.06,14.18,2.58,New,Crypto
ORD-24804,CUST-9922,SESS-29804,CART-26804,2024-02-13,372.80,125.07,32.34,Home,1,Cancelled,Affiliate,West,P-786,SKU-953,372.80,0.83,29.82,New,Crypto
ORD-24805,CUST-9923,SESS-29805,CART-26805,2025-12-13,332.69,125.86,5.68,Electronics,5,Shipped,Mobile App,International,P-205,SKU-1170,66.54,6.68,26.61,Returning,Debit Card
ORD-24806,CUST-9923,SESS-29806,CART-26806,10/16/2025,115.38,55.23,39.78,Sports,4,Pending,Affiliate,East,P-123,SKU-4310,28.85,16.41,9.23,New,Crypto
ORD-24807,CUST-9923,SESS-29807,CART-26807,2025-10-07,96.43,37.37,18.83,Home,,Cancelled,Affiliate,South,P-185,SKU-583,96.43,10.64,7.71,New,Crypto
ORD-24808,CUST-9924,SESS-29808,CART-26808,2025-08-27,122.87,52.95,11.60,Electronics,2,Shipped,Web,West,P-104,SKU-3644,61.43,13.68,9.83,Returning,Credit Card
ORD-24809,CUST-9924,SESS-29809,CART-26809,2024-08-04,509.06,270.13,30.83,Beauty,4,Returned,Mobile App,South,P-416,SKU-2835,127.26,8.70,40.72,Returning,Debit Card
ORD-24810,CUST-9925,SESS-29810,CART-26810,2023-06-04,98.82,34.74,4.83,Electronics,1,Pending,Social Media,International,P-948,SKU-2222,98.82,12.79,7.91,New,Debit Card
ORD-24811,CUST-9925,SESS-29811,CART-26811,2024-10-22,197.16,61.90,9.05,Beauty,1,Completed,Web,North,P-608,SKU-1738,197.16,6.52,15.77,Returning,Credit Card
ORD-24812,CUST-9925,SESS-29812,CART-26812,2023-08-23,133.25,50.06,6.55,Sports,4,Returned,Social Media,International,P-999,SKU-1482,33.31,7.14,10.66,VIP,Credit Card
ORD-24813,CUST-9926,SESS-29813,CART-26813,2023-03-07,287.26,91.55,38.77,Beauty,2,Returned,Affiliate,North,P-341,SKU-2175,143.63,18.34,22.98,Returning,PayPal
ORD-24814,CUST-9926,SESS-29814,CART-26814,2024-06-21,19.44,9.35,31.52,Home,5,Pending,Web,North,P-47,SKU-1371,3.89,9.65,1.55,New,Debit Card
ORD-24815,CUST-9927,SESS-29815,CART-26815,2025-07-13,477.75,277.26,5.26,Beauty,5,Shipped,Web,International,P-421,SKU-3324,95.55,12.86,38.22,Returning,PayPal
ORD-24816,CUST-9927,SESS-29816,CART-26816,2023-11-28,451.46,193.24,46.70,Home,4,Pending,Social Media,International,P-128,SKU-1253,112.86,7.69,36.12,VIP,Debit Card
ORD-24817,CUST-9927,SESS-29817,CART-26817,2025-10-04,103.13,39.18,29.79,Sports,2,Pending,Mobile App,East,P-940,SKU-1572,51.57,9.54,8.25,Returning,Debit Card
ORD-24818,CUST-9928,SESS-29818,CART-26818,2024-04-13,102.16,37.31,13.57,Beauty,4,Returned,Web,West,P-662,SKU-1366,25.54,5.56,8.17,Returning,Crypto
ORD-24819,CUST-9928,SESS-29819,CART-26819,2024-09-15,373.26,174.00,12.48,Home,4,Returned,Affiliate,North,P-848,SKU-3131,93.32,17.59,29.86,New,Debit Card
ORD-24820,CUST-9929,SESS-29820,CART-26820,2025-04-27,40.00,22.03,12.86,Electronics,5,Returned,Affiliate,North,P-344,SKU-2831,8.00,17.77,3.20,Returning,Crypto
ORD-24821,CUST-9929,SESS-29821,CART-26821,2025-12-27,72.34,22.79,4.25,Home,4,Completed,Web,South,P-567,SKU-1788,18.08,1.65,5.79,VIP,Debit Card
ORD-24822,CUST-9929,SESS-29822,CART-26822,2023-03-07,491.65,168.74,35.02,Beauty,3,Pending,Affiliate,North,P-3,SKU-1858,163.88,18.43,39.33,VIP,Crypto
ORD-24823,CUST-9930,SESS-29823,CART-26823,2025-05-14,372.71,158.04,7.10,Home,1,Returned,Social Media,South,P-244,SKU-2833,372.71,9.68,29.82,Returning,Credit Card
ORD-24824,CUST-9930,SESS-29824,CART-26824,2025-04-09,16.41,7.31,25.88,Electronics,5,Returned,Mobile App,North,P-788,SKU-3403,3.28,19.40,1.31,Returning,Crypto
ORD-24825,CUST-9931,SESS-29825,CART-26825,2024-09-25,  101.74  ,48.82,48.32,Sports,2,Pending,Social Media,West,P-603,SKU-1171,50.87,11.47,8.14,Returning,PayPal
ORD-24826,CUST-9931,SESS-29826,CART-26826,2025-07-19,427.79,225.30,18.51,Electronics,1,Shipped,Affiliate,South,P-590,SKU-2857,427.79,3.89,34.22,New,Crypto
ORD-24827,CUST-9931,SESS-29827,CART-26827,2025-07-01,300.77,153.73,0.28,Beauty,2,Pending,Social Media,South,P-401,SKU-1587,150.38,12.15,24.06,Returning,Crypto
ORD-24828,CUST-9932,SESS-29828,CART-26828,11/9/2025,71.72,23.05,22.84,Fashion,5,Pending,Affiliate,East,P-947,SKU-4989,14.34,7.08,5.74,VIP,Debit Card
ORD-24829,CUST-9932,SESS-29829,CART-26829,2026-02-14,271.45,130.27,2.05,Fashion,3,Pending,Web,West,P-42,SKU-1318,90.48,12.21,21.72,Returning,Crypto
ORD-24830,CUST-9933,SESS-29830,CART-26830,2023-04-22,177.88,96.31,47.29,,5,Pending,Social Media,East,P-463,SKU-2908,35.58,18.46,14.23,New,Crypto
ORD-24831,CUST-9933,SESS-29831,CART-26831,2025-07-18,74.14,33.34,27.01,Sports,5,Shipped,Social Media,South,P-118,SKU-3677,14.83,11.65,5.93,VIP,PayPal
ORD-24832,CUST-9933,SESS-29832,CART-26832,2023-08-04,427.77,236.19,15.05,Sports,2,Returned,Mobile App,East,P-215,SKU-4741,213.88,13.46,34.22,New,Credit Card
ORD-24833,CUST-9934,SESS-29833,CART-26833,2024-07-23,264.32,110.48,2.50,Electronics,,Returned,Affiliate,North,P-98,SKU-3254,132.16,14.35,21.15,New,Credit Card
ORD-24834,CUST-9934,SESS-29834,CART-26834,2024-04-02,350.99,143.84,17.68,Electronics,3,Returned,Mobile App,West,P-301,SKU-4387,117.00,13.86,28.08,Returning,PayPal
ORD-24835,CUST-9935,SESS-29835,CART-26835,2023-11-23,422.12,137.56,32.62,Fashion,1,Pending,Web,East,P-431,SKU-3880,422.12,10.77,33.77,New,PayPal
ORD-24836,CUST-9935,SESS-29836,CART-26836,2023-11-10,49.51,28.16,9.83,Sports,3,Cancelled,Affiliate,South,P-881,SKU-2322,16.50,11.80,3.96,Returning,Credit Card
ORD-24837,CUST-9935,SESS-29837,CART-26837,2023-10-15,126.93,63.32,38.61,Sports,2,Shipped,Mobile App,South,P-457,SKU-808,63.46,12.49,10.15,New,Debit Card
ORD-24838,CUST-9936,SESS-29838,CART-26838,2025-04-13,457.99,220.62,21.32,Beauty,4,Cancelled,Web,East,P-113,SKU-1975,114.50,3.48,36.64,Returning,Crypto
ORD-24839,CUST-9936,SESS-29839,CART-26839,4/25/2025,408.47,185.84,14.93,Sports,1,Shipped,Web,North,P-169,SKU-2645,408.47,5.18,32.68,VIP,PayPal
ORD-24840,CUST-9937,SESS-29840,CART-26840,2024-12-18,295.45,168.50,22.47,Beauty,1,Shipped,Affiliate,West,P-196,SKU-4881,295.45,15.30,23.64,Returning,Debit Card
ORD-24841,CUST-9937,SESS-29841,CART-26841,2024-03-09,416.83,194.46,19.08,Sports,2,Completed,Web,North,P-643,SKU-1737,208.42,18.40,33.35,VIP,PayPal
ORD-24842,CUST-9937,SESS-29842,CART-26842,8/22/2025,206.04,95.77,29.79,Beauty,3,Pending,Affiliate,North,P-149,SKU-2346,68.68,10.83,16.48,Returning,Crypto
ORD-24843,CUST-9938,SESS-29843,CART-26843,2025-10-30,39.02,18.88,48.04,Beauty,4,Shipped,Social Media,North,P-725,SKU-4890,9.75,4.27,3.12,Returning,Credit Card
ORD-24844,CUST-9938,SESS-29844,CART-26844,2024-11-24,280.69,112.22,3.65,Sports,1,Shipped,Affiliate,North,P-380,SKU-2142,280.69,11.98,22.46,New,Credit Card
ORD-24845,CUST-9939,SESS-29845,CART-26845,2024-01-28,,10.40,40.31,Electronics,4,Returned,Affiliate,International,P-770,SKU-2560,7.23,2.13,2.31,New,Crypto
ORD-24846,CUST-9939,SESS-29846,CART-26846,2025-10-10,243.59,103.91,45.54,Beauty,3,Completed,Web,West,P-331,SKU-2031,81.20,8.52,19.49,VIP,Crypto
ORD-24847,CUST-9939,SESS-29847,CART-26847,2023-09-10,500.37,183.50,48.32,Home,2,Returned,Affiliate,North,P-751,SKU-3309,250.19,8.74,40.03,New,Crypto
ORD-24848,CUST-9940,SESS-29848,CART-26848,2025-06-01,24.99,7.99,9.43,Home,3,Returned,Social Media,North,P-760,SKU-1943,8.33,6.50,2.00,New,PayPal
ORD-24849,CUST-9940,SESS-29849,CART-26849,2024-02-19,NULL,81.83,44.95,Home,3,Cancelled,Mobile App,South,P-636,SKU-538,47.06,7.80,11.30,New,Crypto
ORD-24850,CUST-9941,SESS-29850,CART-26850,2023-09-19,238.64,88.98,9.15,Electronics,2,Returned,Social Media,International,P-385,SKU-3138,119.32,6.37,19.09,VIP,PayPal
ORD-24851,CUST-9941,SESS-29851,CART-26851,2023-02-25,389.76,159.63,46.95,Beauty,2,Returned,Web,East,P-895,SKU-1415,194.88,19.51,31.18,Returning,Credit Card
ORD-24852,CUST-9941,SESS-29852,CART-26852,2024-08-11,368.22,174.79,46.46,Beauty,3,Returned,Mobile App,North,P-866,SKU-1731,122.74,0.04,29.46,New,Debit Card
ORD-24853,CUST-9942,SESS-29853,CART-26853,9/11/2023,279.87,154.10,44.80,Electronics,1,Shipped,Web,West,P-346,SKU-4729,279.87,12.92,22.39,Returning,Crypto
ORD-24854,CUST-9942,SESS-29854,CART-26854,2023-02-22,319.76,161.41,17.88,Beauty,5,Shipped,Web,South,P-644,SKU-4230,63.95,8.99,25.58,VIP,Crypto
ORD-24855,CUST-9943,SESS-29855,CART-26855,2024-07-19,240.49,133.79,13.95,Home,2,Completed,Web,International,P-101,SKU-3308,120.24,6.04,19.24,New,Crypto
ORD-24856,CUST-9943,SESS-29856,CART-26856,2025-08-05,125.34,69.39,15.97,Beauty,4,Completed,Affiliate,East,P-117,SKU-1715,31.33,8.39,10.03,Returning,PayPal
ORD-24857,CUST-9943,SESS-29857,CART-26857,2023-02-01,93.34,53.52,49.24,Home,3,Shipped,Mobile App,International,P-209,SKU-310,31.11,4.17,7.47,VIP,Debit Card
ORD-24858,CUST-9944,SESS-29858,CART-26858,2024-05-19,229.89,117.71,33.23,Fashion,4,Cancelled,Affiliate,West,P-721,SKU-3704,57.47,16.37,18.39,Returning,PayPal
ORD-24859,CUST-9944,SESS-29859,CART-26859,2024-06-22,NULL,79.25,17.22,Fashion,3,Cancelled,Mobile App,International,P-190,SKU-1897,54.08,13.99,12.98,New,PayPal
ORD-24860,CUST-9945,SESS-29860,CART-26860,2024-04-21,364.65,211.43,32.20,Electronics,2,Shipped,Affiliate,East,P-938,SKU-980,182.33,9.01,29.17,New,Credit Card
ORD-24861,CUST-9945,SESS-29861,CART-26861,2023-06-27,12.71,7.39,30.83,Home,1,Shipped,Mobile App,East,P-888,SKU-4020,12.71,2.42,1.02,New,Crypto
ORD-24862,CUST-9945,SESS-29862,CART-26862,1702839365284,24.47,12.25,28.39,Fashion,4,Completed,Social Media,North,P-330,SKU-2808,6.12,16.16,1.96,VIP,PayPal
ORD-24863,CUST-9946,SESS-29863,CART-26863,2024-12-23,257.04,136.79,31.71,Electronics,3,Pending,Web,South,P-160,SKU-2903,85.68,15.84,20.56,New,Debit Card
ORD-24864,CUST-9946,SESS-29864,CART-26864,2024-08-24,89.71,52.65,3.86,Beauty,1,Completed,Web,South,P-108,SKU-2066,89.71,19.63,7.18,VIP,Crypto
ORD-24865,CUST-9947,SESS-29865,CART-26865,2024-08-14,223.03,104.21,26.99,Fashion,2,Pending,Affiliate,South,P-993,SKU-3127,111.51,7.32,17.84,VIP,Crypto
ORD-24866,CUST-9947,SESS-29866,CART-26866,2024-05-08,306.60,155.42,43.57,Sports,3,Returned,Affiliate,East,P-417,SKU-1768,102.20,2.85,24.53,New,Credit Card
ORD-24867,CUST-9947,SESS-29867,CART-26867,2023-02-28,115.12,43.47,26.44,Fashion,2,Completed,Mobile App,International,P-741,SKU-3319,57.56,14.33,9.21,VIP,PayPal
ORD-24868,CUST-9948,SESS-29868,CART-26868,2023-06-15,363.10,210.74,29.15,Sports,4,Completed,Affiliate,West,P-164,SKU-3246,90.78,5.24,29.05,Returning,Crypto
ORD-24869,CUST-9948,SESS-29869,CART-26869,2023-10-28,64.65,23.09,19.49,Electronics,5,Pending,Affiliate,International,P-686,SKU-3840,12.93,6.53,5.17,VIP,PayPal
ORD-24870,CUST-9949,SESS-29870,CART-26870,2023-05-01,422.33,181.26,3.33,Fashion,5,Completed,Web,East,P-794,SKU-4181,84.47,8.61,33.79,New,Crypto
ORD-24871,CUST-9949,SESS-29871,CART-26871,2024-08-03,203.31,95.04,31.20,Beauty,4,Shipped,Social Media,International,P-863,SKU-4191,50.83,0.38,16.27,Returning,PayPal
ORD-24872,CUST-9949,SESS-29872,CART-26872,2024-05-26,483.49,162.35,33.48,Sports,5,Returned,Mobile App,South,P-153,SKU-2719,96.70,19.97,38.68,New,PayPal
ORD-24873,CUST-9950,SESS-29873,CART-26873,2025-09-06,234.91,134.99,29.08,Electronics,4,Returned,Web,East,P-226,SKU-4904,58.73,19.90,18.79,VIP,Debit Card
ORD-24874,CUST-9950,SESS-29874,CART-26874,5/5/2025,121.43,50.51,6.34,Electronics,5,Returned,Mobile App,West,P-387,SKU-2732,24.29,0.50,9.71,VIP,Crypto
ORD-24875,CUST-9951,SESS-29875,CART-26875,2025-10-27,443.92,168.63,35.50,Home,1,Returned,Web,South,P-84,SKU-4288,443.92,14.72,35.51,New,PayPal
ORD-24876,CUST-9951,SESS-29876,CART-26876,7/25/2023,127.47,49.14,36.33,Sports,5,Shipped,Web,North,P-640,SKU-2140,25.49,6.03,10.20,VIP,Debit Card
ORD-24877,CUST-9951,SESS-29877,CART-26877,2024-07-04,356.20,191.81,33.76,Electronics,5,Shipped,Web,West,P-782,SKU-1428,71.24,5.64,28.50,New,Credit Card
ORD-24878,CUST-9952,SESS-29878,CART-26878,2024-08-02,21.45,9.42,6.24,Sports,,Shipped,Web,West,P-135,SKU-4345,21.45,15.98,1.72,Returning,PayPal
ORD-24879,CUST-9952,SESS-29879,CART-26879,2024-12-31,336.55,141.89,26.10,Electronics,3,Shipped,Affiliate,International,P-503,SKU-59,112.18,11.78,26.92,New,Debit Card
ORD-24880,CUST-9953,SESS-29880,CART-26880,2024-03-07,99.95,59.02,27.64,Electronics,1,Returned,Affiliate,West,P-742,SKU-2606,99.95,6.69,8.00,VIP,Debit Card
ORD-24881,CUST-9953,SESS-29881,CART-26881,2024-03-31,157.05,69.32,18.39,Fashion,4,Shipped,Social Media,International,P-633,SKU-275,39.26,7.04,12.56,New,Debit Card
ORD-24882,CUST-9953,SESS-29882,CART-26882,2025-05-09,439.26,244.38,16.03,Sports,1,Returned,Web,South,P-349,SKU-3847,439.26,7.02,35.14,Returning,PayPal
ORD-24883,CUST-9954,SESS-29883,CART-26883,2026-01-27,316.41,174.99,0.01,Fashion,3,Completed,Affiliate,North,P-445,SKU-538,105.47,16.99,25.31,VIP,Credit Card
ORD-24884,CUST-9954,SESS-29884,CART-26884,2025-12-13,135.89,40.89,25.60,  beauty  ,1,Cancelled,Social Media,South,P-876,SKU-346,135.89,10.40,10.87,VIP,Credit Card
ORD-24885,CUST-9955,SESS-29885,CART-26885,2024-02-18,333.55,128.06,25.86,Fashion,1,Shipped,Web,International,P-578,SKU-2654,333.55,19.06,26.68,New,Credit Card
ORD-24886,CUST-9955,SESS-29886,CART-26886,2023-10-06,507.28,187.98,33.81,Fashion,3,Pending,Affiliate,North,P-476,SKU-3650,169.09,4.62,40.58,VIP,Credit Card
ORD-24887,CUST-9955,SESS-29887,CART-26887,2023-07-18,66.49,38.91,43.38,Home,2,Cancelled,Affiliate,West,P-454,SKU-797,33.24,9.02,5.32,Returning,Credit Card
ORD-24888,CUST-9956,SESS-29888,CART-26888,2023-04-02,491.07,196.85,31.35,  home  ,4,Shipped,Social Media,International,P-937,SKU-3118,122.77,1.31,39.29,VIP,PayPal
ORD-24889,CUST-9956,SESS-29889,CART-26889,2023-07-24,476.09,231.65,45.45,Electronics,5,Cancelled,Social Media,North,P-172,SKU-388,95.22,14.47,38.09,Returning,Crypto
ORD-24890,CUST-9957,SESS-29890,CART-26890,2023-02-04,303.40,170.20,36.14,Home,3,Completed,Mobile App,North,P-734,SKU-3222,101.13,16.02,24.27,Returning,Crypto
ORD-24891,CUST-9957,SESS-29891,CART-26891,2024-04-12,351.72,184.33,20.12,,1,Shipped,Affiliate,South,P-372,SKU-240,351.72,15.87,28.14,New,PayPal
ORD-24892,CUST-9957,SESS-29892,CART-26892,1/25/2025,297.56,121.23,14.43,Fashion,5,Shipped,Social Media,West,P-268,SKU-1778,59.51,0.69,23.80,VIP,Debit Card
ORD-24893,CUST-9958,SESS-29893,CART-26893,2025-07-09,351.66,182.54,22.00,Sports,5,Completed,Affiliate,East,P-712,SKU-32,70.33,16.26,28.13,New,Credit Card
ORD-24894,CUST-9958,SESS-29894,CART-26894,2025-10-02,378.06,210.73,0.80,Electronics,1,Shipped,Web,North,P-692,SKU-924,378.06,18.13,30.24,VIP,PayPal
ORD-24895,CUST-9959,SESS-29895,CART-26895,2023-05-06,453.84,167.25,22.38,Electronics,2,Pending,Web,South,P-385,SKU-1454,226.92,9.77,36.31,VIP,PayPal
ORD-24896,CUST-9959,SESS-29896,CART-26896,2025-12-30,474.52,158.01,19.95,Beauty,5,Pending,Web,South,P-678,SKU-189,94.90,3.33,37.96,VIP,PayPal
ORD-24897,CUST-9959,SESS-29897,CART-26897,2024-12-08,70.38,26.35,1.08,Home,1,Cancelled,Social Media,North,P-116,SKU-1248,70.38,12.90,5.63,Returning,Crypto
ORD-24898,CUST-9960,SESS-29898,CART-26898,7/24/2025,449.60,246.16,18.33,Fashion,1,Cancelled,Web,West,P-814,SKU-2378,449.60,15.42,35.97,VIP,Crypto
ORD-24899,CUST-9960,SESS-29899,CART-26899,2023-10-02,432.91,254.03,40.69,Fashion,1,Cancelled,Affiliate,East,P-50,SKU-2491,432.91,8.58,34.63,New,Crypto
ORD-24900,CUST-9961,SESS-29900,CART-26900,2023-11-12,426.22,218.82,17.37,Fashion,3,Pending,Social Media,South,P-239,SKU-4393,142.07,18.02,34.10,Returning,Credit Card
ORD-24901,CUST-9961,SESS-29901,CART-26901,2025-10-05,103.59,39.83,45.91,Home,4,Completed,Mobile App,West,P-994,SKU-3475,25.90,7.72,8.29,New,PayPal
ORD-24902,CUST-9961,SESS-29902,CART-26902,2024-01-12,  109.89  ,63.83,30.26,Fashion,1,Completed,Affiliate,International,P-781,SKU-4641,109.89,1.80,8.79,VIP,Debit Card
ORD-24903,CUST-9962,SESS-29903,CART-26903,2024-08-10,43.81,17.12,17.32,Electronics,3,Pending,Social Media,East,P-699,SKU-2825,14.60,12.34,3.50,Returning,Debit Card
ORD-24904,CUST-9962,SESS-29904,CART-26904,2023-10-24,470.89,177.82,15.82,Home,2,Cancelled,Affiliate,North,P-4,SKU-3056,235.44,15.95,37.67,Returning,PayPal
ORD-24905,CUST-9963,SESS-29905,CART-26905,2025-05-29,202.36,71.12,4.34,,4,Completed,Social Media,West,P-5,SKU-1031,50.59,5.12,16.19,New,PayPal
ORD-24906,CUST-9963,SESS-29906,CART-26906,2023-12-23,440.02,172.34,29.69,Sports,5,Cancelled,Web,North,P-443,SKU-3651,88.00,15.65,35.20,New,Debit Card
ORD-24907,CUST-9963,SESS-29907,CART-26907,2025-10-30,482.48,158.87,28.19,Electronics,3,Returned,Affiliate,International,P-728,SKU-3321,160.83,14.10,38.60,VIP,Crypto
ORD-24908,CUST-9964,SESS-29908,CART-26908,2024-03-06,112.53,48.94,6.91,Sports,5,Cancelled,Affiliate,North,P-618,SKU-2485,22.51,5.12,9.00,New,PayPal
ORD-24909,CUST-9964,SESS-29909,CART-26909,2023-08-23,307.17,129.37,24.84,Sports,4,Cancelled,Web,South,P-185,SKU-544,76.79,6.38,24.57,New,PayPal
ORD-24910,CUST-9965,SESS-29910,CART-26910,2025-10-16,226.99,107.36,18.10,Fashion,3,Shipped,Social Media,International,P-321,SKU-4010,75.66,10.20,18.16,Returning,Credit Card
ORD-24911,CUST-9965,SESS-29911,CART-26911,2023-06-20,308.79,176.32,0.26,Sports,1,Completed,Affiliate,East,P-693,SKU-4356,308.79,14.83,24.70,Returning,Credit Card
ORD-24912,CUST-9965,SESS-29912,CART-26912,2023-02-27,327.10,130.16,15.29,Sports,5,Cancelled,Mobile App,South,P-732,SKU-2959,65.42,6.01,26.17,New,Credit Card
ORD-24913,CUST-9966,SESS-29913,CART-26913,2024-11-09,36.45,19.74,42.76,Beauty,1,Completed,Affiliate,North,P-667,SKU-2352,36.45,4.52,2.92,VIP,Debit Card
ORD-24914,CUST-9966,SESS-29914,CART-26914,2023-09-18,347.87,111.70,14.70,Sports,2,Shipped,Web,West,P-609,SKU-389,173.94,16.28,27.83,New,Debit Card
ORD-24915,CUST-9967,SESS-29915,CART-26915,2025-12-29,76.62,44.75,25.11,,5,Pending,Social Media,North,P-59,SKU-3103,15.32,2.15,6.13,Returning,Crypto
ORD-24916,CUST-9967,SESS-29916,CART-26916,7/25/2025,414.99,179.68,7.83,Beauty,1,Returned,Affiliate,East,P-774,SKU-4505,414.99,1.38,33.20,Returning,Credit Card
ORD-24917,CUST-9967,SESS-29917,CART-26917,2023-07-11,131.21,51.46,36.80,  beauty  ,4,Shipped,Affiliate,North,P-343,SKU-1042,32.80,8.57,10.50,VIP,PayPal
ORD-24918,CUST-9968,SESS-29918,CART-26918,2024-03-04,464.23,239.12,6.63,Fashion,5,Completed,Social Media,International,P-169,SKU-2977,92.85,7.84,37.14,VIP,Debit Card
ORD-24919,CUST-9968,SESS-29919,CART-26919,2024-06-13,298.50,112.24,2.71,Electronics,4,Completed,Affiliate,South,P-871,SKU-483,74.62,6.45,23.88,New,Crypto
ORD-24920,CUST-9969,SESS-29920,CART-26920,2025-09-01,  74.00  ,37.85,19.78,Beauty,,Cancelled,Affiliate,West,P-432,SKU-4765,14.80,16.64,5.92,New,PayPal
ORD-24921,CUST-9969,SESS-29921,CART-26921,2024-11-10,409.22,197.96,35.79,Beauty,1,Returned,Web,East,P-104,SKU-4217,409.22,3.62,32.74,VIP,Debit Card
ORD-24922,CUST-9969,SESS-29922,CART-26922,2024-12-25,192.63,104.19,5.51,Electronics,2,Pending,Affiliate,South,P-571,SKU-3744,96.32,16.13,15.41,Returning,Credit Card
ORD-24923,CUST-9970,SESS-29923,CART-26923,2024-08-07,168.05,51.72,33.86,Home,4,Shipped,Mobile App,East,P-134,SKU-2524,42.01,16.32,13.44,Returning,Crypto
ORD-24924,CUST-9970,SESS-29924,CART-26924,2024-01-16,48.00,15.57,33.54,Home,1,Shipped,Affiliate,West,P-627,SKU-1156,48.00,4.12,3.84,Returning,PayPal
ORD-24925,CUST-9971,SESS-29925,CART-26925,2024-10-25,396.26,200.97,15.65,Sports,4,Completed,Web,East,P-740,SKU-2302,99.07,17.73,31.70,Returning,PayPal
ORD-24926,CUST-9971,SESS-29926,CART-26926,2024-07-23,,260.08,36.91,Beauty,4,Cancelled,Mobile App,North,P-746,SKU-4886,114.32,8.71,36.58,VIP,Crypto
ORD-24927,CUST-9971,SESS-29927,CART-26927,2025-01-03,342.96,121.76,2.83,Electronics,4,Completed,Social Media,West,P-35,SKU-1741,85.74,3.77,27.44,Returning,Crypto
ORD-24928,CUST-9972,SESS-29928,CART-26928,2024-05-24,235.60,72.91,12.99,Beauty,2,Pending,Affiliate,West,P-177,SKU-693,117.80,3.05,18.85,Returning,Crypto
ORD-24929,CUST-9972,SESS-29929,CART-26929,2024-08-25,508.22,184.88,33.66,Home,4,Returned,Social Media,North,P-172,SKU-4757,127.06,12.24,40.66,VIP,Credit Card
ORD-24930,CUST-9973,SESS-29930,CART-26930,2023-07-23,145.46,77.12,7.65,Home,3,Cancelled,Mobile App,East,P-59,SKU-1165,48.49,17.80,11.64,Returning,Crypto
ORD-24931,CUST-9973,SESS-29931,CART-26931,2026-01-02,73.01,33.34,8.43,Home,4,Completed,Mobile App,North,P-90,SKU-2098,18.25,11.89,5.84,VIP,Crypto
ORD-24932,CUST-9973,SESS-29932,CART-26932,2023-02-22,348.08,155.53,34.49,Home,1,Shipped,Affiliate,East,P-195,SKU-2236,348.08,12.09,27.85,New,PayPal
ORD-24933,CUST-9974,SESS-29933,CART-26933,2023-01-14,122.68,50.38,17.15,Home,2,Pending,Mobile App,West,P-253,SKU-3428,61.34,0.27,9.81,VIP,PayPal
ORD-24934,CUST-9974,SESS-29934,CART-26934,2024-07-19,421.52,246.58,21.80,Home,5,Cancelled,Web,West,P-680,SKU-404,84.30,17.83,33.72,New,Credit Card
ORD-24935,CUST-9975,SESS-29935,CART-26935,2025-06-01,168.64,87.33,46.86,Electronics,3,Returned,Web,South,P-227,SKU-4465,56.21,2.04,13.49,VIP,Credit Card
ORD-24936,CUST-9975,SESS-29936,CART-26936,2026-01-06,305.43,164.93,1.36,Electronics,1,Completed,Affiliate,West,P-929,SKU-4175,305.43,5.02,24.43,New,Debit Card
ORD-24937,CUST-9975,SESS-29937,CART-26937,2023-03-08,403.37,124.75,13.79,Electronics,1,Returned,Social Media,East,P-232,SKU-3806,403.37,6.74,32.27,VIP,PayPal
ORD-24938,CUST-9976,SESS-29938,CART-26938,2024-12-23,318.07,126.82,20.62,Fashion,1,Returned,Mobile App,International,P-195,SKU-713,318.07,1.45,25.45,Returning,Crypto
ORD-24939,CUST-9976,SESS-29939,CART-26939,2025-03-14,324.24,139.85,26.17,Electronics,5,Shipped,Social Media,North,P-524,SKU-3246,64.85,16.37,25.94,Returning,PayPal
ORD-24940,CUST-9977,SESS-29940,CART-26940,2023-10-14,326.72,186.35,1.08,Fashion,4,Completed,Web,International,P-150,SKU-2116,81.68,19.98,26.14,VIP,Debit Card
ORD-24941,CUST-9977,SESS-29941,CART-26941,3/16/2024,65.59,30.35,24.09,Fashion,5,Cancelled,Web,International,P-9,SKU-1853,13.12,12.47,5.25,VIP,Debit Card
ORD-24942,CUST-9977,SESS-29942,CART-26942,2025-06-10,407.72,145.77,41.26,Home,3,Cancelled,Social Media,South,P-316,SKU-1351,135.91,13.03,32.62,VIP,Credit Card
ORD-24943,CUST-9978,SESS-29943,CART-26943,2023-04-05,204.03,74.94,32.09,Beauty,1,Shipped,Mobile App,South,P-277,SKU-3244,204.03,14.15,16.32,VIP,Crypto
ORD-24944,CUST-9978,SESS-29944,CART-26944,2026-02-16,47.37,24.21,0.35,NULL,4,Cancelled,Mobile App,South,P-783,SKU-1506,11.84,6.79,3.79,Returning,Debit Card
ORD-24945,CUST-9979,SESS-29945,CART-26945,2025-03-03,292.01,165.28,25.74,Beauty,2,Returned,Affiliate,North,P-415,SKU-640,146.01,9.11,23.36,VIP,Credit Card
ORD-24946,CUST-9979,SESS-29946,CART-26946,2024-05-11,71.14,24.54,13.49,Sports,2,Completed,Web,West,P-951,SKU-1821,35.57,1.39,5.69,VIP,Credit Card
ORD-24947,CUST-9979,SESS-29947,CART-26947,9/2/2025,338.96,191.10,49.46,Beauty,5,Pending,Affiliate,West,P-653,SKU-884,67.79,6.28,27.12,VIP,Crypto
ORD-24948,CUST-9980,SESS-29948,CART-26948,2024-03-28,160.18,69.73,28.07,Beauty,3,Pending,Affiliate,North,P-147,SKU-3152,53.39,17.72,12.81,Returning,Crypto
ORD-24949,CUST-9980,SESS-29949,CART-26949,2025-12-16,249.52,114.94,3.44,Sports,4,Returned,Mobile App,South,P-691,SKU-3867,62.38,9.10,19.96,Returning,Crypto
ORD-24950,CUST-9981,SESS-29950,CART-26950,2024-12-23,91.58,49.23,42.18,Beauty,5,Returned,Social Media,International,P-102,SKU-1080,18.32,3.18,7.33,New,Debit Card
ORD-24951,CUST-9981,SESS-29951,CART-26951,2025-02-25,71.19,27.38,20.90,Fashion,3,Cancelled,Mobile App,South,P-381,SKU-1181,23.73,16.05,5.70,VIP,PayPal
ORD-24952,CUST-9981,SESS-29952,CART-26952,2024-02-20,339.22,168.48,37.52,Sports,5,Shipped,Web,East,P-23,SKU-627,67.84,8.07,27.14,New,Credit Card
ORD-24953,CUST-9982,SESS-29953,CART-26953,2024-07-14,288.99,116.17,49.72,Home,3,Completed,Social Media,International,P-806,SKU-3582,96.33,8.17,23.12,VIP,Crypto
ORD-24954,CUST-9982,SESS-29954,CART-26954,2025-08-26,430.40,196.49,0.57,Electronics,5,Completed,Mobile App,East,P-681,SKU-3263,86.08,16.27,34.43,Returning,Crypto
ORD-24955,CUST-9983,SESS-29955,CART-26955,1/9/2025,153.36,80.12,39.56,Beauty,3,Returned,Web,West,P-441,SKU-506,51.12,15.21,12.27,New,PayPal
ORD-24956,CUST-9983,SESS-29956,CART-26956,2023-01-23,466.34,166.30,46.01,Sports,2,Cancelled,Mobile App,West,P-274,SKU-1875,233.17,7.28,37.31,New,Crypto
ORD-24957,CUST-9983,SESS-29957,CART-26957,9/6/2024,21.01,10.71,11.43,Electronics,1,Pending,Mobile App,East,P-355,SKU-4088,21.01,3.31,1.68,New,PayPal
ORD-24958,CUST-9984,SESS-29958,CART-26958,2023-09-20,31.90,15.75,16.06,Beauty,4,Pending,Social Media,South,P-389,SKU-3971,7.97,19.95,2.55,Returning,Crypto
ORD-24959,CUST-9984,SESS-29959,CART-26959,2026-02-21,424.92,181.04,20.22,Home,5,Completed,Web,International,P-884,SKU-1565,84.98,6.09,33.99,New,Crypto
ORD-24960,CUST-9985,SESS-29960,CART-26960,2023-12-04,492.02,266.13,31.54,Electronics,2,Shipped,Mobile App,International,P-609,SKU-1899,246.01,9.16,39.36,VIP,Crypto
ORD-24961,CUST-9985,SESS-29961,CART-26961,2023-03-24,500.87,162.31,25.56,Beauty,3,Cancelled,Affiliate,North,P-309,SKU-2219,166.96,15.23,40.07,New,Crypto
ORD-24962,CUST-9985,SESS-29962,CART-26962,2023-11-26,439.43,255.45,29.74,Sports,1,Returned,Web,International,P-155,SKU-583,439.43,3.14,35.15,New,Debit Card
ORD-24963,CUST-9986,SESS-29963,CART-26963,2024-10-06,361.89,177.19,47.55,Electronics,4,Returned,Mobile App,North,P-995,SKU-1011,90.47,4.55,28.95,VIP,Credit Card
ORD-24964,CUST-9986,SESS-29964,CART-26964,2024-06-25,191.45,110.94,0.37,Beauty,5,Shipped,Web,West,P-889,SKU-1496,38.29,0.65,15.32,VIP,Crypto
ORD-24965,CUST-9987,SESS-29965,CART-26965,2024-05-02,259.76,84.01,35.09,Home,3,Shipped,Affiliate,North,P-931,SKU-1094,86.59,19.68,20.78,VIP,Credit Card
ORD-24966,CUST-9987,SESS-29966,CART-26966,5/1/2025,163.81,84.62,4.21,Fashion,2,Completed,Affiliate,North,P-23,SKU-1224,81.91,18.62,13.10,Returning,PayPal
ORD-24967,CUST-9987,SESS-29967,CART-26967,1/6/2025,147.76,64.58,37.41,Fashion,3,Pending,Web,North,P-250,SKU-4156,49.25,0.35,11.82,VIP,Crypto
ORD-24968,CUST-9988,SESS-29968,CART-26968,2023-08-02,467.99,195.74,32.23,Electronics,5,Pending,Web,South,P-124,SKU-4346,93.60,9.45,37.44,Returning,Debit Card
ORD-24969,CUST-9988,SESS-29969,CART-26969,2024-02-25,50.84,25.85,31.24,Sports,1,Pending,Affiliate,North,P-882,SKU-4163,50.84,9.72,4.07,New,PayPal
ORD-24970,CUST-9989,SESS-29970,CART-26970,2024-02-28,243.90,109.48,14.22,Electronics,4,Completed,Web,International,P-911,SKU-3185,60.98,3.84,19.51,Returning,PayPal
ORD-24971,CUST-9989,SESS-29971,CART-26971,2025-09-23,190.67,82.88,19.53,Fashion,4,Completed,Mobile App,East,P-535,SKU-272,47.67,0.62,15.25,Returning,Crypto
ORD-24972,CUST-9989,SESS-29972,CART-26972,2025-08-08,232.99,127.46,13.50,Sports,5,Shipped,Mobile App,South,P-180,SKU-3234,46.60,19.26,18.64,Returning,Crypto
ORD-24973,CUST-9990,SESS-29973,CART-26973,2023-08-24,147.16,65.25,11.85,Beauty,4,Shipped,Affiliate,North,P-540,SKU-895,36.79,14.23,11.77,New,PayPal
ORD-24974,CUST-9990,SESS-29974,CART-26974,2025-06-30,364.72,216.33,37.02,Fashion,5,Shipped,Web,South,P-508,SKU-738,72.94,16.77,29.18,VIP,PayPal
ORD-24975,CUST-9991,SESS-29975,CART-26975,2025-11-24,  336.48  ,110.37,35.51,Fashion,2,Returned,Web,West,P-871,SKU-1539,168.24,7.24,26.92,New,Debit Card
ORD-24976,CUST-9991,SESS-29976,CART-26976,2023-04-25,10.74,3.26,19.78,Electronics,4,Cancelled,Mobile App,West,P-72,SKU-3693,2.69,5.67,0.86,VIP,PayPal
ORD-24977,CUST-9991,SESS-29977,CART-26977,2023-02-12,104.01,57.39,46.19,Home,2,Shipped,Web,West,P-960,SKU-889,52.01,4.12,8.32,New,PayPal
ORD-24978,CUST-9992,SESS-29978,CART-26978,2024-04-22,276.62,160.42,29.17,Sports,5,Cancelled,Social Media,South,P-243,SKU-809,55.32,8.83,22.13,Returning,Crypto
ORD-24979,CUST-9992,SESS-29979,CART-26979,2025-08-23,494.22,198.63,14.92,Home,4,Completed,Social Media,South,P-4,SKU-3715,123.56,13.43,39.54,Returning,Debit Card
ORD-24980,CUST-9993,SESS-29980,CART-26980,2025-02-14,17.14,7.54,48.86,Beauty,5,Returned,Web,International,P-877,SKU-2591,3.43,3.73,1.37,New,Crypto
ORD-24981,CUST-9993,SESS-29981,CART-26981,2025-07-21,247.12,84.99,32.73,Beauty,5,Shipped,Mobile App,International,P-308,SKU-4819,49.42,14.58,19.77,Returning,PayPal
ORD-24982,CUST-9993,SESS-29982,CART-26982,2025-12-24,215.98,74.22,11.00,Beauty,1,Completed,Web,North,P-519,SKU-2837,215.98,15.35,17.28,New,PayPal
ORD-24983,CUST-9994,SESS-29983,CART-26983,2025-12-12,352.81,198.74,11.78,Beauty,1,Cancelled,Affiliate,International,P-737,SKU-4749,352.81,10.00,28.23,VIP,Credit Card
ORD-24984,CUST-9994,SESS-29984,CART-26984,2024-07-16,242.80,114.90,46.77,Beauty,3,Cancelled,Social Media,East,P-145,SKU-1264,80.93,15.36,19.42,New,Crypto
ORD-24985,CUST-9995,SESS-29985,CART-26985,2025-01-20,94.52,43.17,29.43,Fashion,4,Shipped,Affiliate,International,P-495,SKU-615,23.63,12.94,7.56,New,Credit Card
ORD-24986,CUST-9995,SESS-29986,CART-26986,2025-11-25,80.51,26.06,26.71,Beauty,3,Returned,Mobile App,East,P-469,SKU-671,26.84,12.99,6.44,New,Crypto
ORD-24987,CUST-9995,SESS-29987,CART-26987,2024-06-26,45.39,20.87,27.85,Home,1,Cancelled,Mobile App,South,P-553,SKU-3558,45.39,0.31,3.63,New,Crypto
ORD-24988,CUST-9996,SESS-29988,CART-26988,2023-01-21,135.50,54.01,33.84,Home,3,Pending,Affiliate,East,P-85,SKU-1545,45.17,16.84,10.84,Returning,PayPal
ORD-24989,CUST-9996,SESS-29989,CART-26989,2025-09-11,,79.75,35.13,Electronics,2,Pending,Web,South,P-726,SKU-3189,85.15,15.11,13.62,VIP,Debit Card
ORD-24990,CUST-9997,SESS-29990,CART-26990,2025-07-14,493.49,238.07,34.11,Fashion,2,Returned,Mobile App,South,P-554,SKU-3290,246.74,16.26,39.48,Returning,Debit Card
ORD-24991,CUST-9997,SESS-29991,CART-26991,2025-02-15,467.31,272.90,49.54,Electronics,3,Shipped,Web,East,P-575,SKU-1333,155.77,12.29,37.39,New,Debit Card
ORD-24992,CUST-9997,SESS-29992,CART-26992,2023-10-17,301.80,104.45,34.10,Fashion,3,Cancelled,Mobile App,West,P-471,SKU-188,100.60,11.61,24.14,VIP,PayPal
ORD-24993,CUST-9998,SESS-29993,CART-26993,2024-10-22,430.09,139.52,4.88,Beauty,2,Completed,Web,International,P-897,SKU-2823,215.05,5.36,34.41,New,Crypto
ORD-24994,CUST-9998,SESS-29994,CART-26994,2025-11-16,131.74,61.61,25.22,Sports,4,Pending,Mobile App,South,P-498,SKU-356,32.94,7.97,10.54,New,Debit Card
ORD-24995,CUST-9999,SESS-29995,CART-26995,2025-08-04,101.86,41.29,48.15,Beauty,2,Pending,Web,East,P-309,SKU-1063,50.93,12.31,8.15,New,PayPal
ORD-24996,CUST-9999,SESS-29996,CART-26996,2025-10-17,24.00,10.50,17.33,Beauty,3,Completed,Affiliate,North,P-655,SKU-326,8.00,15.59,1.92,VIP,Crypto
ORD-24997,CUST-9999,SESS-29997,CART-26997,2024-08-19,  419.02  ,215.63,15.95,Fashion,2,Returned,Web,South,P-910,SKU-3812,209.51,2.48,33.52,Returning,Debit Card
ORD-24998,CUST-10000,SESS-29998,CART-26998,2023-01-01,498.47,267.34,18.97,  home  ,3,Returned,Affiliate,East,P-791,SKU-84,166.16,12.31,39.88,New,PayPal
ORD-24999,CUST-10000,SESS-29999,CART-26999,2023-08-17,495.98,293.90,15.08,Sports,3,Pending,Mobile App,South,P-654,SKU-332,165.33,8.62,39.68,New,Crypto
ORD-25000,CUST-10001,SESS-30000,CART-27000,2025-08-30,443.14,202.50,49.78,Beauty,2,Shipped,Social Media,East,P-586,SKU-3922,221.57,0.28,35.45,Returning,Debit Card
ORD-25001,CUST-10001,SESS-30001,CART-27001,2025-12-22,265.78,145.60,17.43,Home,5,Completed,Mobile App,North,P-147,SKU-4799,53.16,19.01,21.26,New,Credit Card
ORD-25002,CUST-10001,SESS-30002,CART-27002,2025-01-11,59.48,19.47,29.20,Beauty,3,Completed,Social Media,North,P-178,SKU-476,19.83,9.36,4.76,New,Debit Card
ORD-25003,CUST-10002,SESS-30003,CART-27003,2023-01-20,490.05,155.83,4.19,Fashion,1,Cancelled,Web,West,P-405,SKU-32,490.05,1.67,39.20,Returning,PayPal
ORD-25004,CUST-10002,SESS-30004,CART-27004,1698632370971,52.52,19.01,25.95,Beauty,2,Completed,Mobile App,West,P-511,SKU-1696,26.26,1.51,4.20,Returning,Crypto
ORD-25005,CUST-10003,SESS-30005,CART-27005,10/24/2024,115.59,64.85,14.21,Home,4,Completed,Web,East,P-686,SKU-510,28.90,4.18,9.25,VIP,Credit Card
ORD-25006,CUST-10003,SESS-30006,CART-27006,2024-10-25,213.51,124.27,4.87,Beauty,1,Pending,Affiliate,East,P-802,SKU-3984,213.51,17.32,17.08,VIP,Crypto
ORD-25007,CUST-10003,SESS-30007,CART-27007,2025-07-31,376.31,115.69,8.53,Sports,1,Cancelled,Affiliate,International,P-507,SKU-702,376.31,18.71,30.10,VIP,PayPal
ORD-25008,CUST-10004,SESS-30008,CART-27008,2024-12-31,244.92,87.85,17.02,Sports,1,Pending,Mobile App,West,P-374,SKU-1821,244.92,19.83,19.59,VIP,Credit Card
ORD-25009,CUST-10004,SESS-30009,CART-27009,2023-05-10,262.45,80.55,45.99,Beauty,2,Cancelled,Web,North,P-880,SKU-3784,131.23,12.46,21.00,New,PayPal
ORD-25010,CUST-10005,SESS-30010,CART-27010,2024-08-22,436.86,136.78,14.60,Home,4,Cancelled,Affiliate,International,P-797,SKU-3162,109.22,11.68,34.95,Returning,Crypto
ORD-25011,CUST-10005,SESS-30011,CART-27011,2023-06-15,248.58,90.81,13.81,Sports,3,Completed,Web,West,P-374,SKU-407,82.86,0.32,19.89,Returning,PayPal
ORD-25012,CUST-10005,SESS-30012,CART-27012,2026-01-18,469.57,263.80,12.97,Beauty,1,Shipped,Social Media,International,P-338,SKU-1222,469.57,17.97,37.57,New,PayPal
ORD-25013,CUST-10006,SESS-30013,CART-27013,2025-01-27,472.62,164.26,19.25,Beauty,3,Completed,Affiliate,International,P-843,SKU-2151,157.54,19.48,37.81,VIP,Debit Card
ORD-25014,CUST-10006,SESS-30014,CART-27014,2024-10-27,361.00,205.61,30.94,Electronics,1,Cancelled,Affiliate,North,P-620,SKU-2820,361.00,7.64,28.88,New,PayPal
ORD-25015,CUST-10007,SESS-30015,CART-27015,2023-05-19,177.42,77.04,20.54,Electronics,2,Pending,Social Media,North,P-98,SKU-3109,88.71,19.05,14.19,Returning,Crypto
ORD-25016,CUST-10007,SESS-30016,CART-27016,2025-12-01,340.84,117.55,25.68,Home,1,Shipped,Social Media,South,P-874,SKU-1397,340.84,15.56,27.27,Returning,PayPal
ORD-25017,CUST-10007,SESS-30017,CART-27017,2025-11-21,263.27,116.12,46.07,Home,5,Completed,Mobile App,West,P-764,SKU-2769,52.65,17.33,21.06,Returning,Debit Card
ORD-25018,CUST-10008,SESS-30018,CART-27018,2023-02-23,88.47,28.11,13.03,Beauty,3,Shipped,Mobile App,South,P-482,SKU-2670,29.49,4.29,7.08,New,PayPal
ORD-25019,CUST-10008,SESS-30019,CART-27019,2024-06-02,31.31,12.41,6.13,Sports,4,Returned,Web,North,P-613,SKU-1913,7.83,5.33,2.50,VIP,Debit Card
ORD-25020,CUST-10009,SESS-30020,CART-27020,2024-12-29,158.32,88.20,44.95,Home,1,Returned,Affiliate,East,P-17,SKU-637,158.32,4.48,12.67,Returning,Crypto
ORD-25021,CUST-10009,SESS-30021,CART-27021,2023-11-13,379.88,136.97,33.99,Fashion,3,Completed,Social Media,International,P-888,SKU-3001,126.63,2.03,30.39,VIP,Credit Card
ORD-25022,CUST-10009,SESS-30022,CART-27022,2023-12-17,68.15,33.23,13.81,Beauty,4,Shipped,Affiliate,East,P-165,SKU-4022,17.04,3.17,5.45,VIP,Crypto
ORD-25023,CUST-10010,SESS-30023,CART-27023,2023-01-08,91.55,31.90,7.27,Beauty,1,Pending,Affiliate,North,P-483,SKU-2362,91.55,4.38,7.32,New,PayPal
ORD-25024,CUST-10010,SESS-30024,CART-27024,2024-07-30,277.96,161.22,32.27,Beauty,2,Completed,Social Media,West,P-636,SKU-682,138.98,1.04,22.24,Returning,Debit Card
ORD-25025,CUST-10011,SESS-30025,CART-27025,2024-11-21,337.41,169.38,3.63,Beauty,4,Returned,Web,East,P-6,SKU-252,84.35,12.21,26.99,New,Crypto
ORD-25026,CUST-10011,SESS-30026,CART-27026,2025-05-20,491.72,258.06,28.46,Electronics,1,Shipped,Social Media,North,P-641,SKU-1123,491.72,10.46,39.34,New,Credit Card
ORD-25027,CUST-10011,SESS-30027,CART-27027,2025-11-18,153.57,49.20,32.13,,2,Completed,Mobile App,West,P-975,SKU-2602,76.79,13.88,12.29,VIP,Credit Card
ORD-25028,CUST-10012,SESS-30028,CART-27028,5/25/2024,271.86,113.60,45.55,Fashion,2,Pending,Web,South,P-620,SKU-635,135.93,3.82,21.75,VIP,Crypto
ORD-25029,CUST-10012,SESS-30029,CART-27029,2025-10-23,261.03,131.44,42.60,Sports,2,Pending,Mobile App,North,P-632,SKU-1133,130.52,19.78,20.88,New,PayPal
ORD-25030,CUST-10013,SESS-30030,CART-27030,2023-08-27,133.50,54.09,13.37,Electronics,5,Cancelled,Social Media,South,P-132,SKU-3562,26.70,11.43,10.68,Returning,Credit Card
ORD-25031,CUST-10013,SESS-30031,CART-27031,7/28/2023,386.11,214.08,8.94,Electronics,5,Completed,Social Media,International,P-207,SKU-4484,77.22,0.53,30.89,New,PayPal
ORD-25032,CUST-10013,SESS-30032,CART-27032,2025-11-22,104.92,60.22,28.91,Home,4,Pending,Mobile App,East,P-5,SKU-1669,26.23,6.61,8.39,VIP,Crypto
ORD-25033,CUST-10014,SESS-30033,CART-27033,2025-04-19,273.64,93.16,2.31,Sports,1,Shipped,Social Media,East,P-780,SKU-872,273.64,17.46,21.89,VIP,Crypto
ORD-25034,CUST-10014,SESS-30034,CART-27034,2023-12-26,176.57,70.33,36.99,Electronics,5,Pending,Social Media,North,P-505,SKU-1310,35.31,10.80,14.13,VIP,Credit Card
ORD-25035,CUST-10015,SESS-30035,CART-27035,2023-09-23,  79.98  ,42.46,15.00,Electronics,3,Cancelled,Web,North,P-83,SKU-2245,26.66,4.07,6.40,VIP,Debit Card
ORD-25036,CUST-10015,SESS-30036,CART-27036,2025-03-01,19.72,6.14,38.13,Home,5,Completed,Web,West,P-337,SKU-1566,3.94,8.39,1.58,VIP,Credit Card
ORD-25037,CUST-10015,SESS-30037,CART-27037,2025-05-17,  407.69  ,222.14,2.34,Fashion,5,Completed,Mobile App,North,P-340,SKU-473,81.54,14.57,32.62,New,Debit Card
ORD-25038,CUST-10016,SESS-30038,CART-27038,1682936503338,440.53,205.98,32.51,Home,3,Pending,Affiliate,East,P-728,SKU-3875,146.84,12.53,35.24,Returning,Crypto
ORD-25039,CUST-10016,SESS-30039,CART-27039,2024-12-03,139.56,55.61,20.28,Fashion,2,Cancelled,Web,East,P-171,SKU-4637,69.78,13.57,11.16,New,PayPal
ORD-25040,CUST-10017,SESS-30040,CART-27040,2023-02-09,275.39,115.91,29.56,Home,4,Cancelled,Affiliate,International,P-215,SKU-2083,68.85,0.20,22.03,VIP,Credit Card
ORD-25041,CUST-10017,SESS-30041,CART-27041,2023-02-09,216.13,127.07,49.59,Fashion,1,Shipped,Affiliate,South,P-281,SKU-1572,216.13,17.23,17.29,VIP,Credit Card
ORD-25042,CUST-10017,SESS-30042,CART-27042,2024-12-04,175.23,97.20,38.53,Beauty,4,Pending,Web,West,P-523,SKU-4998,43.81,14.45,14.02,Returning,Credit Card
ORD-25043,CUST-10018,SESS-30043,CART-27043,2023-01-06,304.50,165.00,32.46,Fashion,5,Shipped,Web,International,P-112,SKU-1629,60.90,0.01,24.36,Returning,Crypto
ORD-25044,CUST-10018,SESS-30044,CART-27044,2025-11-21,169.10,61.57,26.26,Beauty,4,Pending,Affiliate,International,P-936,SKU-2308,42.27,16.41,13.53,New,Crypto
ORD-25045,CUST-10019,SESS-30045,CART-27045,2025-09-11,127.73,58.28,31.15,Home,3,Cancelled,Web,International,P-473,SKU-2375,42.58,19.97,10.22,Returning,Crypto
ORD-25046,CUST-10019,SESS-30046,CART-27046,2024-11-26,496.54,246.19,48.42,Beauty,5,Returned,Web,West,P-998,SKU-2724,99.31,7.05,39.72,VIP,Debit Card
ORD-25047,CUST-10019,SESS-30047,CART-27047,2024-11-11,113.54,40.42,24.42,Beauty,5,Returned,Affiliate,East,P-756,SKU-3737,22.71,9.58,9.08,VIP,PayPal
ORD-25048,CUST-10020,SESS-30048,CART-27048,2024-01-20,471.15,202.85,48.43,,1,Cancelled,Social Media,International,P-151,SKU-3232,471.15,4.17,37.69,VIP,PayPal
ORD-25049,CUST-10020,SESS-30049,CART-27049,2024-12-29,436.29,191.70,2.01,Electronics,2,Completed,Mobile App,North,P-602,SKU-3020,218.14,9.83,34.90,VIP,Credit Card
ORD-25050,CUST-10021,SESS-30050,CART-27050,2026-01-16,244.51,87.29,12.09,Beauty,5,Returned,Web,South,P-651,SKU-2098,48.90,6.70,19.56,VIP,Credit Card
ORD-25051,CUST-10021,SESS-30051,CART-27051,2025-02-22,65.93,22.64,33.12,,3,Cancelled,Mobile App,West,P-754,SKU-155,21.98,10.88,5.27,VIP,Credit Card
ORD-25052,CUST-10021,SESS-30052,CART-27052,2024-10-06,505.96,192.59,21.37,Electronics,5,Pending,Mobile App,North,P-819,SKU-3227,101.19,4.01,40.48,VIP,Credit Card
ORD-25053,CUST-10022,SESS-30053,CART-27053,2026-02-22,395.29,209.38,31.89,Home,1,Returned,Web,East,P-455,SKU-4195,395.29,4.88,31.62,VIP,Credit Card
ORD-25054,CUST-10022,SESS-30054,CART-27054,2025-08-15,254.72,140.73,29.51,Electronics,5,Returned,Web,International,P-952,SKU-2353,50.94,2.11,20.38,Returning,Crypto
ORD-25055,CUST-10023,SESS-30055,CART-27055,2023-01-25,119.67,64.32,1.70,Fashion,5,Cancelled,Affiliate,International,P-103,SKU-272,23.93,4.96,9.57,Returning,Credit Card
ORD-25056,CUST-10023,SESS-30056,CART-27056,2024-06-12,231.01,113.14,2.67,Electronics,1,Cancelled,Social Media,East,P-530,SKU-716,231.01,1.98,18.48,Returning,Credit Card
ORD-25057,CUST-10023,SESS-30057,CART-27057,8/10/2024,337.12,171.83,26.35,Home,1,Shipped,Affiliate,East,P-958,SKU-964,337.12,4.52,26.97,New,Credit Card
ORD-25058,CUST-10024,SESS-30058,CART-27058,2025-06-23,262.87,156.66,24.91,Home,1,Returned,Social Media,East,P-664,SKU-911,262.87,15.46,21.03,New,Credit Card
ORD-25059,CUST-10024,SESS-30059,CART-27059,2025-05-18,134.12,72.70,42.22,Electronics,4,Shipped,Web,International,P-503,SKU-1408,33.53,14.33,10.73,Returning,PayPal
ORD-25060,CUST-10025,SESS-30060,CART-27060,2024-08-07,122.17,68.63,17.36,Fashion,2,Shipped,Social Media,International,P-176,SKU-3664,61.08,13.98,9.77,Returning,Debit Card
ORD-25061,CUST-10025,SESS-30061,CART-27061,2023-06-30,161.82,69.00,21.74,Electronics,5,Cancelled,Affiliate,South,P-166,SKU-4772,32.36,1.58,12.95,Returning,Crypto
ORD-25062,CUST-10025,SESS-30062,CART-27062,2025-03-02,359.80,190.65,40.87,Electronics,3,Shipped,Affiliate,East,P-765,SKU-554,119.93,19.63,28.78,New,Debit Card
ORD-25063,CUST-10026,SESS-30063,CART-27063,2026-02-12,176.43,104.79,7.67,Fashion,1,Pending,Mobile App,International,P-829,SKU-1022,176.43,15.91,14.11,New,Debit Card
ORD-25064,CUST-10026,SESS-30064,CART-27064,2025-12-11,144.50,76.55,41.78,Fashion,2,Completed,Web,North,P-648,SKU-4728,72.25,10.24,11.56,VIP,Credit Card
ORD-25065,CUST-10027,SESS-30065,CART-27065,2023-12-21,115.25,46.51,8.06,Sports,5,Returned,Mobile App,South,P-46,SKU-3908,23.05,9.68,9.22,Returning,Crypto
ORD-25066,CUST-10027,SESS-30066,CART-27066,2023-10-24,449.07,196.37,42.38,Electronics,3,Returned,Mobile App,South,P-470,SKU-703,149.69,2.89,35.93,Returning,Credit Card
ORD-25067,CUST-10027,SESS-30067,CART-27067,2024-11-10,353.31,149.91,46.93,Sports,3,Completed,Affiliate,International,P-840,SKU-872,117.77,17.17,28.27,New,Credit Card
ORD-25068,CUST-10028,SESS-30068,CART-27068,2025-05-19,445.79,202.26,30.04,Home,1,Completed,Affiliate,East,P-553,SKU-3544,445.79,11.27,35.66,New,Credit Card
ORD-25069,CUST-10028,SESS-30069,CART-27069,1691628154682,297.88,169.19,9.86,Electronics,3,Pending,Social Media,West,P-900,SKU-2547,99.29,9.84,23.83,Returning,Credit Card
ORD-25070,CUST-10029,SESS-30070,CART-27070,2024-06-07,378.17,129.86,46.95,Beauty,5,Cancelled,Web,West,P-730,SKU-148,75.63,6.47,30.25,VIP,PayPal
ORD-25071,CUST-10029,SESS-30071,CART-27071,2023-01-26,506.56,205.30,27.68,Sports,2,Shipped,Social Media,International,P-421,SKU-4029,253.28,17.88,40.52,VIP,Credit Card
ORD-25072,CUST-10029,SESS-30072,CART-27072,2026-02-23,164.06,62.43,11.43,Fashion,1,Pending,Social Media,East,P-574,SKU-134,164.06,15.83,13.12,VIP,Crypto
ORD-25073,CUST-10030,SESS-30073,CART-27073,2025-09-16,88.54,35.48,17.06,Sports,5,Shipped,Social Media,East,P-17,SKU-1216,17.71,11.74,7.08,VIP,Debit Card
ORD-25074,CUST-10030,SESS-30074,CART-27074,2023-08-16,  59.55  ,33.08,40.47,Sports,4,Completed,Social Media,East,P-115,SKU-3553,14.89,18.50,4.76,VIP,Crypto
ORD-25075,CUST-10031,SESS-30075,CART-27075,2024-07-26,75.11,41.37,23.49,Sports,3,Shipped,Mobile App,West,P-371,SKU-2104,25.04,3.24,6.01,New,Debit Card
ORD-25076,CUST-10031,SESS-30076,CART-27076,1765961981129,300.53,170.15,46.77,Beauty,4,Cancelled,Affiliate,East,P-816,SKU-1822,75.13,4.65,24.04,Returning,Credit Card
ORD-25077,CUST-10031,SESS-30077,CART-27077,2024-03-16,,36.97,6.04,Home,1,Pending,Web,East,P-705,SKU-1796,89.80,6.76,7.18,New,Credit Card
ORD-25078,CUST-10032,SESS-30078,CART-27078,2023-11-27,25.30,8.90,42.51,Sports,1,Cancelled,Social Media,East,P-87,SKU-4537,25.30,3.02,2.02,Returning,Credit Card
ORD-25079,CUST-10032,SESS-30079,CART-27079,2023-06-09,58.28,29.85,44.89,Fashion,5,Pending,Mobile App,International,P-33,SKU-1921,11.66,0.44,4.66,VIP,PayPal
ORD-25080,CUST-10033,SESS-30080,CART-27080,2025-02-20,178.22,65.14,34.60,NULL,1,Pending,Social Media,International,P-824,SKU-2404,178.22,1.85,14.26,VIP,Debit Card
ORD-25081,CUST-10033,SESS-30081,CART-27081,2024-08-25,272.82,107.25,34.55,Fashion,4,Cancelled,Social Media,East,P-922,SKU-3202,68.20,8.43,21.83,VIP,Credit Card
ORD-25082,CUST-10033,SESS-30082,CART-27082,2024-08-08,339.44,160.03,35.98,Home,2,Returned,Mobile App,North,P-855,SKU-3399,169.72,10.33,27.16,VIP,Credit Card
ORD-25083,CUST-10034,SESS-30083,CART-27083,2025-04-11,114.11,35.27,4.31,Beauty,1,Completed,Social Media,West,P-874,SKU-1026,114.11,1.10,9.13,VIP,Crypto
ORD-25084,CUST-10034,SESS-30084,CART-27084,2024-07-09,188.53,104.53,7.17,Fashion,5,Shipped,Social Media,West,P-150,SKU-2464,37.71,13.52,15.08,Returning,Credit Card
ORD-25085,CUST-10035,SESS-30085,CART-27085,2024-07-19,12.59,5.72,13.05,Home,2,Cancelled,Social Media,North,P-352,SKU-2485,6.30,1.30,1.01,Returning,Credit Card
ORD-25086,CUST-10035,SESS-30086,CART-27086,1732895562170,313.22,174.70,36.97,Beauty,5,Returned,Social Media,North,P-613,SKU-3914,62.64,0.31,25.06,New,PayPal
ORD-25087,CUST-10035,SESS-30087,CART-27087,2025-07-20,219.02,115.03,29.87,Sports,2,Returned,Mobile App,International,P-330,SKU-1495,109.51,2.46,17.52,VIP,Credit Card
ORD-25088,CUST-10036,SESS-30088,CART-27088,2023-08-11,405.33,207.73,6.68,Electronics,3,Shipped,Web,North,P-432,SKU-1009,135.11,15.73,32.43,Returning,Debit Card
ORD-25089,CUST-10036,SESS-30089,CART-27089,2025-09-29,213.28,101.76,9.49,Home,1,Returned,Mobile App,South,P-472,SKU-2919,213.28,8.88,17.06,Returning,Debit Card
ORD-25090,CUST-10037,SESS-30090,CART-27090,2024-11-05,95.61,51.19,34.99,Home,2,Pending,Affiliate,International,P-148,SKU-4003,47.81,3.08,7.65,New,Debit Card
ORD-25091,CUST-10037,SESS-30091,CART-27091,1700597762171,76.16,43.43,42.13,Sports,3,Cancelled,Web,North,P-824,SKU-3669,25.39,3.50,6.09,Returning,Crypto
ORD-25092,CUST-10037,SESS-30092,CART-27092,2023-12-07,315.99,184.43,22.82,Beauty,5,Completed,Mobile App,North,P-137,SKU-2336,63.20,17.35,25.28,VIP,Debit Card
ORD-25093,CUST-10038,SESS-30093,CART-27093,2023-11-18,497.95,198.45,28.91,Fashion,5,Pending,Social Media,West,P-720,SKU-1861,99.59,11.86,39.84,New,Crypto
ORD-25094,CUST-10038,SESS-30094,CART-27094,8/8/2023,61.27,28.85,47.30,Fashion,2,Cancelled,Social Media,North,P-599,SKU-4720,30.63,15.37,4.90,Returning,Credit Card
ORD-25095,CUST-10039,SESS-30095,CART-27095,2025-11-18,270.11,92.84,45.85,Electronics,5,Returned,Social Media,North,P-149,SKU-4745,54.02,3.72,21.61,New,Crypto
ORD-25096,CUST-10039,SESS-30096,CART-27096,2023-04-20,364.35,112.40,33.39,Fashion,4,Shipped,Affiliate,International,P-465,SKU-34,91.09,6.57,29.15,New,PayPal
ORD-25097,CUST-10039,SESS-30097,CART-27097,2023-08-06,,140.03,46.50,Electronics,4,Shipped,Affiliate,International,P-122,SKU-1334,112.08,9.54,35.87,New,PayPal
ORD-25098,CUST-10040,SESS-30098,CART-27098,2025-09-24,37.33,22.32,15.21,Electronics,3,Pending,Social Media,South,P-184,SKU-1373,12.44,16.19,2.99,VIP,Credit Card
ORD-25099,CUST-10040,SESS-30099,CART-27099,2026-01-23,435.26,167.95,17.21,Home,2,Completed,Affiliate,West,P-377,SKU-1991,217.63,3.83,34.82,VIP,PayPal
ORD-25100,CUST-10041,SESS-30100,CART-27100,2024-11-20,249.83,98.81,41.82,Beauty,5,Completed,Social Media,West,P-482,SKU-1424,49.97,0.70,19.99,Returning,PayPal
ORD-25101,CUST-10041,SESS-30101,CART-27101,2023-12-22,110.83,35.50,0.68,Fashion,3,Shipped,Affiliate,South,P-373,SKU-1862,36.94,3.63,8.87,VIP,Debit Card
ORD-25102,CUST-10041,SESS-30102,CART-27102,2025-06-30,468.90,223.51,9.32,Electronics,1,Completed,Web,North,P-194,SKU-482,468.90,13.10,37.51,Returning,Crypto
ORD-25103,CUST-10042,SESS-30103,CART-27103,4/23/2024,120.61,36.28,21.35,Sports,3,Pending,Mobile App,South,P-452,SKU-4708,40.20,18.00,9.65,Returning,Credit Card
ORD-25104,CUST-10042,SESS-30104,CART-27104,2025-05-05,102.40,36.42,28.44,Fashion,4,Shipped,Mobile App,South,P-337,SKU-3596,25.60,7.10,8.19,New,Debit Card
ORD-25105,CUST-10043,SESS-30105,CART-27105,2025-12-22,166.52,56.90,8.24,Fashion,4,Cancelled,Web,International,P-810,SKU-3490,41.63,8.54,13.32,VIP,Debit Card
ORD-25106,CUST-10043,SESS-30106,CART-27106,2025-05-07,310.85,177.25,44.85,Electronics,1,Shipped,Social Media,West,P-164,SKU-3554,310.85,0.21,24.87,New,Credit Card
ORD-25107,CUST-10043,SESS-30107,CART-27107,2025-09-14,143.87,55.05,16.17,Sports,3,Completed,Social Media,North,P-821,SKU-3978,47.96,18.26,11.51,Returning,Debit Card
ORD-25108,CUST-10044,SESS-30108,CART-27108,2023-05-16,NULL,174.57,6.45,Sports,5,Returned,Affiliate,West,P-616,SKU-4259,93.19,4.28,37.28,VIP,Crypto
ORD-25109,CUST-10044,SESS-30109,CART-27109,2023-07-05,98.92,49.00,37.33,Beauty,2,Cancelled,Web,International,P-758,SKU-1475,49.46,6.09,7.91,New,PayPal
ORD-25110,CUST-10045,SESS-30110,CART-27110,2023-10-09,43.73,23.82,1.26,  home  ,4,Cancelled,Social Media,International,P-65,SKU-3648,10.93,9.29,3.50,VIP,PayPal
ORD-25111,CUST-10045,SESS-30111,CART-27111,2023-06-24,282.74,88.39,26.85,Beauty,5,Completed,Mobile App,East,P-189,SKU-1304,56.55,13.57,22.62,Returning,Crypto
ORD-25112,CUST-10045,SESS-30112,CART-27112,2024-05-23,486.72,212.22,28.39,Sports,5,Pending,Social Media,West,P-915,SKU-3917,97.34,17.95,38.94,VIP,Crypto
ORD-25113,CUST-10046,SESS-30113,CART-27113,2023-11-11,352.33,205.89,43.71,Beauty,3,Shipped,Social Media,International,P-889,SKU-1797,117.44,14.39,28.19,New,PayPal
ORD-25114,CUST-10046,SESS-30114,CART-27114,2023-09-29,351.73,152.86,12.09,NULL,1,Returned,Social Media,International,P-546,SKU-1629,351.73,19.04,28.14,VIP,Debit Card
ORD-25115,CUST-10047,SESS-30115,CART-27115,2025-04-10,345.26,141.06,21.78,Home,2,Returned,Social Media,East,P-732,SKU-729,172.63,3.33,27.62,VIP,Credit Card
ORD-25116,CUST-10047,SESS-30116,CART-27116,8/20/2023,67.83,37.20,3.00,Home,2,Cancelled,Affiliate,South,P-382,SKU-4002,33.92,1.85,5.43,Returning,Debit Card
ORD-25117,CUST-10047,SESS-30117,CART-27117,2025-03-28,279.75,85.29,13.38,Sports,1,Shipped,Mobile App,West,P-549,SKU-840,279.75,4.68,22.38,VIP,Crypto
ORD-25118,CUST-10048,SESS-30118,CART-27118,2024-10-12,434.21,164.57,19.17,Sports,2,Cancelled,Affiliate,International,P-968,SKU-3825,217.11,17.48,34.74,New,PayPal
ORD-25119,CUST-10048,SESS-30119,CART-27119,2025-07-08,46.72,23.77,24.51,Home,2,Completed,Mobile App,South,P-755,SKU-2352,23.36,3.84,3.74,VIP,Debit Card
ORD-25120,CUST-10049,SESS-30120,CART-27120,2024-06-30,79.85,32.88,36.14,Home,1,Completed,Web,South,P-458,SKU-4477,79.85,0.91,6.39,VIP,Credit Card
ORD-25121,CUST-10049,SESS-30121,CART-27121,2024-06-03,198.59,102.95,32.53,Electronics,4,Pending,Mobile App,East,P-68,SKU-2483,49.65,16.80,15.89,VIP,Crypto
ORD-25122,CUST-10049,SESS-30122,CART-27122,2024-08-21,295.97,158.67,14.36,Home,5,Shipped,Mobile App,International,P-44,SKU-3136,59.19,7.51,23.68,VIP,Debit Card
ORD-25123,CUST-10050,SESS-30123,CART-27123,2024-08-05,423.83,180.60,22.57,Electronics,3,Cancelled,Social Media,South,P-788,SKU-1572,141.28,5.82,33.91,Returning,PayPal
ORD-25124,CUST-10050,SESS-30124,CART-27124,2024-02-15,  189.28  ,112.26,4.16,  sports  ,5,Returned,Mobile App,West,P-618,SKU-3671,37.86,2.60,15.14,Returning,Credit Card
ORD-25125,CUST-10051,SESS-30125,CART-27125,2023-04-27,292.17,156.40,16.75,Home,1,Pending,Mobile App,International,P-792,SKU-1107,292.17,11.26,23.37,New,Crypto
ORD-25126,CUST-10051,SESS-30126,CART-27126,2025-01-21,141.49,44.03,11.78,Sports,4,Completed,Web,International,P-523,SKU-4215,35.37,4.49,11.32,Returning,PayPal
ORD-25127,CUST-10051,SESS-30127,CART-27127,2026-01-17,123.39,44.53,39.08,Home,4,Completed,Mobile App,International,P-570,SKU-1867,30.85,3.17,9.87,VIP,Crypto
ORD-25128,CUST-10052,SESS-30128,CART-27128,2023-03-15,215.55,77.57,48.76,Beauty,3,Shipped,Social Media,West,P-325,SKU-2264,71.85,1.14,17.24,VIP,Crypto
ORD-25129,CUST-10052,SESS-30129,CART-27129,2/15/2023,191.50,90.58,26.73,Beauty,1,Cancelled,Social Media,East,P-78,SKU-1905,191.50,10.86,15.32,Returning,Crypto
ORD-25130,CUST-10053,SESS-30130,CART-27130,2024-06-17,121.74,43.70,6.85,Sports,4,Returned,Mobile App,East,P-956,SKU-2795,30.44,6.99,9.74,VIP,Crypto
ORD-25131,CUST-10053,SESS-30131,CART-27131,2025-05-15,321.26,170.06,28.91,Electronics,1,Cancelled,Mobile App,East,P-429,SKU-2838,321.26,10.01,25.70,New,Debit Card
ORD-25132,CUST-10053,SESS-30132,CART-27132,2024-11-23,372.18,183.65,31.27,Fashion,2,Completed,Social Media,North,P-847,SKU-214,186.09,17.85,29.77,New,Credit Card
ORD-25133,CUST-10054,SESS-30133,CART-27133,2024-09-27,231.35,134.34,2.94,Beauty,1,Completed,Mobile App,North,P-921,SKU-3865,231.35,10.22,18.51,VIP,Crypto
ORD-25134,CUST-10054,SESS-30134,CART-27134,2023-09-19,478.78,164.66,37.50,NULL,5,Returned,Social Media,West,P-481,SKU-4912,95.76,1.74,38.30,New,Debit Card
ORD-25135,CUST-10055,SESS-30135,CART-27135,2024-05-12,231.72,101.91,1.12,Sports,5,Cancelled,Mobile App,International,P-65,SKU-120,46.34,9.91,18.54,Returning,PayPal
ORD-25136,CUST-10055,SESS-30136,CART-27136,2025-01-10,429.02,257.26,36.78,NULL,2,Cancelled,Social Media,East,P-346,SKU-4445,214.51,0.43,34.32,New,Crypto
ORD-25137,CUST-10055,SESS-30137,CART-27137,2025-09-19,294.15,139.91,8.44,Sports,1,Completed,Affiliate,East,P-372,SKU-3951,294.15,15.27,23.53,New,Crypto
ORD-25138,CUST-10056,SESS-30138,CART-27138,2025-11-14,14.49,7.56,19.62,Home,2,Pending,Web,South,P-995,SKU-3849,7.25,18.69,1.16,New,Credit Card
ORD-25139,CUST-10056,SESS-30139,CART-27139,2023-08-05,306.94,104.07,45.60,Sports,1,Completed,Affiliate,International,P-65,SKU-2723,306.94,4.98,24.56,Returning,Debit Card
ORD-25140,CUST-10057,SESS-30140,CART-27140,2024-09-12,NULL,107.16,30.76,Beauty,5,Cancelled,Mobile App,International,P-203,SKU-3871,37.36,15.83,14.95,VIP,Crypto
ORD-25141,CUST-10057,SESS-30141,CART-27141,2023-01-23,340.89,147.05,13.77,Sports,2,Completed,Social Media,East,P-494,SKU-4570,170.44,15.51,27.27,VIP,Credit Card
ORD-25142,CUST-10057,SESS-30142,CART-27142,8/30/2024,469.38,226.05,3.37,Electronics,1,Cancelled,Affiliate,West,P-40,SKU-1061,469.38,8.95,37.55,VIP,Crypto
ORD-25143,CUST-10058,SESS-30143,CART-27143,2025-07-01,507.27,191.72,36.52,Home,5,Completed,Social Media,South,P-535,SKU-3782,101.45,16.46,40.58,New,Debit Card
ORD-25144,CUST-10058,SESS-30144,CART-27144,2024-12-25,376.66,206.59,10.13,Electronics,3,Completed,Affiliate,North,P-40,SKU-3825,125.55,7.13,30.13,VIP,Crypto
ORD-25145,CUST-10059,SESS-30145,CART-27145,2025-09-15,58.08,20.72,6.66,Electronics,3,Completed,Affiliate,South,P-989,SKU-4385,19.36,14.99,4.65,Returning,Crypto
ORD-25146,CUST-10059,SESS-30146,CART-27146,2024-02-05,175.68,77.74,12.94,Home,5,Pending,Affiliate,International,P-801,SKU-2583,35.14,9.20,14.05,VIP,Credit Card
ORD-25147,CUST-10059,SESS-30147,CART-27147,2025-01-27,  313.84  ,184.58,12.73,Beauty,3,Pending,Social Media,East,P-895,SKU-1637,104.61,3.08,25.11,VIP,Debit Card
ORD-25148,CUST-10060,SESS-30148,CART-27148,2025-05-28,,171.80,30.70,Electronics,4,Returned,Web,International,P-700,SKU-84,80.76,17.53,25.84,New,Debit Card
ORD-25149,CUST-10060,SESS-30149,CART-27149,1749459694610,126.50,47.02,26.67,Sports,2,Shipped,Web,West,P-157,SKU-1280,63.25,3.08,10.12,VIP,Crypto
ORD-25150,CUST-10061,SESS-30150,CART-27150,2025-03-07,19.37,10.81,12.68,Home,4,Cancelled,Mobile App,South,P-446,SKU-567,4.84,15.16,1.55,VIP,Debit Card
ORD-25151,CUST-10061,SESS-30151,CART-27151,11/18/2023,282.90,113.59,2.72,Home,1,Shipped,Web,West,P-413,SKU-2177,282.90,0.50,22.63,New,PayPal
ORD-25152,CUST-10061,SESS-30152,CART-27152,2023-08-29,67.25,37.58,30.31,Electronics,2,Returned,Web,International,P-924,SKU-2844,33.62,3.53,5.38,VIP,PayPal
ORD-25153,CUST-10062,SESS-30153,CART-27153,2024-11-02,  303.44  ,172.53,19.56,Home,3,Completed,Affiliate,North,P-31,SKU-1475,101.15,0.01,24.28,Returning,Credit Card
ORD-25154,CUST-10062,SESS-30154,CART-27154,2025-12-21,159.47,48.54,36.55,Electronics,3,Completed,Social Media,South,P-344,SKU-4541,53.16,13.16,12.76,Returning,PayPal
ORD-25155,CUST-10063,SESS-30155,CART-27155,2023-09-17,387.67,139.78,21.85,Home,5,Completed,Mobile App,International,P-837,SKU-2780,77.53,0.73,31.01,New,Credit Card
ORD-25156,CUST-10063,SESS-30156,CART-27156,2023-03-06,197.71,71.30,8.01,Beauty,1,Pending,Social Media,South,P-730,SKU-3715,197.71,11.12,15.82,VIP,Credit Card
ORD-25157,CUST-10063,SESS-30157,CART-27157,2025-03-24,171.18,93.40,42.17,Electronics,1,Completed,Affiliate,South,P-599,SKU-3290,171.18,14.31,13.69,VIP,Debit Card
ORD-25158,CUST-10064,SESS-30158,CART-27158,2023-02-03,199.60,114.29,30.22,Sports,4,Returned,Mobile App,South,P-157,SKU-3690,49.90,15.57,15.97,Returning,PayPal
ORD-25159,CUST-10064,SESS-30159,CART-27159,2024-04-07,211.77,116.56,8.26,Electronics,1,Pending,Web,North,P-508,SKU-4123,211.77,8.31,16.94,Returning,Credit Card
ORD-25160,CUST-10065,SESS-30160,CART-27160,2025-03-14,138.70,72.84,43.56,Home,1,Shipped,Affiliate,International,P-335,SKU-1453,138.70,9.49,11.10,New,Credit Card
ORD-25161,CUST-10065,SESS-30161,CART-27161,2024-05-15,384.61,172.47,31.84,Home,5,Pending,Social Media,North,P-160,SKU-2388,76.92,4.15,30.77,Returning,PayPal
ORD-25162,CUST-10065,SESS-30162,CART-27162,2023-02-20,144.87,85.24,40.68,Home,5,Pending,Web,West,P-793,SKU-1661,28.97,1.20,11.59,VIP,Credit Card
ORD-25163,CUST-10066,SESS-30163,CART-27163,1688923645987,222.41,120.85,11.02,Home,3,Completed,Web,East,P-219,SKU-1972,74.14,7.18,17.79,Returning,Debit Card
ORD-25164,CUST-10066,SESS-30164,CART-27164,2025-05-06,405.54,156.81,5.99,Home,3,Returned,Web,South,P-544,SKU-3586,135.18,6.97,32.44,New,PayPal
ORD-25165,CUST-10067,SESS-30165,CART-27165,2026-01-01,  176.45  ,79.24,3.55,Beauty,2,Returned,Affiliate,International,P-856,SKU-3432,88.23,13.48,14.12,New,PayPal
ORD-25166,CUST-10067,SESS-30166,CART-27166,2023-10-10,NULL,32.89,49.42,Sports,1,Returned,Mobile App,International,P-55,SKU-2865,83.53,7.60,6.68,New,Debit Card
ORD-25167,CUST-10067,SESS-30167,CART-27167,2024-12-26,163.39,87.08,29.18,Electronics,5,Pending,Affiliate,South,P-757,SKU-2114,32.68,9.26,13.07,Returning,Debit Card
ORD-25168,CUST-10068,SESS-30168,CART-27168,2025-04-27,440.98,197.91,34.63,Fashion,5,Completed,Web,West,P-678,SKU-519,88.20,15.92,35.28,Returning,Credit Card
ORD-25169,CUST-10068,SESS-30169,CART-27169,2025-09-15,386.73,129.11,5.43,Electronics,5,Shipped,Web,International,P-257,SKU-4185,77.35,12.84,30.94,Returning,PayPal
ORD-25170,CUST-10069,SESS-30170,CART-27170,2024-07-30,118.31,53.11,25.07,Beauty,2,Completed,Social Media,International,P-650,SKU-985,59.15,13.77,9.46,Returning,Credit Card
ORD-25171,CUST-10069,SESS-30171,CART-27171,2023-10-10,241.53,97.15,0.01,  electronics  ,1,Returned,Affiliate,West,P-966,SKU-1789,241.53,12.50,19.32,VIP,Crypto
ORD-25172,CUST-10069,SESS-30172,CART-27172,1751224500290,258.59,141.19,2.24,  beauty  ,3,Pending,Social Media,South,P-214,SKU-2600,86.20,0.90,20.69,VIP,Credit Card
ORD-25173,CUST-10070,SESS-30173,CART-27173,2024-01-18,345.92,173.84,9.60,Fashion,3,Completed,Mobile App,West,P-32,SKU-495,115.31,10.33,27.67,New,Credit Card
ORD-25174,CUST-10070,SESS-30174,CART-27174,2025-04-27,204.71,79.72,38.46,Fashion,4,Completed,Web,International,P-650,SKU-1026,51.18,9.40,16.38,Returning,Crypto
ORD-25175,CUST-10071,SESS-30175,CART-27175,2025-06-14,148.61,44.94,8.39,Fashion,3,Returned,Affiliate,North,P-346,SKU-3880,49.54,5.93,11.89,VIP,PayPal
ORD-25176,CUST-10071,SESS-30176,CART-27176,2024-12-28,341.97,146.66,2.62,Fashion,1,Shipped,Social Media,North,P-978,SKU-1984,341.97,1.91,27.36,Returning,Credit Card
ORD-25177,CUST-10071,SESS-30177,CART-27177,2025-05-26,84.38,35.15,23.48,Home,,Returned,Web,North,P-529,SKU-4211,16.88,15.21,6.75,New,Credit Card
ORD-25178,CUST-10072,SESS-30178,CART-27178,2025-11-02,396.23,222.32,46.65,Fashion,4,Pending,Web,West,P-232,SKU-561,99.06,1.64,31.70,Returning,Crypto
ORD-25179,CUST-10072,SESS-30179,CART-27179,7/5/2023,337.99,131.08,8.65,Home,3,Returned,Mobile App,South,P-640,SKU-3364,112.66,17.74,27.04,New,PayPal
ORD-25180,CUST-10073,SESS-30180,CART-27180,2023-03-15,314.62,101.93,40.54,Fashion,5,Completed,Web,South,P-546,SKU-3560,62.92,13.61,25.17,VIP,Crypto
ORD-25181,CUST-10073,SESS-30181,CART-27181,2025-06-22,228.38,93.65,25.55,Beauty,2,Cancelled,Web,North,P-689,SKU-528,114.19,4.87,18.27,VIP,Crypto
ORD-25182,CUST-10073,SESS-30182,CART-27182,2023-03-04,243.84,90.24,19.50,Sports,2,Returned,Mobile App,North,P-2,SKU-1706,121.92,13.32,19.51,Returning,Credit Card
ORD-25183,CUST-10074,SESS-30183,CART-27183,2023-10-29,29.25,10.78,19.94,Beauty,3,Pending,Web,South,P-210,SKU-2028,9.75,10.06,2.34,New,Credit Card
ORD-25184,CUST-10074,SESS-30184,CART-27184,2023-02-03,221.80,99.80,39.27,Sports,4,Pending,Affiliate,North,P-810,SKU-3184,55.45,4.81,17.74,Returning,Credit Card
ORD-25185,CUST-10075,SESS-30185,CART-27185,2025-10-24,361.98,159.03,5.05,Fashion,3,Returned,Web,East,P-235,SKU-3570,120.66,2.84,28.96,Returning,Crypto
ORD-25186,CUST-10075,SESS-30186,CART-27186,2024-08-10,484.78,244.65,38.27,Beauty,1,Pending,Affiliate,North,P-425,SKU-1478,484.78,4.32,38.78,VIP,PayPal
ORD-25187,CUST-10075,SESS-30187,CART-27187,2023-04-27,154.97,87.19,29.50,Beauty,4,Shipped,Affiliate,International,P-514,SKU-923,38.74,15.54,12.40,New,Crypto
ORD-25188,CUST-10076,SESS-30188,CART-27188,2024-04-08,473.17,212.97,20.52,Beauty,1,Completed,Affiliate,West,P-199,SKU-2316,473.17,19.97,37.85,Returning,Debit Card
ORD-25189,CUST-10076,SESS-30189,CART-27189,2024-06-11,195.41,72.85,34.44,Beauty,1,Completed,Affiliate,East,P-176,SKU-3872,195.41,19.46,15.63,Returning,Crypto
ORD-25190,CUST-10077,SESS-30190,CART-27190,1743471112204,288.74,149.57,0.70,Fashion,2,Returned,Social Media,International,P-490,SKU-3091,144.37,18.45,23.10,VIP,Debit Card
ORD-25191,CUST-10077,SESS-30191,CART-27191,2024-01-27,32.26,16.51,1.59,Electronics,1,Returned,Web,North,P-149,SKU-176,32.26,2.19,2.58,VIP,Credit Card
ORD-25192,CUST-10077,SESS-30192,CART-27192,2024-09-24,386.57,116.28,8.33,Sports,4,Completed,Web,West,P-128,SKU-1802,96.64,7.47,30.93,VIP,Credit Card
ORD-25193,CUST-10078,SESS-30193,CART-27193,2025-11-04,152.00,82.89,38.22,Beauty,5,Completed,Affiliate,International,P-531,SKU-4503,30.40,13.72,12.16,VIP,Crypto
ORD-25194,CUST-10078,SESS-30194,CART-27194,2025-10-24,223.48,95.71,40.03,Home,5,Pending,Social Media,East,P-516,SKU-4855,44.70,8.33,17.88,New,Crypto
ORD-25195,CUST-10079,SESS-30195,CART-27195,2024-03-12,110.08,58.06,46.33,Electronics,3,Shipped,Web,East,P-111,SKU-4383,36.69,12.23,8.81,Returning,PayPal
ORD-25196,CUST-10079,SESS-30196,CART-27196,2024-01-14,244.25,99.18,45.31,  fashion  ,2,Returned,Mobile App,East,P-187,SKU-4930,122.13,19.76,19.54,VIP,Debit Card
ORD-25197,CUST-10079,SESS-30197,CART-27197,2026-03-07,96.26,46.35,6.14,Sports,4,Cancelled,Affiliate,North,P-979,SKU-4343,24.07,6.02,7.70,New,Crypto
ORD-25198,CUST-10080,SESS-30198,CART-27198,2024-07-21,497.33,278.49,44.11,Sports,5,Cancelled,Social Media,International,P-915,SKU-4175,99.47,11.54,39.79,New,Credit Card
ORD-25199,CUST-10080,SESS-30199,CART-27199,2023-03-10,259.69,90.17,13.67,Fashion,4,Completed,Social Media,East,P-780,SKU-3104,64.92,0.98,20.78,Returning,PayPal
ORD-25200,CUST-10081,SESS-30200,CART-27200,2024-04-05,30.78,9.45,31.75,Home,2,Shipped,Affiliate,North,P-587,SKU-1790,15.39,6.12,2.46,New,Credit Card
ORD-25201,CUST-10081,SESS-30201,CART-27201,2024-10-30,457.59,149.30,49.26,Fashion,5,Returned,Mobile App,West,P-8,SKU-717,91.52,8.84,36.61,Returning,Crypto
ORD-25202,CUST-10081,SESS-30202,CART-27202,2026-02-15,13.47,7.59,20.65,Electronics,1,Shipped,Social Media,East,P-192,SKU-4739,13.47,9.54,1.08,Returning,Crypto
ORD-25203,CUST-10082,SESS-30203,CART-27203,2025-05-09,136.50,43.93,40.30,Beauty,4,Pending,Web,South,P-690,SKU-3406,34.13,13.39,10.92,Returning,PayPal
ORD-25204,CUST-10082,SESS-30204,CART-27204,2023-02-25,199.49,83.82,22.28,Electronics,1,Shipped,Social Media,North,P-820,SKU-1433,199.49,2.71,15.96,VIP,Crypto
ORD-25205,CUST-10083,SESS-30205,CART-27205,2024-05-27,190.71,90.86,21.71,Home,4,Returned,Web,North,P-213,SKU-1225,47.68,2.21,15.26,VIP,Credit Card
ORD-25206,CUST-10083,SESS-30206,CART-27206,2023-02-22,352.59,133.52,28.05,Electronics,2,Cancelled,Social Media,East,P-281,SKU-4284,176.30,13.75,28.21,VIP,Credit Card
ORD-25207,CUST-10083,SESS-30207,CART-27207,2024-12-02,93.94,52.70,3.20,Electronics,4,Returned,Social Media,East,P-290,SKU-2961,23.49,18.84,7.52,VIP,PayPal
ORD-25208,CUST-10084,SESS-30208,CART-27208,1720294858344,438.91,198.76,6.41,NULL,2,Pending,Web,East,P-415,SKU-4818,219.46,16.04,35.11,New,Credit Card
ORD-25209,CUST-10084,SESS-30209,CART-27209,2024-03-17,384.99,207.88,11.59,  electronics  ,1,Completed,Affiliate,East,P-179,SKU-3512,384.99,13.69,30.80,VIP,Credit Card
ORD-25210,CUST-10085,SESS-30210,CART-27210,2024-02-26,169.39,81.18,39.15,Sports,4,Returned,Mobile App,South,P-166,SKU-2093,42.35,10.76,13.55,Returning,Credit Card
ORD-25211,CUST-10085,SESS-30211,CART-27211,2024-10-22,291.97,102.69,46.04,Home,4,Shipped,Mobile App,North,P-196,SKU-4360,72.99,2.84,23.36,Returning,Debit Card
ORD-25212,CUST-10085,SESS-30212,CART-27212,2024-03-28,121.44,40.29,13.60,Fashion,3,Returned,Social Media,West,P-922,SKU-400,40.48,18.98,9.72,VIP,Debit Card
ORD-25213,CUST-10086,SESS-30213,CART-27213,2024-10-12,79.64,39.95,46.23,Home,5,Cancelled,Mobile App,International,P-680,SKU-2587,15.93,9.18,6.37,Returning,Credit Card
ORD-25214,CUST-10086,SESS-30214,CART-27214,2023-10-09,108.44,48.07,45.44,Fashion,5,Returned,Social Media,East,P-698,SKU-2919,21.69,18.22,8.68,New,Debit Card
ORD-25215,CUST-10087,SESS-30215,CART-27215,2025-08-01,322.59,159.58,2.99,,4,Cancelled,Web,West,P-401,SKU-3884,80.65,6.48,25.81,New,Debit Card
ORD-25216,CUST-10087,SESS-30216,CART-27216,2023-03-18,38.23,14.73,17.99,Fashion,3,Pending,Affiliate,North,P-828,SKU-2744,12.74,11.11,3.06,VIP,PayPal
ORD-25217,CUST-10087,SESS-30217,CART-27217,2025-04-05,288.79,171.38,29.54,Electronics,4,Cancelled,Social Media,North,P-756,SKU-3571,72.20,0.84,23.10,New,PayPal
ORD-25218,CUST-10088,SESS-30218,CART-27218,2026-01-07,438.74,253.41,22.63,Electronics,5,Cancelled,Affiliate,North,P-582,SKU-2501,87.75,17.13,35.10,Returning,Credit Card
ORD-25219,CUST-10088,SESS-30219,CART-27219,2025-04-25,166.86,53.98,15.46,Home,3,Shipped,Affiliate,East,P-349,SKU-989,55.62,6.48,13.35,Returning,Debit Card
ORD-25220,CUST-10089,SESS-30220,CART-27220,2024-11-26,298.26,141.52,12.84,Electronics,2,Pending,Mobile App,West,P-265,SKU-635,149.13,12.65,23.86,New,PayPal
ORD-25221,CUST-10089,SESS-30221,CART-27221,1685650339113,362.54,161.11,44.52,Beauty,5,Shipped,Social Media,North,P-222,SKU-2623,72.51,19.38,29.00,VIP,Crypto
ORD-25222,CUST-10089,SESS-30222,CART-27222,1676524567291,410.22,164.99,44.82,Electronics,3,Returned,Web,North,P-816,SKU-121,136.74,11.02,32.82,New,Debit Card
ORD-25223,CUST-10090,SESS-30223,CART-27223,2023-08-13,403.20,228.99,32.34,Sports,4,Pending,Affiliate,East,P-569,SKU-4708,100.80,9.42,32.26,New,PayPal
ORD-25224,CUST-10090,SESS-30224,CART-27224,2025-03-12,382.91,132.79,44.15,Sports,4,Completed,Mobile App,International,P-79,SKU-2470,95.73,15.95,30.63,Returning,PayPal
ORD-25225,CUST-10091,SESS-30225,CART-27225,2024-12-12,74.00,36.70,4.77,Electronics,4,Returned,Web,North,P-411,SKU-132,18.50,3.96,5.92,VIP,Crypto
ORD-25226,CUST-10091,SESS-30226,CART-27226,2023-01-29,15.31,8.91,49.21,Home,4,Pending,Web,North,P-657,SKU-4355,3.83,13.17,1.22,Returning,Credit Card
ORD-25227,CUST-10091,SESS-30227,CART-27227,2023-03-21,191.58,78.13,49.98,Sports,3,Cancelled,Mobile App,South,P-852,SKU-4397,63.86,1.12,15.33,Returning,Credit Card
ORD-25228,CUST-10092,SESS-30228,CART-27228,2025-04-05,243.16,117.25,4.55,Sports,4,Pending,Mobile App,North,P-920,SKU-965,60.79,18.76,19.45,New,Debit Card
ORD-25229,CUST-10092,SESS-30229,CART-27229,2024-12-17,405.41,186.72,1.05,Sports,5,Completed,Web,East,P-34,SKU-1884,81.08,2.65,32.43,Returning,Debit Card
ORD-25230,CUST-10093,SESS-30230,CART-27230,2025-07-13,112.62,38.00,26.51,Electronics,2,Completed,Web,East,P-333,SKU-1289,56.31,0.01,9.01,VIP,Debit Card
ORD-25231,CUST-10093,SESS-30231,CART-27231,1/15/2025,182.93,70.43,32.93,Sports,3,Returned,Affiliate,North,P-470,SKU-2970,60.98,14.64,14.63,New,Debit Card
ORD-25232,CUST-10093,SESS-30232,CART-27232,2025-04-27,NULL,226.79,6.48,Electronics,1,Returned,Mobile App,South,P-800,SKU-2739,500.70,18.06,40.06,New,Debit Card
ORD-25233,CUST-10094,SESS-30233,CART-27233,2023-08-12,432.89,209.58,11.01,Sports,1,Pending,Mobile App,West,P-424,SKU-358,432.89,12.95,34.63,New,Credit Card
ORD-25234,CUST-10094,SESS-30234,CART-27234,2023-04-29,339.58,135.89,0.50,Sports,5,Returned,Affiliate,North,P-928,SKU-2973,67.92,9.64,27.17,Returning,PayPal
ORD-25235,CUST-10095,SESS-30235,CART-27235,2023-01-05,86.65,43.15,30.62,Home,4,Pending,Social Media,West,P-774,SKU-18,21.66,13.45,6.93,VIP,Credit Card
ORD-25236,CUST-10095,SESS-30236,CART-27236,2025-03-01,292.12,126.33,42.20,Home,3,Pending,Web,North,P-45,SKU-3975,97.37,2.60,23.37,New,PayPal
ORD-25237,CUST-10095,SESS-30237,CART-27237,2023-11-10,280.68,123.16,23.23,,1,Completed,Social Media,South,P-136,SKU-1588,280.68,16.69,22.45,VIP,Crypto
ORD-25238,CUST-10096,SESS-30238,CART-27238,1740180510764,487.21,225.83,47.63,Sports,,Shipped,Affiliate,North,P-623,SKU-4978,121.80,14.91,38.98,Returning,Debit Card
ORD-25239,CUST-10096,SESS-30239,CART-27239,2023-06-20,38.61,12.72,4.87,Electronics,2,Pending,Mobile App,North,P-107,SKU-2876,19.31,6.73,3.09,VIP,Credit Card
ORD-25240,CUST-10097,SESS-30240,CART-27240,1765112114638,47.74,23.76,45.67,Fashion,1,Returned,Social Media,East,P-230,SKU-3396,47.74,17.27,3.82,Returning,Crypto
ORD-25241,CUST-10097,SESS-30241,CART-27241,2023-10-17,412.24,186.10,13.17,Beauty,5,Pending,Social Media,International,P-328,SKU-1309,82.45,12.15,32.98,VIP,PayPal
ORD-25242,CUST-10097,SESS-30242,CART-27242,2025-07-30,492.69,237.59,18.00,Beauty,1,Cancelled,Web,East,P-448,SKU-1457,492.69,6.29,39.42,New,Crypto
ORD-25243,CUST-10098,SESS-30243,CART-27243,1731715311757,296.52,115.33,39.31,Electronics,2,Returned,Mobile App,South,P-807,SKU-1620,148.26,6.47,23.72,Returning,Crypto
ORD-25244,CUST-10098,SESS-30244,CART-27244,2024-11-04,314.73,114.90,2.81,Beauty,2,Shipped,Mobile App,South,P-776,SKU-946,157.37,2.23,25.18,Returning,Crypto
ORD-25245,CUST-10099,SESS-30245,CART-27245,2025-01-01,227.23,85.88,24.56,Beauty,3,Cancelled,Web,East,P-144,SKU-3369,75.74,19.25,18.18,New,Credit Card
ORD-25246,CUST-10099,SESS-30246,CART-27246,2025-11-20,257.19,83.86,39.19,Home,5,Completed,Social Media,North,P-101,SKU-3612,51.44,13.75,20.58,VIP,PayPal
ORD-25247,CUST-10099,SESS-30247,CART-27247,2024-01-09,256.76,140.96,20.29,,2,Pending,Web,North,P-221,SKU-2473,128.38,1.24,20.54,New,PayPal
ORD-25248,CUST-10100,SESS-30248,CART-27248,2024-02-08,134.06,41.43,12.81,  home  ,1,Returned,Social Media,South,P-635,SKU-4767,134.06,12.60,10.72,Returning,Credit Card
ORD-25249,CUST-10100,SESS-30249,CART-27249,2024-11-05,64.81,32.26,5.42,Sports,1,Shipped,Web,International,P-972,SKU-3276,64.81,9.58,5.18,Returning,Crypto
ORD-25250,CUST-10101,SESS-30250,CART-27250,2023-08-17,113.69,65.61,38.89,Electronics,5,Pending,Web,West,P-666,SKU-1620,22.74,13.50,9.10,VIP,Crypto
ORD-25251,CUST-10101,SESS-30251,CART-27251,2023-03-12,18.70,11.12,30.83,Electronics,1,Pending,Affiliate,International,P-840,SKU-1590,18.70,9.05,1.50,New,Crypto
ORD-25252,CUST-10101,SESS-30252,CART-27252,2025-07-04,299.00,153.64,43.66,Beauty,,Returned,Mobile App,South,P-300,SKU-904,59.80,18.20,23.92,New,PayPal
ORD-25253,CUST-10102,SESS-30253,CART-27253,2024-09-04,305.36,127.11,44.07,Home,5,Cancelled,Affiliate,International,P-764,SKU-4825,61.07,5.44,24.43,VIP,Crypto
ORD-25254,CUST-10102,SESS-30254,CART-27254,2023-03-19,170.10,57.40,12.41,Fashion,4,Pending,Web,International,P-177,SKU-2587,42.53,8.22,13.61,VIP,PayPal
ORD-25255,CUST-10103,SESS-30255,CART-27255,6/12/2023,426.77,191.30,36.10,Sports,1,Completed,Social Media,West,P-293,SKU-1258,426.77,7.79,34.14,Returning,Debit Card
ORD-25256,CUST-10103,SESS-30256,CART-27256,2024-08-31,182.46,80.27,32.62,Fashion,3,Returned,Mobile App,East,P-187,SKU-3346,60.82,8.66,14.60,Returning,Debit Card
ORD-25257,CUST-10103,SESS-30257,CART-27257,2023-11-22,116.27,57.04,36.34,Fashion,5,Shipped,Web,South,P-212,SKU-2680,23.25,7.21,9.30,Returning,Credit Card
ORD-25258,CUST-10104,SESS-30258,CART-27258,2026-02-15,406.93,184.75,26.00,Fashion,2,Shipped,Web,East,P-236,SKU-1989,203.46,11.78,32.55,VIP,PayPal
ORD-25259,CUST-10104,SESS-30259,CART-27259,2024-12-04,235.62,85.70,24.38,Home,4,Shipped,Social Media,North,P-736,SKU-4330,58.90,2.69,18.85,New,Debit Card
ORD-25260,CUST-10105,SESS-30260,CART-27260,2024-08-25,NULL,121.77,31.19,Beauty,5,Cancelled,Affiliate,International,P-912,SKU-3232,73.51,4.41,29.40,Returning,PayPal
ORD-25261,CUST-10105,SESS-30261,CART-27261,2025-12-21,382.60,130.12,48.40,  beauty  ,2,Completed,Affiliate,International,P-794,SKU-1520,191.30,19.77,30.61,New,Crypto
ORD-25262,CUST-10105,SESS-30262,CART-27262,2023-02-05,496.60,283.87,34.69,Fashion,3,Cancelled,Web,International,P-710,SKU-1770,165.53,18.59,39.73,Returning,Debit Card
ORD-25263,CUST-10106,SESS-30263,CART-27263,2023-04-21,298.25,154.48,10.74,Electronics,5,Completed,Web,North,P-581,SKU-341,59.65,6.89,23.86,VIP,PayPal
ORD-25264,CUST-10106,SESS-30264,CART-27264,11/3/2023,49.05,19.89,22.97,Beauty,4,Completed,Web,East,P-37,SKU-421,12.26,10.73,3.92,New,Crypto
ORD-25265,CUST-10107,SESS-30265,CART-27265,2024-06-04,72.07,30.32,48.31,NULL,1,Completed,Affiliate,West,P-739,SKU-1520,72.07,17.71,5.77,VIP,Debit Card
ORD-25266,CUST-10107,SESS-30266,CART-27266,2024-09-04,314.49,162.02,13.77,Sports,,Completed,Affiliate,North,P-20,SKU-3314,314.49,13.56,25.16,VIP,Debit Card
ORD-25267,CUST-10107,SESS-30267,CART-27267,2026-03-08,90.93,38.10,7.85,Electronics,NULL,Returned,Mobile App,North,P-251,SKU-4190,90.93,0.98,7.27,New,Credit Card
ORD-25268,CUST-10108,SESS-30268,CART-27268,2023-03-14,386.39,115.97,43.75,Electronics,1,Returned,Social Media,International,P-599,SKU-1711,386.39,5.96,30.91,VIP,Credit Card
ORD-25269,CUST-10108,SESS-30269,CART-27269,2025-11-22,268.68,107.39,45.81,Electronics,4,Shipped,Mobile App,West,P-99,SKU-604,67.17,5.23,21.49,Returning,Crypto
ORD-25270,CUST-10109,SESS-30270,CART-27270,2025-07-04,435.01,257.26,27.27,Fashion,4,Pending,Web,North,P-415,SKU-1452,108.75,19.97,34.80,Returning,PayPal
ORD-25271,CUST-10109,SESS-30271,CART-27271,2025-10-19,  418.61  ,163.89,45.61,Electronics,5,Completed,Web,International,P-40,SKU-1908,83.72,19.80,33.49,New,PayPal
ORD-25272,CUST-10109,SESS-30272,CART-27272,2024-06-14,390.50,183.68,12.95,Electronics,5,Cancelled,Social Media,North,P-415,SKU-3203,78.10,18.26,31.24,VIP,Crypto
ORD-25273,CUST-10110,SESS-30273,CART-27273,2025-02-27,108.30,63.96,32.51,Home,2,Pending,Social Media,South,P-293,SKU-1924,54.15,1.95,8.66,New,Credit Card
ORD-25274,CUST-10110,SESS-30274,CART-27274,2025-07-23,32.81,13.41,48.43,Electronics,1,Cancelled,Web,South,P-698,SKU-448,32.81,15.48,2.62,Returning,Crypto
ORD-25275,CUST-10111,SESS-30275,CART-27275,2025-04-23,369.96,130.23,40.46,Sports,2,Completed,Mobile App,North,P-837,SKU-603,184.98,17.93,29.60,Returning,Crypto
ORD-25276,CUST-10111,SESS-30276,CART-27276,2024-12-21,425.95,141.77,48.10,Beauty,1,Completed,Affiliate,East,P-658,SKU-2468,425.95,18.16,34.08,Returning,PayPal
ORD-25277,CUST-10111,SESS-30277,CART-27277,2023-12-19,152.33,82.88,3.56,,1,Pending,Social Media,West,P-776,SKU-4480,152.33,10.28,12.19,VIP,Debit Card
ORD-25278,CUST-10112,SESS-30278,CART-27278,2023-04-02,438.12,239.92,49.51,Beauty,4,Cancelled,Affiliate,East,P-874,SKU-4356,109.53,1.62,35.05,Returning,Crypto
ORD-25279,CUST-10112,SESS-30279,CART-27279,2024-09-21,227.28,109.91,41.21,Home,5,Returned,Social Media,East,P-76,SKU-2517,45.46,3.43,18.18,New,Debit Card
ORD-25280,CUST-10113,SESS-30280,CART-27280,2023-05-04,167.01,79.92,37.46,Sports,5,Completed,Mobile App,North,P-486,SKU-80,33.40,16.83,13.36,Returning,Credit Card
ORD-25281,CUST-10113,SESS-30281,CART-27281,2023-06-08,430.42,145.44,26.45,Sports,1,Cancelled,Mobile App,West,P-747,SKU-1820,430.42,6.24,34.43,Returning,Credit Card
ORD-25282,CUST-10113,SESS-30282,CART-27282,2025-12-16,28.50,10.23,48.27,Home,2,Returned,Social Media,East,P-595,SKU-3579,14.25,18.03,2.28,New,PayPal
ORD-25283,CUST-10114,SESS-30283,CART-27283,2023-03-12,267.71,144.68,27.20,Fashion,2,Returned,Affiliate,International,P-447,SKU-4992,133.86,9.51,21.42,VIP,Credit Card
ORD-25284,CUST-10114,SESS-30284,CART-27284,2023-11-14,506.81,243.22,48.76,Electronics,1,Pending,Social Media,South,P-238,SKU-3854,506.81,8.47,40.54,VIP,PayPal
ORD-25285,CUST-10115,SESS-30285,CART-27285,2024-10-04,206.45,74.57,17.93,Home,4,Shipped,Affiliate,East,P-460,SKU-4753,51.61,14.22,16.52,New,Credit Card
ORD-25286,CUST-10115,SESS-30286,CART-27286,2024-04-12,281.04,138.14,31.12,Sports,1,Pending,Web,West,P-580,SKU-2519,281.04,8.64,22.48,New,Debit Card
ORD-25287,CUST-10115,SESS-30287,CART-27287,2023-11-21,26.86,14.12,1.96,Beauty,2,Pending,Social Media,West,P-114,SKU-3738,13.43,12.27,2.15,New,Crypto
ORD-25288,CUST-10116,SESS-30288,CART-27288,2023-04-24,176.29,57.08,19.53,Beauty,4,Shipped,Affiliate,South,P-265,SKU-4008,44.07,17.77,14.10,Returning,Debit Card
ORD-25289,CUST-10116,SESS-30289,CART-27289,2025-05-26,316.63,119.01,35.74,Home,2,Pending,Mobile App,East,P-843,SKU-2619,158.31,5.22,25.33,New,Debit Card
ORD-25290,CUST-10117,SESS-30290,CART-27290,2025-01-27,446.59,207.22,9.90,Sports,3,Pending,Affiliate,East,P-285,SKU-149,148.86,2.08,35.73,VIP,Credit Card
ORD-25291,CUST-10117,SESS-30291,CART-27291,2023-03-04,73.03,28.31,5.22,Fashion,2,Shipped,Mobile App,South,P-400,SKU-1352,36.51,9.45,5.84,VIP,PayPal
ORD-25292,CUST-10117,SESS-30292,CART-27292,2025-11-03,24.56,13.92,2.66,Beauty,1,Pending,Affiliate,West,P-200,SKU-82,24.56,14.13,1.96,VIP,Debit Card
ORD-25293,CUST-10118,SESS-30293,CART-27293,2023-02-17,311.96,160.77,10.24,Beauty,4,Completed,Mobile App,East,P-618,SKU-2135,77.99,5.38,24.96,VIP,PayPal
ORD-25294,CUST-10118,SESS-30294,CART-27294,2025-05-22,339.53,130.50,6.52,Sports,3,Returned,Mobile App,North,P-46,SKU-3484,113.18,18.57,27.16,Returning,PayPal
ORD-25295,CUST-10119,SESS-30295,CART-27295,2025-08-07,277.71,152.16,19.00,Electronics,2,Pending,Social Media,North,P-404,SKU-1546,138.86,1.77,22.22,Returning,Crypto
ORD-25296,CUST-10119,SESS-30296,CART-27296,2024-02-26,273.85,163.38,39.60,Sports,2,Shipped,Mobile App,International,P-481,SKU-4339,136.92,10.59,21.91,VIP,Crypto
ORD-25297,CUST-10119,SESS-30297,CART-27297,2025-08-15,,191.41,17.25,Beauty,4,Shipped,Web,East,P-182,SKU-3556,105.40,14.96,33.73,VIP,Crypto
ORD-25298,CUST-10120,SESS-30298,CART-27298,2023-10-30,200.51,119.03,2.10,Home,3,Pending,Social Media,International,P-348,SKU-2367,66.84,6.27,16.04,Returning,Debit Card
ORD-25299,CUST-10120,SESS-30299,CART-27299,2023-07-08,170.62,66.96,8.81,Beauty,3,Cancelled,Social Media,International,P-463,SKU-1713,56.87,14.90,13.65,New,Debit Card
ORD-25300,CUST-10121,SESS-30300,CART-27300,2025-01-27,204.79,81.11,29.06,Sports,4,Pending,Social Media,East,P-301,SKU-966,51.20,10.47,16.38,Returning,Crypto
ORD-25301,CUST-10121,SESS-30301,CART-27301,2025-04-30,207.05,109.04,21.19,Beauty,5,Shipped,Mobile App,North,P-396,SKU-227,41.41,16.81,16.56,New,PayPal
ORD-25302,CUST-10121,SESS-30302,CART-27302,2025-12-19,109.33,63.17,12.02,Sports,4,Completed,Mobile App,East,P-755,SKU-4073,27.33,10.42,8.75,Returning,Credit Card
ORD-25303,CUST-10122,SESS-30303,CART-27303,2023-01-15,223.62,111.11,1.98,Electronics,3,Completed,Affiliate,South,P-485,SKU-2446,74.54,2.41,17.89,Returning,PayPal
ORD-25304,CUST-10122,SESS-30304,CART-27304,2026-01-21,490.33,161.02,34.66,Electronics,5,Completed,Affiliate,West,P-468,SKU-979,98.07,17.78,39.23,VIP,Crypto
ORD-25305,CUST-10123,SESS-30305,CART-27305,2025-03-16,150.02,73.62,34.12,  electronics  ,2,Pending,Affiliate,North,P-27,SKU-4119,75.01,18.16,12.00,VIP,Crypto
ORD-25306,CUST-10123,SESS-30306,CART-27306,2025-04-16,484.42,229.60,14.69,Beauty,3,Shipped,Affiliate,West,P-301,SKU-1993,161.47,10.99,38.75,Returning,Credit Card
ORD-25307,CUST-10123,SESS-30307,CART-27307,2025-01-20,494.74,270.23,30.98,Home,5,Pending,Affiliate,West,P-735,SKU-3364,98.95,0.33,39.58,New,Crypto
ORD-25308,CUST-10124,SESS-30308,CART-27308,2023-12-17,469.53,198.45,26.38,Home,1,Completed,Affiliate,West,P-681,SKU-238,469.53,11.67,37.56,New,PayPal
ORD-25309,CUST-10124,SESS-30309,CART-27309,2025-01-17,121.11,64.92,18.06,Sports,5,Returned,Web,South,P-431,SKU-1791,24.22,12.76,9.69,Returning,Debit Card
ORD-25310,CUST-10125,SESS-30310,CART-27310,2024-03-14,191.25,101.81,12.58,Home,3,Completed,Web,South,P-902,SKU-3359,63.75,17.27,15.30,VIP,Credit Card
ORD-25311,CUST-10125,SESS-30311,CART-27311,2024-05-24,77.90,34.53,9.22,Beauty,1,Pending,Affiliate,International,P-997,SKU-901,77.90,11.14,6.23,New,PayPal
ORD-25312,CUST-10125,SESS-30312,CART-27312,2024-01-17,475.06,251.77,3.79,Fashion,2,Returned,Social Media,North,P-132,SKU-4959,237.53,11.67,38.00,Returning,PayPal
ORD-25313,CUST-10126,SESS-30313,CART-27313,2025-05-27,166.65,87.95,24.65,Electronics,1,Returned,Social Media,East,P-404,SKU-1834,166.65,3.91,13.33,Returning,Crypto
ORD-25314,CUST-10126,SESS-30314,CART-27314,2025-08-03,326.49,117.76,28.56,Sports,1,Returned,Affiliate,International,P-397,SKU-11,326.49,0.65,26.12,New,Debit Card
ORD-25315,CUST-10127,SESS-30315,CART-27315,2024-12-16,29.64,15.37,22.12,Beauty,2,Pending,Web,West,P-83,SKU-2500,14.82,15.21,2.37,VIP,PayPal
ORD-25316,CUST-10127,SESS-30316,CART-27316,2025-12-06,48.55,23.98,11.09,Home,1,Returned,Social Media,International,P-480,SKU-527,48.55,1.15,3.88,VIP,Credit Card
ORD-25317,CUST-10127,SESS-30317,CART-27317,2024-09-03,21.93,7.89,16.14,Electronics,5,Pending,Web,West,P-596,SKU-1543,4.39,19.22,1.75,VIP,Crypto
ORD-25318,CUST-10128,SESS-30318,CART-27318,2025-09-25,188.84,84.17,17.40,Fashion,5,Cancelled,Mobile App,South,P-292,SKU-3344,37.77,10.94,15.11,VIP,Crypto
ORD-25319,CUST-10128,SESS-30319,CART-27319,2023-11-21,362.42,184.71,46.37,  fashion  ,3,Pending,Web,East,P-78,SKU-1251,120.81,12.14,28.99,New,Credit Card
ORD-25320,CUST-10129,SESS-30320,CART-27320,2023-11-29,34.46,11.39,25.93,,5,Pending,Affiliate,East,P-974,SKU-1473,6.89,7.45,2.76,Returning,Crypto
ORD-25321,CUST-10129,SESS-30321,CART-27321,2025-07-05,132.17,76.62,33.56,Sports,5,Completed,Web,North,P-76,SKU-3274,26.43,5.30,10.57,New,PayPal
ORD-25322,CUST-10129,SESS-30322,CART-27322,2024-05-11,134.45,53.00,2.55,Beauty,2,Shipped,Web,East,P-942,SKU-2262,67.23,7.39,10.76,New,PayPal
ORD-25323,CUST-10130,SESS-30323,CART-27323,2025-08-25,NULL,198.04,5.91,Sports,5,Shipped,Mobile App,South,P-715,SKU-2025,75.85,3.12,30.34,New,Crypto
ORD-25324,CUST-10130,SESS-30324,CART-27324,2024-09-29,341.20,178.86,34.76,Sports,4,Completed,Web,South,P-421,SKU-4343,85.30,15.17,27.30,VIP,Crypto
ORD-25325,CUST-10131,SESS-30325,CART-27325,2025-12-07,287.86,90.86,29.95,Fashion,3,Completed,Mobile App,South,P-109,SKU-2620,95.95,19.11,23.03,New,PayPal
ORD-25326,CUST-10131,SESS-30326,CART-27326,2026-03-02,70.94,41.81,43.35,Sports,4,Returned,Affiliate,International,P-992,SKU-2956,17.74,17.62,5.68,New,PayPal
ORD-25327,CUST-10131,SESS-30327,CART-27327,11/15/2023,275.40,92.20,33.31,Electronics,3,Shipped,Affiliate,East,P-714,SKU-3277,91.80,4.71,22.03,New,Debit Card
ORD-25328,CUST-10132,SESS-30328,CART-27328,2023-04-24,80.12,37.70,2.06,  beauty  ,1,Shipped,Web,North,P-975,SKU-2531,80.12,16.06,6.41,Returning,Crypto
ORD-25329,CUST-10132,SESS-30329,CART-27329,2024-01-08,292.07,99.10,48.57,Sports,3,Pending,Social Media,South,P-226,SKU-3076,97.36,9.92,23.37,VIP,PayPal
ORD-25330,CUST-10133,SESS-30330,CART-27330,2024-05-08,324.71,175.02,1.15,Sports,5,Completed,Web,South,P-991,SKU-1329,64.94,14.42,25.98,VIP,Credit Card
ORD-25331,CUST-10133,SESS-30331,CART-27331,3/21/2023,344.81,182.80,48.08,Electronics,1,Cancelled,Web,West,P-495,SKU-701,344.81,6.08,27.58,New,Crypto
ORD-25332,CUST-10133,SESS-30332,CART-27332,2023-12-14,437.73,143.66,48.70,Fashion,5,Returned,Affiliate,International,P-911,SKU-1723,87.55,1.27,35.02,Returning,Credit Card
ORD-25333,CUST-10134,SESS-30333,CART-27333,2026-01-08,364.34,172.20,19.37,Home,5,Completed,Affiliate,South,P-506,SKU-2373,72.87,1.77,29.15,VIP,Crypto
ORD-25334,CUST-10134,SESS-30334,CART-27334,2025-10-06,143.21,68.53,9.79,Electronics,2,Cancelled,Web,East,P-504,SKU-2525,71.61,5.15,11.46,New,Credit Card
ORD-25335,CUST-10135,SESS-30335,CART-27335,2024-09-24,477.77,200.95,12.36,Home,5,Cancelled,Mobile App,East,P-838,SKU-4754,95.55,16.90,38.22,Returning,Crypto
ORD-25336,CUST-10135,SESS-30336,CART-27336,2025-09-20,100.77,54.42,30.27,Sports,4,Shipped,Web,West,P-495,SKU-3198,25.19,15.64,8.06,VIP,Debit Card
ORD-25337,CUST-10135,SESS-30337,CART-27337,2024-04-02,502.22,167.00,12.98,Sports,2,Completed,Social Media,North,P-390,SKU-3868,251.11,7.04,40.18,VIP,Credit Card
ORD-25338,CUST-10136,SESS-30338,CART-27338,9/4/2025,403.57,173.75,17.01,Electronics,5,Shipped,Mobile App,West,P-623,SKU-2582,80.71,5.92,32.29,Returning,PayPal
ORD-25339,CUST-10136,SESS-30339,CART-27339,2023-08-17,507.95,209.96,44.99,Electronics,,Shipped,Mobile App,North,P-890,SKU-2079,126.99,14.02,40.64,Returning,PayPal
ORD-25340,CUST-10137,SESS-30340,CART-27340,2025-11-25,279.26,138.00,4.09,Sports,1,Shipped,Mobile App,International,P-223,SKU-4211,279.26,15.77,22.34,Returning,PayPal
ORD-25341,CUST-10137,SESS-30341,CART-27341,2026-02-17,40.11,20.23,26.65,Beauty,4,Shipped,Mobile App,International,P-993,SKU-4062,10.03,7.34,3.21,VIP,Credit Card
ORD-25342,CUST-10137,SESS-30342,CART-27342,2023-06-28,408.90,229.96,37.74,Electronics,,Cancelled,Web,East,P-982,SKU-1625,102.23,14.89,32.71,VIP,Crypto
ORD-25343,CUST-10138,SESS-30343,CART-27343,1708411088097,10.52,3.77,44.43,Electronics,1,Completed,Web,South,P-62,SKU-2336,10.52,10.70,0.84,VIP,PayPal
ORD-25344,CUST-10138,SESS-30344,CART-27344,1722790342475,345.51,187.07,22.56,Home,1,Pending,Web,North,P-834,SKU-217,345.51,5.30,27.64,VIP,Crypto
ORD-25345,CUST-10139,SESS-30345,CART-27345,2025-11-16,405.94,170.28,27.85,Home,3,Pending,Mobile App,North,P-9,SKU-583,135.31,4.03,32.48,New,Crypto
ORD-25346,CUST-10139,SESS-30346,CART-27346,2024-10-19,86.68,33.32,29.55,Fashion,3,Returned,Social Media,East,P-496,SKU-2674,28.89,2.63,6.93,New,Debit Card
ORD-25347,CUST-10139,SESS-30347,CART-27347,2026-02-07,228.95,119.98,31.25,Fashion,2,Returned,Web,North,P-377,SKU-143,114.48,0.09,18.32,VIP,Credit Card
ORD-25348,CUST-10140,SESS-30348,CART-27348,2024-04-10,133.52,75.71,17.97,Electronics,5,Returned,Affiliate,South,P-777,SKU-383,26.70,14.35,10.68,VIP,Debit Card
ORD-25349,CUST-10140,SESS-30349,CART-27349,2024-06-20,245.16,113.26,0.79,Fashion,2,Completed,Social Media,International,P-729,SKU-4429,122.58,2.50,19.61,VIP,Crypto
ORD-25350,CUST-10141,SESS-30350,CART-27350,2023-12-07,62.92,26.30,17.96,Fashion,3,Completed,Web,West,P-374,SKU-448,20.97,10.85,5.03,VIP,Crypto
ORD-25351,CUST-10141,SESS-30351,CART-27351,2025-04-25,432.69,157.11,22.23,Fashion,5,Returned,Affiliate,International,P-236,SKU-390,86.54,12.90,34.62,New,PayPal
ORD-25352,CUST-10141,SESS-30352,CART-27352,2024-11-26,22.50,7.70,11.08,Electronics,2,Pending,Mobile App,East,P-624,SKU-45,11.25,1.70,1.80,Returning,Debit Card
ORD-25353,CUST-10142,SESS-30353,CART-27353,2025-05-29,98.48,48.11,2.62,Sports,5,Shipped,Mobile App,West,P-797,SKU-4781,19.70,18.57,7.88,Returning,Credit Card
ORD-25354,CUST-10142,SESS-30354,CART-27354,2023-05-22,166.08,78.16,38.47,Sports,4,Returned,Affiliate,West,P-102,SKU-239,41.52,3.38,13.29,New,Credit Card
ORD-25355,CUST-10143,SESS-30355,CART-27355,2025-01-20,210.59,94.45,42.97,Sports,3,Cancelled,Mobile App,International,P-426,SKU-265,70.20,14.32,16.85,VIP,Credit Card
ORD-25356,CUST-10143,SESS-30356,CART-27356,2025-03-16,58.64,26.80,19.15,Home,5,Cancelled,Web,East,P-298,SKU-3490,11.73,12.31,4.69,VIP,Debit Card
ORD-25357,CUST-10143,SESS-30357,CART-27357,2025-12-29,22.00,12.74,34.82,Electronics,1,Shipped,Affiliate,South,P-946,SKU-2895,22.00,9.21,1.76,New,PayPal
ORD-25358,CUST-10144,SESS-30358,CART-27358,1695244514026,244.32,138.97,25.74,NULL,1,Returned,Affiliate,International,P-946,SKU-1332,244.32,4.83,19.55,VIP,Debit Card
ORD-25359,CUST-10144,SESS-30359,CART-27359,2025-12-03,453.31,153.07,19.72,Electronics,3,Completed,Web,North,P-595,SKU-4567,151.10,11.02,36.26,Returning,Credit Card
ORD-25360,CUST-10145,SESS-30360,CART-27360,2023-07-19,25.89,13.81,2.81,,3,Completed,Web,International,P-581,SKU-1513,8.63,19.25,2.07,VIP,PayPal
ORD-25361,CUST-10145,SESS-30361,CART-27361,2023-01-14,104.82,45.91,44.90,Home,2,Pending,Social Media,International,P-164,SKU-2013,52.41,9.81,8.39,New,Credit Card
ORD-25362,CUST-10145,SESS-30362,CART-27362,2023-08-03,81.64,41.75,45.47,Beauty,2,Returned,Affiliate,North,P-219,SKU-4042,40.82,2.67,6.53,New,Credit Card
ORD-25363,CUST-10146,SESS-30363,CART-27363,2024-12-25,171.47,98.15,28.94,Beauty,4,Cancelled,Web,South,P-866,SKU-734,42.87,3.34,13.72,VIP,Debit Card
ORD-25364,CUST-10146,SESS-30364,CART-27364,2025-03-15,185.57,89.90,19.90,Fashion,2,Shipped,Social Media,North,P-840,SKU-1297,92.79,11.64,14.85,Returning,PayPal
ORD-25365,CUST-10147,SESS-30365,CART-27365,2025-10-11,412.01,188.57,35.52,Beauty,1,Returned,Affiliate,East,P-630,SKU-2935,412.01,5.09,32.96,VIP,Debit Card
ORD-25366,CUST-10147,SESS-30366,CART-27366,2024-08-10,  34.03  ,19.98,42.13,Electronics,2,Cancelled,Social Media,West,P-478,SKU-260,17.01,1.39,2.72,VIP,Debit Card
ORD-25367,CUST-10147,SESS-30367,CART-27367,2025-03-15,492.31,189.42,31.50,Electronics,4,Pending,Mobile App,South,P-502,SKU-3914,123.08,12.93,39.38,Returning,Debit Card
ORD-25368,CUST-10148,SESS-30368,CART-27368,2025-12-17,456.01,214.89,11.19,Beauty,1,Shipped,Mobile App,West,P-289,SKU-405,456.01,18.34,36.48,Returning,Crypto
ORD-25369,CUST-10148,SESS-30369,CART-27369,2025-10-13,390.57,173.91,4.90,Sports,4,Returned,Affiliate,East,P-838,SKU-4286,97.64,12.42,31.25,VIP,Credit Card
ORD-25370,CUST-10149,SESS-30370,CART-27370,2025-03-10,346.72,175.08,25.77,Beauty,4,Completed,Affiliate,South,P-842,SKU-1141,86.68,16.74,27.74,VIP,Debit Card
ORD-25371,CUST-10149,SESS-30371,CART-27371,2023-09-30,325.11,126.34,17.56,Sports,4,Shipped,Affiliate,South,P-325,SKU-4571,81.28,5.55,26.01,Returning,Crypto
ORD-25372,CUST-10149,SESS-30372,CART-27372,2025-04-29,111.22,41.06,11.46,Fashion,1,Returned,Social Media,South,P-174,SKU-816,111.22,3.04,8.90,New,Credit Card
ORD-25373,CUST-10150,SESS-30373,CART-27373,2023-04-05,70.31,37.01,6.15,Home,1,Cancelled,Mobile App,North,P-901,SKU-2290,70.31,12.53,5.62,Returning,Crypto
ORD-25374,CUST-10150,SESS-30374,CART-27374,2024-06-12,239.35,137.73,44.87,Fashion,5,Returned,Social Media,International,P-904,SKU-130,47.87,15.86,19.15,Returning,Debit Card
ORD-25375,CUST-10151,SESS-30375,CART-27375,2024-09-15,79.47,43.55,46.01,Electronics,1,Shipped,Affiliate,South,P-24,SKU-823,79.47,12.51,6.36,New,Credit Card
ORD-25376,CUST-10151,SESS-30376,CART-27376,2023-03-10,317.51,113.76,34.27,Home,4,Shipped,Social Media,North,P-317,SKU-3793,79.38,8.67,25.40,Returning,Crypto
ORD-25377,CUST-10151,SESS-30377,CART-27377,2023-05-24,225.40,131.80,18.45,Beauty,4,Shipped,Mobile App,North,P-616,SKU-4310,56.35,16.65,18.03,VIP,PayPal
ORD-25378,CUST-10152,SESS-30378,CART-27378,2024-11-16,274.06,126.87,10.84,Beauty,5,Returned,Affiliate,North,P-165,SKU-1618,54.81,18.51,21.93,VIP,Crypto
ORD-25379,CUST-10152,SESS-30379,CART-27379,2023-10-23,374.53,130.78,23.40,Electronics,3,Completed,Social Media,International,P-907,SKU-1043,124.84,9.16,29.96,Returning,Credit Card
ORD-25380,CUST-10153,SESS-30380,CART-27380,2025-09-04,313.82,98.42,49.64,Sports,4,Cancelled,Mobile App,International,P-861,SKU-2182,78.45,3.15,25.11,VIP,Credit Card
ORD-25381,CUST-10153,SESS-30381,CART-27381,2026-02-25,83.51,35.77,36.10,Electronics,3,Completed,Social Media,West,P-946,SKU-1755,27.84,16.70,6.68,VIP,Crypto
ORD-25382,CUST-10153,SESS-30382,CART-27382,2024-07-30,258.79,140.37,16.50,Electronics,5,Completed,Mobile App,South,P-547,SKU-157,51.76,7.93,20.70,Returning,PayPal
ORD-25383,CUST-10154,SESS-30383,CART-27383,2025-07-31,32.69,13.34,13.33,Electronics,NULL,Cancelled,Affiliate,North,P-279,SKU-864,16.35,3.48,2.62,VIP,Credit Card
ORD-25384,CUST-10154,SESS-30384,CART-27384,2025-12-24,  393.29  ,139.59,49.96,Beauty,5,Cancelled,Mobile App,North,P-851,SKU-3240,78.66,18.46,31.46,New,Credit Card
ORD-25385,CUST-10155,SESS-30385,CART-27385,2024-03-04,221.05,96.59,49.03,Fashion,5,Completed,Mobile App,West,P-379,SKU-4004,44.21,5.91,17.68,Returning,PayPal
ORD-25386,CUST-10155,SESS-30386,CART-27386,2023-01-14,357.84,124.15,34.18,Sports,5,Completed,Social Media,North,P-137,SKU-2957,71.57,17.59,28.63,Returning,Credit Card
ORD-25387,CUST-10155,SESS-30387,CART-27387,2025-10-09,169.93,63.34,3.81,Fashion,3,Pending,Social Media,East,P-90,SKU-385,56.64,8.87,13.59,New,Crypto
ORD-25388,CUST-10156,SESS-30388,CART-27388,2025-01-14,294.49,97.28,4.61,NULL,4,Pending,Affiliate,South,P-780,SKU-2532,73.62,6.51,23.56,Returning,PayPal
ORD-25389,CUST-10156,SESS-30389,CART-27389,2024-08-21,72.68,36.51,34.66,Fashion,4,Completed,Affiliate,International,P-239,SKU-2385,18.17,19.14,5.81,New,Credit Card
ORD-25390,CUST-10157,SESS-30390,CART-27390,7/9/2024,25.60,11.61,16.37,Home,1,Cancelled,Social Media,South,P-982,SKU-377,25.60,2.06,2.05,VIP,Debit Card
ORD-25391,CUST-10157,SESS-30391,CART-27391,2025-10-17,376.61,191.49,47.38,Fashion,2,Cancelled,Affiliate,East,P-251,SKU-1394,188.31,17.58,30.13,New,Crypto
ORD-25392,CUST-10157,SESS-30392,CART-27392,2025-09-06,168.24,64.40,11.49,Electronics,5,Cancelled,Social Media,South,P-845,SKU-627,33.65,9.63,13.46,VIP,Crypto
ORD-25393,CUST-10158,SESS-30393,CART-27393,2025-02-05,445.47,231.07,12.83,Beauty,2,Returned,Web,International,P-222,SKU-1677,222.74,15.72,35.64,VIP,Debit Card
ORD-25394,CUST-10158,SESS-30394,CART-27394,2023-06-18,351.37,205.02,23.16,Electronics,5,Returned,Mobile App,East,P-419,SKU-4369,70.27,12.77,28.11,VIP,PayPal
ORD-25395,CUST-10159,SESS-30395,CART-27395,2025-09-12,378.87,181.51,31.61,Electronics,1,Returned,Affiliate,West,P-302,SKU-2903,378.87,8.77,30.31,VIP,PayPal
ORD-25396,CUST-10159,SESS-30396,CART-27396,2025-10-27,356.13,143.77,10.57,Beauty,2,Shipped,Mobile App,International,P-240,SKU-82,178.06,17.44,28.49,Returning,Crypto
ORD-25397,CUST-10159,SESS-30397,CART-27397,2023-12-20,97.48,51.64,34.79,Electronics,5,Returned,Web,North,P-346,SKU-873,19.50,2.87,7.80,Returning,Credit Card
ORD-25398,CUST-10160,SESS-30398,CART-27398,2024-09-05,50.29,17.72,13.68,  home  ,3,Pending,Affiliate,International,P-776,SKU-1123,16.76,2.22,4.02,Returning,Debit Card
ORD-25399,CUST-10160,SESS-30399,CART-27399,2024-09-19,44.84,23.32,7.91,Home,2,Cancelled,Web,North,P-213,SKU-295,22.42,16.93,3.59,Returning,Crypto
ORD-25400,CUST-10161,SESS-30400,CART-27400,2026-02-26,  307.19  ,94.87,33.93,Fashion,4,Cancelled,Web,North,P-406,SKU-161,76.80,9.57,24.58,New,PayPal
ORD-25401,CUST-10161,SESS-30401,CART-27401,2024-09-06,424.85,132.73,30.10,Electronics,2,Completed,Mobile App,West,P-760,SKU-2894,212.42,15.61,33.99,New,Credit Card
ORD-25402,CUST-10161,SESS-30402,CART-27402,2024-01-30,108.51,35.52,11.94,Beauty,1,Completed,Web,International,P-771,SKU-1981,108.51,0.31,8.68,Returning,Credit Card
ORD-25403,CUST-10162,SESS-30403,CART-27403,2026-03-08,107.10,58.75,40.12,Beauty,4,Cancelled,Mobile App,International,P-724,SKU-2254,26.77,17.54,8.57,Returning,Credit Card
ORD-25404,CUST-10162,SESS-30404,CART-27404,2024-06-05,340.99,156.10,26.94,Sports,3,Pending,Social Media,West,P-235,SKU-3925,113.66,5.74,27.28,VIP,Credit Card
ORD-25405,CUST-10163,SESS-30405,CART-27405,2023-04-23,260.10,150.25,10.51,Sports,1,Completed,Affiliate,North,P-930,SKU-642,260.10,8.74,20.81,New,PayPal
ORD-25406,CUST-10163,SESS-30406,CART-27406,2025-05-26,496.59,202.10,27.32,Beauty,4,Pending,Social Media,South,P-728,SKU-1554,124.15,9.00,39.73,VIP,PayPal
ORD-25407,CUST-10163,SESS-30407,CART-27407,2024-07-15,443.55,216.29,26.91,Home,1,Returned,Social Media,South,P-63,SKU-761,443.55,1.79,35.48,New,PayPal
ORD-25408,CUST-10164,SESS-30408,CART-27408,2024-03-28,97.74,46.19,2.67,Fashion,3,Returned,Social Media,North,P-283,SKU-1556,32.58,17.46,7.82,New,Crypto
ORD-25409,CUST-10164,SESS-30409,CART-27409,2023-09-05,98.19,40.07,30.74,Fashion,4,Pending,Affiliate,North,P-54,SKU-3520,24.55,8.63,7.86,VIP,PayPal
ORD-25410,CUST-10165,SESS-30410,CART-27410,2025-01-09,491.88,162.25,18.40,Electronics,NULL,Completed,Web,East,P-828,SKU-4826,491.88,17.19,39.35,Returning,Debit Card
ORD-25411,CUST-10165,SESS-30411,CART-27411,2025-01-20,261.18,119.42,15.38,Electronics,3,Pending,Social Media,South,P-656,SKU-1645,87.06,14.65,20.89,New,Debit Card
ORD-25412,CUST-10165,SESS-30412,CART-27412,2023-01-07,465.19,153.38,3.66,Electronics,4,Shipped,Social Media,North,P-360,SKU-3093,116.30,19.45,37.22,VIP,Debit Card
ORD-25413,CUST-10166,SESS-30413,CART-27413,2025-09-15,320.77,166.77,0.09,Electronics,5,Completed,Mobile App,South,P-851,SKU-4692,64.15,1.32,25.66,New,Debit Card
ORD-25414,CUST-10166,SESS-30414,CART-27414,2023-07-21,420.76,173.22,24.15,Electronics,4,Cancelled,Web,North,P-342,SKU-537,105.19,1.74,33.66,Returning,Debit Card
ORD-25415,CUST-10167,SESS-30415,CART-27415,2024-09-13,194.87,71.97,25.82,Beauty,1,Shipped,Social Media,South,P-970,SKU-702,194.87,12.35,15.59,Returning,Debit Card
ORD-25416,CUST-10167,SESS-30416,CART-27416,2024-10-25,174.69,88.05,40.10,Electronics,5,Cancelled,Affiliate,East,P-81,SKU-4526,34.94,15.86,13.98,VIP,PayPal
ORD-25417,CUST-10167,SESS-30417,CART-27417,2024-07-03,55.35,29.70,36.94,Beauty,2,Completed,Affiliate,North,P-799,SKU-3740,27.68,15.48,4.43,VIP,Debit Card
ORD-25418,CUST-10168,SESS-30418,CART-27418,1743343408281,381.73,165.98,35.23,Fashion,2,Returned,Social Media,North,P-212,SKU-1317,190.86,3.46,30.54,Returning,Crypto
ORD-25419,CUST-10168,SESS-30419,CART-27419,2024-05-08,100.13,50.96,7.63,Beauty,2,Cancelled,Social Media,International,P-519,SKU-2956,50.07,6.16,8.01,VIP,Crypto
ORD-25420,CUST-10169,SESS-30420,CART-27420,2024-06-28,201.35,63.99,3.00,Sports,3,Completed,Web,North,P-347,SKU-3142,67.12,13.73,16.11,VIP,Credit Card
ORD-25421,CUST-10169,SESS-30421,CART-27421,2024-04-05,51.95,29.97,33.55,,5,Returned,Web,West,P-950,SKU-559,10.39,9.45,4.16,Returning,Debit Card
ORD-25422,CUST-10169,SESS-30422,CART-27422,2025-03-09,504.27,227.86,23.44,Home,4,Pending,Web,International,P-367,SKU-3547,126.07,17.68,40.34,VIP,Crypto
ORD-25423,CUST-10170,SESS-30423,CART-27423,1731706003592,376.39,144.30,48.28,Electronics,4,Cancelled,Mobile App,North,P-837,SKU-2308,94.10,4.17,30.11,New,PayPal
ORD-25424,CUST-10170,SESS-30424,CART-27424,2024-11-10,261.02,112.40,41.22,Electronics,3,Cancelled,Web,South,P-707,SKU-2059,87.01,16.49,20.88,New,Credit Card
ORD-25425,CUST-10171,SESS-30425,CART-27425,2024-09-05,365.97,198.77,22.05,Electronics,5,Pending,Affiliate,West,P-953,SKU-1129,73.19,4.87,29.28,VIP,Crypto
ORD-25426,CUST-10171,SESS-30426,CART-27426,2025-01-25,252.66,136.16,29.19,Sports,1,Cancelled,Web,North,P-783,SKU-3527,252.66,14.03,20.21,VIP,Crypto
ORD-25427,CUST-10171,SESS-30427,CART-27427,2024-03-17,286.62,110.81,6.81,Fashion,1,Returned,Social Media,North,P-746,SKU-2185,286.62,14.74,22.93,New,PayPal
ORD-25428,CUST-10172,SESS-30428,CART-27428,2026-02-17,461.02,142.36,48.37,Fashion,3,Pending,Mobile App,East,P-569,SKU-3553,153.67,18.88,36.88,New,Credit Card
ORD-25429,CUST-10172,SESS-30429,CART-27429,2023-12-18,102.02,59.55,30.18,Electronics,1,Completed,Web,South,P-676,SKU-3459,102.02,2.47,8.16,VIP,PayPal
ORD-25430,CUST-10173,SESS-30430,CART-27430,2024-09-17,186.02,82.04,13.47,Fashion,1,Returned,Affiliate,International,P-533,SKU-3577,186.02,13.24,14.88,VIP,PayPal
ORD-25431,CUST-10173,SESS-30431,CART-27431,2023-04-30,37.12,16.11,2.54,Sports,5,Completed,Social Media,West,P-993,SKU-1144,7.42,3.79,2.97,VIP,PayPal
ORD-25432,CUST-10173,SESS-30432,CART-27432,2025-08-14,42.37,22.31,1.48,Home,2,Shipped,Mobile App,South,P-308,SKU-1187,21.18,1.23,3.39,New,Credit Card
ORD-25433,CUST-10174,SESS-30433,CART-27433,2024-03-03,293.75,118.91,8.13,Fashion,3,Shipped,Mobile App,North,P-192,SKU-171,97.92,14.73,23.50,Returning,Credit Card
ORD-25434,CUST-10174,SESS-30434,CART-27434,2024-10-29,94.16,46.20,1.47,Beauty,2,Cancelled,Web,West,P-623,SKU-4208,47.08,15.14,7.53,Returning,Crypto
ORD-25435,CUST-10175,SESS-30435,CART-27435,2024-05-20,398.68,228.03,16.60,Beauty,3,Shipped,Affiliate,East,P-845,SKU-282,132.89,0.16,31.89,New,Crypto
ORD-25436,CUST-10175,SESS-30436,CART-27436,2023-02-11,495.98,166.69,41.40,Home,5,Completed,Social Media,International,P-397,SKU-1907,99.20,18.91,39.68,New,Crypto
ORD-25437,CUST-10175,SESS-30437,CART-27437,2023-02-12,132.51,64.54,21.52,,3,Cancelled,Affiliate,East,P-432,SKU-186,44.17,3.23,10.60,VIP,PayPal
ORD-25438,CUST-10176,SESS-30438,CART-27438,2024-06-21,309.86,148.48,8.50,Fashion,2,Cancelled,Social Media,North,P-856,SKU-1765,154.93,12.08,24.79,Returning,Credit Card
ORD-25439,CUST-10176,SESS-30439,CART-27439,2025-09-26,443.31,257.86,23.39,Electronics,5,Cancelled,Web,North,P-708,SKU-3140,88.66,7.00,35.46,VIP,PayPal
ORD-25440,CUST-10177,SESS-30440,CART-27440,6/11/2024,458.00,152.30,7.66,Beauty,2,Cancelled,Mobile App,East,P-116,SKU-3336,229.00,13.64,36.64,New,Credit Card
ORD-25441,CUST-10177,SESS-30441,CART-27441,2024-04-04,219.38,122.67,1.48,,2,Pending,Mobile App,East,P-913,SKU-618,109.69,18.53,17.55,Returning,PayPal
ORD-25442,CUST-10177,SESS-30442,CART-27442,2023-03-18,245.82,100.57,24.05,Electronics,4,Completed,Web,International,P-650,SKU-3756,61.46,3.73,19.67,VIP,Credit Card
ORD-25443,CUST-10178,SESS-30443,CART-27443,2025-07-17,209.60,67.39,47.97,Sports,4,Pending,Web,South,P-440,SKU-1784,52.40,2.92,16.77,New,Crypto
ORD-25444,CUST-10178,SESS-30444,CART-27444,2024-07-16,  19.58  ,6.34,47.20,Home,2,Completed,Mobile App,West,P-945,SKU-3209,9.79,4.18,1.57,Returning,PayPal
ORD-25445,CUST-10179,SESS-30445,CART-27445,2023-03-31,82.02,26.58,3.81,Home,2,Returned,Social Media,North,P-440,SKU-2337,41.01,7.16,6.56,Returning,Debit Card
ORD-25446,CUST-10179,SESS-30446,CART-27446,2025-01-13,376.94,164.25,30.43,Sports,3,Returned,Social Media,South,P-642,SKU-1729,125.65,14.22,30.16,New,PayPal
ORD-25447,CUST-10179,SESS-30447,CART-27447,2025-02-05,417.46,200.97,12.49,Fashion,2,Cancelled,Web,West,P-416,SKU-1304,208.73,0.82,33.40,VIP,PayPal
ORD-25448,CUST-10180,SESS-30448,CART-27448,1/21/2024,406.71,225.82,21.08,Fashion,4,Completed,Social Media,East,P-500,SKU-355,101.68,4.10,32.54,VIP,PayPal
ORD-25449,CUST-10180,SESS-30449,CART-27449,2023-05-23,134.97,73.44,37.28,Sports,4,Pending,Mobile App,West,P-598,SKU-934,33.74,9.82,10.80,Returning,Credit Card
ORD-25450,CUST-10181,SESS-30450,CART-27450,9/26/2023,496.07,285.09,3.34,Electronics,4,Completed,Social Media,West,P-614,SKU-1128,124.02,9.82,39.69,Returning,PayPal
ORD-25451,CUST-10181,SESS-30451,CART-27451,2024-10-22,  322.95  ,118.98,33.83,Home,3,Completed,Web,West,P-161,SKU-3310,107.65,4.27,25.84,Returning,Crypto
ORD-25452,CUST-10181,SESS-30452,CART-27452,2024-01-18,36.58,21.30,21.51,Home,2,Cancelled,Affiliate,South,P-156,SKU-2818,18.29,6.64,2.93,Returning,Crypto
ORD-25453,CUST-10182,SESS-30453,CART-27453,2024-06-12,282.97,141.41,27.16,Beauty,2,Completed,Social Media,West,P-811,SKU-831,141.49,9.71,22.64,Returning,Credit Card
ORD-25454,CUST-10182,SESS-30454,CART-27454,2023-05-15,78.56,34.00,37.50,Fashion,1,Shipped,Affiliate,West,P-838,SKU-4701,78.56,4.46,6.28,Returning,Debit Card
ORD-25455,CUST-10183,SESS-30455,CART-27455,2026-01-13,460.01,185.64,32.08,Sports,NULL,Completed,Mobile App,East,P-49,SKU-3117,92.00,18.82,36.80,New,PayPal
ORD-25456,CUST-10183,SESS-30456,CART-27456,2025-04-24,480.16,212.45,19.98,Beauty,5,Cancelled,Mobile App,West,P-61,SKU-2519,96.03,6.66,38.41,New,PayPal
ORD-25457,CUST-10183,SESS-30457,CART-27457,1720565088948,198.73,76.41,47.75,  home  ,1,Completed,Mobile App,East,P-575,SKU-3667,198.73,7.02,15.90,New,Credit Card
ORD-25458,CUST-10184,SESS-30458,CART-27458,2025-12-20,323.64,124.93,13.93,Home,1,Cancelled,Social Media,West,P-451,SKU-1432,323.64,19.83,25.89,New,PayPal
ORD-25459,CUST-10184,SESS-30459,CART-27459,2023-09-05,79.90,41.50,49.66,Beauty,2,Completed,Affiliate,West,P-608,SKU-2516,39.95,3.55,6.39,VIP,PayPal
ORD-25460,CUST-10185,SESS-30460,CART-27460,2023-07-28,445.90,135.87,25.67,Fashion,4,Completed,Affiliate,North,P-511,SKU-1067,111.47,1.33,35.67,VIP,Crypto
ORD-25461,CUST-10185,SESS-30461,CART-27461,2025-08-13,228.21,103.45,20.55,Beauty,1,Returned,Affiliate,South,P-329,SKU-2460,228.21,6.96,18.26,Returning,Crypto
ORD-25462,CUST-10185,SESS-30462,CART-27462,2023-10-26,271.56,98.91,4.49,Home,4,Completed,Social Media,International,P-778,SKU-2374,67.89,13.58,21.72,Returning,Debit Card
ORD-25463,CUST-10186,SESS-30463,CART-27463,2025-08-10,317.64,152.53,23.81,Home,2,Pending,Web,East,P-481,SKU-2482,158.82,1.78,25.41,New,Crypto
ORD-25464,CUST-10186,SESS-30464,CART-27464,2023-01-25,243.61,128.94,48.49,Home,5,Shipped,Social Media,East,P-288,SKU-3913,48.72,19.63,19.49,Returning,Crypto
ORD-25465,CUST-10187,SESS-30465,CART-27465,2024-12-28,433.19,254.96,23.06,Sports,1,Completed,Affiliate,South,P-561,SKU-330,433.19,16.14,34.65,Returning,Crypto
ORD-25466,CUST-10187,SESS-30466,CART-27466,2025-07-13,179.36,77.83,33.92,  home  ,2,Cancelled,Social Media,West,P-709,SKU-3112,89.68,3.91,14.35,Returning,PayPal
ORD-25467,CUST-10187,SESS-30467,CART-27467,2023-10-15,239.35,100.27,45.97,Beauty,4,Returned,Affiliate,North,P-599,SKU-675,59.84,14.65,19.15,VIP,PayPal
ORD-25468,CUST-10188,SESS-30468,CART-27468,2025-07-18,167.05,72.43,45.04,Home,1,Completed,Affiliate,South,P-530,SKU-1192,167.05,9.46,13.36,New,Credit Card
ORD-25469,CUST-10188,SESS-30469,CART-27469,2025-07-10,185.15,108.51,12.76,Home,4,Pending,Web,East,P-755,SKU-1026,46.29,0.55,14.81,VIP,Crypto
ORD-25470,CUST-10189,SESS-30470,CART-27470,2025-07-09,200.04,84.66,1.73,Electronics,4,Cancelled,Affiliate,International,P-607,SKU-1229,50.01,19.95,16.00,VIP,Debit Card
ORD-25471,CUST-10189,SESS-30471,CART-27471,2025-12-19,382.73,203.90,15.20,Electronics,4,Cancelled,Mobile App,North,P-771,SKU-2712,95.68,6.24,30.62,Returning,Debit Card
ORD-25472,CUST-10189,SESS-30472,CART-27472,2024-06-04,29.93,17.30,34.51,,4,Cancelled,Affiliate,International,P-632,SKU-3449,7.48,4.43,2.39,Returning,PayPal
ORD-25473,CUST-10190,SESS-30473,CART-27473,2023-01-02,494.94,195.55,41.74,Sports,3,Pending,Web,North,P-422,SKU-944,164.98,10.76,39.60,Returning,PayPal
ORD-25474,CUST-10190,SESS-30474,CART-27474,2025-09-07,230.79,85.48,16.74,Sports,2,Shipped,Web,East,P-232,SKU-112,115.40,11.00,18.46,Returning,PayPal
ORD-25475,CUST-10191,SESS-30475,CART-27475,2025-09-02,372.65,161.08,8.93,Beauty,1,Returned,Web,International,P-137,SKU-2897,372.65,2.94,29.81,New,Debit Card
ORD-25476,CUST-10191,SESS-30476,CART-27476,2023-05-21,110.98,66.22,16.02,Sports,3,Pending,Web,West,P-902,SKU-3444,36.99,18.07,8.88,VIP,Debit Card
ORD-25477,CUST-10191,SESS-30477,CART-27477,2024-05-12,201.37,68.82,3.14,Beauty,2,Returned,Affiliate,East,P-912,SKU-226,100.68,11.34,16.11,New,PayPal
ORD-25478,CUST-10192,SESS-30478,CART-27478,2025-01-02,194.83,102.31,34.08,Beauty,2,Pending,Affiliate,West,P-561,SKU-2564,97.42,6.00,15.59,New,Crypto
ORD-25479,CUST-10192,SESS-30479,CART-27479,2023-09-12,  319.64  ,170.30,28.15,Fashion,5,Cancelled,Social Media,West,P-850,SKU-563,63.93,5.47,25.57,New,Credit Card
ORD-25480,CUST-10193,SESS-30480,CART-27480,2024-11-29,45.01,24.53,12.55,Sports,5,Shipped,Web,International,P-160,SKU-355,9.00,12.13,3.60,VIP,Crypto
ORD-25481,CUST-10193,SESS-30481,CART-27481,2024-05-14,476.27,280.20,1.53,Electronics,5,Pending,Web,North,P-699,SKU-2387,95.25,16.29,38.10,New,PayPal
ORD-25482,CUST-10193,SESS-30482,CART-27482,2024-03-18,410.69,230.33,23.66,Beauty,1,Returned,Web,East,P-213,SKU-2195,410.69,4.03,32.86,VIP,PayPal
ORD-25483,CUST-10194,SESS-30483,CART-27483,2024-05-23,106.54,62.15,40.65,Fashion,,Shipped,Social Media,West,P-476,SKU-1279,53.27,0.76,8.52,VIP,Debit Card
ORD-25484,CUST-10194,SESS-30484,CART-27484,2024-03-06,281.77,149.59,7.21,Home,1,Completed,Web,International,P-184,SKU-1005,281.77,4.11,22.54,Returning,Debit Card
ORD-25485,CUST-10195,SESS-30485,CART-27485,2025-05-12,209.06,105.82,9.43,Fashion,5,Pending,Mobile App,West,P-28,SKU-653,41.81,1.65,16.72,Returning,Credit Card
ORD-25486,CUST-10195,SESS-30486,CART-27486,2/12/2026,182.66,109.18,0.76,Home,4,Returned,Mobile App,North,P-584,SKU-3479,45.67,13.79,14.61,New,PayPal
ORD-25487,CUST-10195,SESS-30487,CART-27487,6/7/2023,156.51,79.65,38.20,Beauty,4,Pending,Web,West,P-660,SKU-3674,39.13,18.60,12.52,Returning,Debit Card
ORD-25488,CUST-10196,SESS-30488,CART-27488,2025-04-22,492.02,150.29,27.61,Electronics,1,Completed,Social Media,West,P-622,SKU-4104,492.02,9.26,39.36,VIP,Debit Card
ORD-25489,CUST-10196,SESS-30489,CART-27489,2023-09-05,508.05,192.94,33.94,Home,5,Pending,Affiliate,West,P-457,SKU-2999,101.61,5.79,40.64,New,Debit Card
ORD-25490,CUST-10197,SESS-30490,CART-27490,1677704695762,218.71,75.48,47.24,Sports,4,Completed,Web,South,P-999,SKU-2373,54.68,6.83,17.50,VIP,PayPal
ORD-25491,CUST-10197,SESS-30491,CART-27491,2025-08-09,215.00,89.62,10.15,Home,2,Completed,Social Media,International,P-866,SKU-437,107.50,10.90,17.20,Returning,Crypto
ORD-25492,CUST-10197,SESS-30492,CART-27492,2023-05-29,119.97,51.40,7.26,NULL,4,Cancelled,Social Media,South,P-870,SKU-3954,29.99,4.59,9.60,VIP,Crypto
ORD-25493,CUST-10198,SESS-30493,CART-27493,2025-11-04,454.15,263.46,43.48,Beauty,4,Returned,Social Media,East,P-678,SKU-3565,113.54,6.99,36.33,New,Credit Card
ORD-25494,CUST-10198,SESS-30494,CART-27494,2023-09-18,272.77,97.51,45.05,Fashion,2,Returned,Social Media,West,P-23,SKU-4321,136.39,8.91,21.82,New,Crypto
ORD-25495,CUST-10199,SESS-30495,CART-27495,2023-10-31,135.02,68.29,1.07,Sports,2,Completed,Mobile App,West,P-235,SKU-3877,67.51,12.07,10.80,VIP,Credit Card
ORD-25496,CUST-10199,SESS-30496,CART-27496,2025-12-07,246.97,147.54,39.92,Beauty,5,Shipped,Social Media,East,P-661,SKU-518,49.39,13.87,19.76,New,Credit Card
ORD-25497,CUST-10199,SESS-30497,CART-27497,2023-12-17,  213.23  ,91.92,17.72,Home,4,Pending,Affiliate,North,P-598,SKU-3546,53.31,9.98,17.06,VIP,Debit Card
ORD-25498,CUST-10200,SESS-30498,CART-27498,2023-02-16,141.31,55.08,28.37,Beauty,3,Shipped,Web,International,P-371,SKU-2031,47.10,9.72,11.30,Returning,Credit Card
ORD-25499,CUST-10200,SESS-30499,CART-27499,2023-05-26,25.91,9.07,1.82,Sports,NULL,Completed,Web,West,P-449,SKU-713,8.64,1.29,2.07,New,PayPal
ORD-25500,CUST-10201,SESS-30500,CART-27500,2023-08-08,208.21,118.47,12.75,Home,4,Pending,Social Media,West,P-483,SKU-2689,52.05,17.12,16.66,New,Credit Card
ORD-25501,CUST-10201,SESS-30501,CART-27501,2023-12-27,  483.27  ,208.75,44.79,Fashion,4,Completed,Mobile App,South,P-865,SKU-150,120.82,4.53,38.66,New,PayPal
ORD-25502,CUST-10201,SESS-30502,CART-27502,2025-08-04,  170.19  ,69.42,42.15,Electronics,1,Cancelled,Social Media,South,P-288,SKU-2624,170.19,17.33,13.62,VIP,Credit Card
ORD-25503,CUST-10202,SESS-30503,CART-27503,2024-04-07,162.35,58.28,9.30,Electronics,3,Returned,Social Media,West,P-164,SKU-987,54.12,15.26,12.99,New,Crypto
ORD-25504,CUST-10202,SESS-30504,CART-27504,2023-12-04,60.18,35.91,31.70,Home,4,Cancelled,Mobile App,International,P-486,SKU-1982,15.04,10.20,4.81,New,PayPal
ORD-25505,CUST-10203,SESS-30505,CART-27505,2023-03-24,241.25,116.93,18.35,Beauty,5,Completed,Social Media,West,P-358,SKU-4273,48.25,13.58,19.30,New,Debit Card
ORD-25506,CUST-10203,SESS-30506,CART-27506,1707846163841,188.03,61.18,23.06,Fashion,1,Shipped,Web,North,P-288,SKU-3082,188.03,5.55,15.04,VIP,Crypto
ORD-25507,CUST-10203,SESS-30507,CART-27507,2025-02-28,317.45,134.83,3.65,Fashion,4,Shipped,Affiliate,South,P-702,SKU-1787,79.36,15.55,25.40,Returning,Crypto
ORD-25508,CUST-10204,SESS-30508,CART-27508,2025-11-06,234.69,119.06,3.95,Beauty,2,Pending,Social Media,South,P-473,SKU-3359,117.35,12.93,18.78,Returning,Debit Card
ORD-25509,CUST-10204,SESS-30509,CART-27509,2023-05-17,312.25,166.93,45.85,Beauty,2,Completed,Mobile App,International,P-577,SKU-2586,156.12,12.32,24.98,New,Crypto
ORD-25510,CUST-10205,SESS-30510,CART-27510,2025-10-30,367.13,113.82,13.08,Home,4,Pending,Web,International,P-846,SKU-1957,91.78,18.39,29.37,New,PayPal
ORD-25511,CUST-10205,SESS-30511,CART-27511,2023-07-04,,24.39,3.05,Beauty,3,Completed,Mobile App,International,P-490,SKU-4966,23.85,12.81,5.72,Returning,Credit Card
ORD-25512,CUST-10205,SESS-30512,CART-27512,2023-08-25,226.11,79.21,3.66,Electronics,2,Completed,Social Media,International,P-766,SKU-3038,113.06,11.33,18.09,VIP,PayPal
ORD-25513,CUST-10206,SESS-30513,CART-27513,2023-08-22,79.98,29.86,2.75,Electronics,5,Pending,Affiliate,West,P-307,SKU-3891,16.00,5.31,6.40,New,Debit Card
ORD-25514,CUST-10206,SESS-30514,CART-27514,2024-12-12,158.97,76.86,39.51,Home,3,Shipped,Web,North,P-928,SKU-2298,52.99,18.38,12.72,VIP,PayPal
ORD-25515,CUST-10207,SESS-30515,CART-27515,12/19/2025,236.37,111.70,46.42,Fashion,3,Completed,Web,International,P-244,SKU-2866,78.79,0.55,18.91,Returning,Crypto
ORD-25516,CUST-10207,SESS-30516,CART-27516,2026-02-15,170.29,58.41,29.76,Home,3,Completed,Web,East,P-961,SKU-557,56.76,17.57,13.62,New,Debit Card
ORD-25517,CUST-10207,SESS-30517,CART-27517,2025-01-02,333.73,150.89,27.29,Home,1,Cancelled,Mobile App,South,P-15,SKU-1466,333.73,11.54,26.70,VIP,Debit Card
ORD-25518,CUST-10208,SESS-30518,CART-27518,2023-04-17,178.75,91.92,23.60,Electronics,5,Shipped,Affiliate,North,P-863,SKU-4512,35.75,10.58,14.30,VIP,Crypto
ORD-25519,CUST-10208,SESS-30519,CART-27519,2023-02-22,205.42,97.53,13.96,Beauty,3,Completed,Web,South,P-562,SKU-198,68.47,4.61,16.43,Returning,Credit Card
ORD-25520,CUST-10209,SESS-30520,CART-27520,2025-02-23,155.15,82.10,22.10,Sports,5,Pending,Social Media,North,P-124,SKU-3651,31.03,10.56,12.41,New,Debit Card
ORD-25521,CUST-10209,SESS-30521,CART-27521,5/18/2025,445.12,223.75,14.46,Sports,1,Returned,Social Media,North,P-480,SKU-3992,445.12,12.90,35.61,Returning,Debit Card
ORD-25522,CUST-10209,SESS-30522,CART-27522,2026-01-06,288.12,124.88,7.97,Electronics,3,Cancelled,Social Media,West,P-712,SKU-1743,96.04,19.34,23.05,Returning,Debit Card
ORD-25523,CUST-10210,SESS-30523,CART-27523,2025-11-16,172.28,99.69,11.23,Sports,2,Returned,Social Media,East,P-68,SKU-2102,86.14,5.11,13.78,Returning,Credit Card
ORD-25524,CUST-10210,SESS-30524,CART-27524,2025-04-18,138.21,48.69,14.27,Home,1,Shipped,Social Media,International,P-744,SKU-1864,138.21,14.85,11.06,VIP,PayPal
ORD-25525,CUST-10211,SESS-30525,CART-27525,2025-05-05,458.07,270.67,3.40,Fashion,4,Pending,Affiliate,International,P-921,SKU-3299,114.52,17.09,36.65,Returning,Debit Card
ORD-25526,CUST-10211,SESS-30526,CART-27526,2023-08-11,116.06,47.09,15.12,Home,5,Returned,Affiliate,International,P-46,SKU-161,23.21,2.47,9.28,Returning,PayPal
ORD-25527,CUST-10211,SESS-30527,CART-27527,12/27/2024,238.26,114.92,7.23,Beauty,4,Pending,Mobile App,East,P-385,SKU-1342,59.57,12.74,19.06,Returning,Debit Card
ORD-25528,CUST-10212,SESS-30528,CART-27528,2023-03-06,341.52,134.19,10.06,Home,1,Cancelled,Mobile App,South,P-724,SKU-3837,341.52,4.21,27.32,VIP,Crypto
ORD-25529,CUST-10212,SESS-30529,CART-27529,2023-03-05,42.84,18.25,41.92,Fashion,2,Completed,Web,North,P-115,SKU-2814,21.42,14.82,3.43,New,Debit Card
ORD-25530,CUST-10213,SESS-30530,CART-27530,2025-03-05,340.00,201.06,47.16,Electronics,4,Shipped,Web,International,P-978,SKU-3792,85.00,9.57,27.20,New,Crypto
ORD-25531,CUST-10213,SESS-30531,CART-27531,2025-07-25,120.79,51.55,16.12,Electronics,3,Returned,Mobile App,East,P-598,SKU-3295,40.26,16.65,9.66,VIP,Debit Card
ORD-25532,CUST-10213,SESS-30532,CART-27532,2023-01-23,318.09,170.36,40.16,Sports,3,Pending,Social Media,West,P-131,SKU-4485,106.03,10.00,25.45,New,Credit Card
ORD-25533,CUST-10214,SESS-30533,CART-27533,2025-05-10,279.06,136.84,19.94,Home,2,Pending,Mobile App,South,P-529,SKU-3109,139.53,3.35,22.33,New,Crypto
ORD-25534,CUST-10214,SESS-30534,CART-27534,2023-09-27,434.88,150.98,15.81,Fashion,3,Shipped,Mobile App,East,P-941,SKU-3836,144.96,8.94,34.79,VIP,Debit Card
ORD-25535,CUST-10215,SESS-30535,CART-27535,2023-11-03,153.86,47.64,26.09,Beauty,1,Returned,Web,North,P-510,SKU-2638,153.86,8.64,12.31,Returning,Crypto
ORD-25536,CUST-10215,SESS-30536,CART-27536,2023-07-17,296.31,162.46,11.46,Home,4,Cancelled,Web,East,P-119,SKU-1726,74.08,10.47,23.70,Returning,Crypto
ORD-25537,CUST-10215,SESS-30537,CART-27537,2025-09-18,401.39,219.74,10.07,Electronics,4,Completed,Affiliate,North,P-349,SKU-3976,100.35,1.12,32.11,New,Crypto
ORD-25538,CUST-10216,SESS-30538,CART-27538,2024-05-03,135.41,56.81,7.21,Sports,3,Returned,Affiliate,International,P-85,SKU-4984,45.14,2.90,10.83,VIP,PayPal
ORD-25539,CUST-10216,SESS-30539,CART-27539,2023-02-13,292.07,145.11,14.68,Fashion,5,Cancelled,Web,East,P-817,SKU-448,58.41,0.56,23.37,Returning,PayPal
ORD-25540,CUST-10217,SESS-30540,CART-27540,2023-12-25,437.44,252.45,10.74,,2,Completed,Affiliate,East,P-404,SKU-4389,218.72,18.80,35.00,VIP,Credit Card
ORD-25541,CUST-10217,SESS-30541,CART-27541,2023-09-04,264.25,125.48,21.47,,5,Pending,Web,International,P-261,SKU-654,52.85,5.23,21.14,VIP,PayPal
ORD-25542,CUST-10217,SESS-30542,CART-27542,2023-01-04,237.55,139.34,16.42,Electronics,4,Pending,Affiliate,West,P-109,SKU-4652,59.39,8.73,19.00,Returning,PayPal
ORD-25543,CUST-10218,SESS-30543,CART-27543,2024-10-09,474.38,157.57,47.17,Beauty,5,Shipped,Social Media,South,P-933,SKU-3648,94.88,10.72,37.95,Returning,Crypto
ORD-25544,CUST-10218,SESS-30544,CART-27544,2025-12-17,  229.09  ,136.41,41.27,Fashion,3,Cancelled,Mobile App,East,P-312,SKU-2376,76.36,4.05,18.33,New,Credit Card
ORD-25545,CUST-10219,SESS-30545,CART-27545,2023-06-21,298.71,143.83,1.17,Beauty,4,Pending,Social Media,West,P-525,SKU-1542,74.68,0.98,23.90,New,Credit Card
ORD-25546,CUST-10219,SESS-30546,CART-27546,2026-01-16,17.69,6.30,3.13,Electronics,1,Pending,Social Media,West,P-486,SKU-4665,17.69,11.13,1.42,New,Debit Card
ORD-25547,CUST-10219,SESS-30547,CART-27547,2023-08-26,307.06,127.81,33.11,Sports,4,Pending,Social Media,East,P-797,SKU-882,76.77,0.70,24.57,VIP,PayPal
ORD-25548,CUST-10220,SESS-30548,CART-27548,2023-10-22,29.31,12.02,11.93,Fashion,1,Pending,Social Media,West,P-690,SKU-3897,29.31,17.72,2.34,Returning,Credit Card
ORD-25549,CUST-10220,SESS-30549,CART-27549,2024-10-30,67.30,25.42,7.89,Electronics,5,Completed,Mobile App,South,P-506,SKU-2419,13.46,5.06,5.38,VIP,Crypto
ORD-25550,CUST-10221,SESS-30550,CART-27550,2023-09-26,342.10,162.87,48.91,Fashion,2,Returned,Affiliate,International,P-577,SKU-4609,171.05,19.09,27.37,Returning,Crypto
ORD-25551,CUST-10221,SESS-30551,CART-27551,2023-07-06,508.29,176.50,19.73,Home,4,Cancelled,Affiliate,International,P-345,SKU-3176,127.07,1.85,40.66,New,Debit Card
ORD-25552,CUST-10221,SESS-30552,CART-27552,2024-10-14,341.13,176.85,18.63,Home,NULL,Completed,Web,East,P-194,SKU-358,85.28,19.29,27.29,VIP,Crypto
ORD-25553,CUST-10222,SESS-30553,CART-27553,2024-07-01,457.07,210.96,45.80,Sports,,Returned,Web,West,P-499,SKU-2559,152.36,16.46,36.57,New,Crypto
ORD-25554,CUST-10222,SESS-30554,CART-27554,2024-06-01,212.89,112.34,11.37,Home,2,Completed,Mobile App,South,P-626,SKU-1648,106.45,17.19,17.03,Returning,Crypto
ORD-25555,CUST-10223,SESS-30555,CART-27555,2025-06-26,377.90,113.82,29.60,Beauty,4,Completed,Web,North,P-17,SKU-3788,94.47,1.05,30.23,New,Crypto
ORD-25556,CUST-10223,SESS-30556,CART-27556,2024-01-01,342.19,187.62,48.32,,5,Cancelled,Mobile App,West,P-433,SKU-556,68.44,5.36,27.38,New,Debit Card
ORD-25557,CUST-10223,SESS-30557,CART-27557,1673337025719,127.98,56.40,0.87,Beauty,4,Shipped,Mobile App,West,P-785,SKU-3881,31.99,13.78,10.24,New,PayPal
ORD-25558,CUST-10224,SESS-30558,CART-27558,2024-08-11,104.11,45.91,5.13,Electronics,2,Returned,Web,West,P-394,SKU-4197,52.05,1.08,8.33,New,PayPal
ORD-25559,CUST-10224,SESS-30559,CART-27559,7/14/2025,93.16,45.80,44.35,Electronics,3,Pending,Web,North,P-568,SKU-4301,31.05,6.77,7.45,Returning,Credit Card
ORD-25560,CUST-10225,SESS-30560,CART-27560,2025-12-22,137.36,76.40,47.61,Beauty,4,Pending,Mobile App,East,P-614,SKU-644,34.34,10.03,10.99,Returning,Crypto
ORD-25561,CUST-10225,SESS-30561,CART-27561,2024-08-28,247.01,85.71,44.55,Fashion,2,Pending,Affiliate,West,P-299,SKU-244,123.50,4.83,19.76,New,PayPal
ORD-25562,CUST-10225,SESS-30562,CART-27562,2023-05-06,147.28,57.89,35.85,Home,5,Cancelled,Web,North,P-346,SKU-2056,29.46,16.10,11.78,VIP,Crypto
ORD-25563,CUST-10226,SESS-30563,CART-27563,2025-07-24,385.60,142.04,41.78,Sports,1,Shipped,Social Media,East,P-723,SKU-3421,385.60,6.01,30.85,New,PayPal
ORD-25564,CUST-10226,SESS-30564,CART-27564,2023-05-18,273.04,95.69,47.25,Electronics,4,Shipped,Social Media,East,P-143,SKU-1931,68.26,10.89,21.84,VIP,PayPal
ORD-25565,CUST-10227,SESS-30565,CART-27565,2024-01-07,70.81,36.33,9.33,Home,4,Pending,Social Media,East,P-97,SKU-806,17.70,5.77,5.66,VIP,Debit Card
ORD-25566,CUST-10227,SESS-30566,CART-27566,2023-06-04,238.37,78.57,38.91,Sports,3,Completed,Mobile App,North,P-345,SKU-3013,79.46,16.41,19.07,VIP,Credit Card
ORD-25567,CUST-10227,SESS-30567,CART-27567,1737357756405,281.71,152.62,39.68,Home,4,Shipped,Web,West,P-457,SKU-2631,70.43,4.92,22.54,VIP,PayPal
ORD-25568,CUST-10228,SESS-30568,CART-27568,2025-08-11,55.78,19.36,49.17,Sports,4,Returned,Web,North,P-788,SKU-3764,13.95,19.38,4.46,New,PayPal
ORD-25569,CUST-10228,SESS-30569,CART-27569,1688499072086,  439.68  ,193.32,46.29,Electronics,1,Returned,Web,North,P-828,SKU-627,439.68,12.86,35.17,VIP,PayPal
ORD-25570,CUST-10229,SESS-30570,CART-27570,2024-07-21,348.71,140.40,8.15,Home,2,Returned,Mobile App,East,P-360,SKU-3135,174.35,6.83,27.90,New,Debit Card
ORD-25571,CUST-10229,SESS-30571,CART-27571,2023-02-05,224.23,97.18,46.96,Fashion,2,Pending,Mobile App,East,P-627,SKU-3542,112.12,10.11,17.94,New,Credit Card
ORD-25572,CUST-10229,SESS-30572,CART-27572,2024-05-21,108.88,34.28,2.90,Electronics,1,Shipped,Web,North,P-60,SKU-3480,108.88,5.07,8.71,New,Credit Card
ORD-25573,CUST-10230,SESS-30573,CART-27573,2025-12-01,136.86,67.33,6.07,  fashion  ,4,Pending,Web,North,P-321,SKU-3137,34.22,9.28,10.95,New,PayPal
ORD-25574,CUST-10230,SESS-30574,CART-27574,2025-11-15,403.14,168.26,0.65,Electronics,4,Shipped,Social Media,North,P-194,SKU-1143,100.78,5.31,32.25,VIP,Crypto
ORD-25575,CUST-10231,SESS-30575,CART-27575,2024-11-27,272.67,140.02,5.67,Fashion,3,Pending,Mobile App,South,P-720,SKU-3485,90.89,5.47,21.81,VIP,Credit Card
ORD-25576,CUST-10231,SESS-30576,CART-27576,2025-11-21,289.28,164.20,0.90,Home,4,Cancelled,Mobile App,International,P-579,SKU-3431,72.32,1.53,23.14,VIP,Crypto
ORD-25577,CUST-10231,SESS-30577,CART-27577,2024-12-07,264.35,109.13,25.87,Fashion,1,Returned,Affiliate,North,P-617,SKU-1190,264.35,10.49,21.15,New,PayPal
ORD-25578,CUST-10232,SESS-30578,CART-27578,2024-08-27,261.85,123.72,19.35,Home,2,Completed,Mobile App,South,P-138,SKU-1754,130.93,7.49,20.95,VIP,PayPal
ORD-25579,CUST-10232,SESS-30579,CART-27579,2023-01-04,471.53,227.64,23.05,Home,5,Pending,Social Media,North,P-10,SKU-44,94.31,5.48,37.72,New,PayPal
ORD-25580,CUST-10233,SESS-30580,CART-27580,2025-05-23,442.78,162.76,0.69,Beauty,4,Cancelled,Web,South,P-197,SKU-134,110.69,3.67,35.42,New,Debit Card
ORD-25581,CUST-10233,SESS-30581,CART-27581,2024-02-03,189.06,67.76,8.24,Beauty,4,Pending,Mobile App,East,P-678,SKU-3756,47.26,2.35,15.12,VIP,PayPal
ORD-25582,CUST-10233,SESS-30582,CART-27582,2023-12-30,,188.83,5.15,Beauty,5,Cancelled,Affiliate,East,P-432,SKU-4145,85.20,19.32,34.08,New,Credit Card
ORD-25583,CUST-10234,SESS-30583,CART-27583,2024-02-11,178.99,100.37,38.55,Home,5,Completed,Social Media,West,P-94,SKU-3733,35.80,18.30,14.32,VIP,Debit Card
ORD-25584,CUST-10234,SESS-30584,CART-27584,2025-05-19,34.04,16.23,3.35,Beauty,2,Shipped,Affiliate,West,P-230,SKU-62,17.02,12.06,2.72,Returning,Crypto
ORD-25585,CUST-10235,SESS-30585,CART-27585,2024-07-08,172.86,67.45,39.07,Electronics,3,Cancelled,Web,International,P-884,SKU-3245,57.62,15.31,13.83,VIP,Debit Card
ORD-25586,CUST-10235,SESS-30586,CART-27586,2025-09-20,271.49,87.45,22.93,Electronics,5,Returned,Mobile App,West,P-247,SKU-1691,54.30,2.29,21.72,New,Debit Card
ORD-25587,CUST-10235,SESS-30587,CART-27587,2023-08-05,102.96,51.32,32.75,Fashion,3,Shipped,Mobile App,North,P-118,SKU-1881,34.32,10.89,8.24,New,Crypto
ORD-25588,CUST-10236,SESS-30588,CART-27588,2024-10-04,381.84,118.10,31.48,Fashion,5,Cancelled,Affiliate,South,P-515,SKU-3500,76.37,11.59,30.55,Returning,Crypto
ORD-25589,CUST-10236,SESS-30589,CART-27589,2024-11-18,413.21,151.29,14.92,Sports,3,Cancelled,Social Media,International,P-464,SKU-743,137.74,6.08,33.06,VIP,Credit Card
ORD-25590,CUST-10237,SESS-30590,CART-27590,2024-11-20,137.26,68.46,25.05,Fashion,2,Shipped,Web,West,P-539,SKU-3220,68.63,14.61,10.98,New,Debit Card
ORD-25591,CUST-10237,SESS-30591,CART-27591,2025-07-17,355.93,191.01,22.68,Fashion,1,Cancelled,Mobile App,North,P-369,SKU-4807,355.93,11.57,28.47,VIP,PayPal
ORD-25592,CUST-10237,SESS-30592,CART-27592,2024-02-28,66.86,33.82,2.76,Beauty,5,Completed,Web,East,P-282,SKU-1292,13.37,9.47,5.35,VIP,Debit Card
ORD-25593,CUST-10238,SESS-30593,CART-27593,2023-09-22,237.80,93.61,22.67,Electronics,NULL,Pending,Affiliate,West,P-102,SKU-3231,47.56,4.95,19.02,Returning,PayPal
ORD-25594,CUST-10238,SESS-30594,CART-27594,2023-03-10,110.10,59.39,29.35,Beauty,5,Shipped,Web,International,P-575,SKU-3499,22.02,17.05,8.81,Returning,Crypto
ORD-25595,CUST-10239,SESS-30595,CART-27595,2024-10-26,429.37,218.05,44.07,Home,5,Cancelled,Social Media,International,P-281,SKU-3854,85.87,4.18,34.35,VIP,Debit Card
ORD-25596,CUST-10239,SESS-30596,CART-27596,2024-05-01,495.10,170.35,33.52,Electronics,4,Completed,Web,South,P-457,SKU-1531,123.78,19.98,39.61,VIP,Credit Card
ORD-25597,CUST-10239,SESS-30597,CART-27597,2023-04-26,118.35,68.87,36.37,Electronics,4,Shipped,Social Media,International,P-911,SKU-407,29.59,14.05,9.47,VIP,Credit Card
ORD-25598,CUST-10240,SESS-30598,CART-27598,2026-01-30,  341.89  ,186.54,43.32,Fashion,4,Shipped,Web,West,P-241,SKU-236,85.47,13.72,27.35,New,Credit Card
ORD-25599,CUST-10240,SESS-30599,CART-27599,2026-01-27,165.03,65.58,42.05,Electronics,5,Returned,Mobile App,West,P-216,SKU-25,33.01,18.58,13.20,New,Crypto
ORD-25600,CUST-10241,SESS-30600,CART-27600,2025-02-08,471.18,172.30,37.12,Fashion,4,Returned,Mobile App,North,P-179,SKU-2064,117.79,17.02,37.69,Returning,PayPal
ORD-25601,CUST-10241,SESS-30601,CART-27601,2024-04-25,35.94,19.36,4.73,Fashion,2,Completed,Social Media,West,P-130,SKU-1774,17.97,13.08,2.88,Returning,Credit Card
ORD-25602,CUST-10241,SESS-30602,CART-27602,2024-12-25,422.38,194.58,25.17,Sports,3,Pending,Affiliate,International,P-452,SKU-4412,140.79,8.51,33.79,VIP,Crypto
ORD-25603,CUST-10242,SESS-30603,CART-27603,2024-07-04,215.32,93.91,6.04,Beauty,3,Cancelled,Affiliate,West,P-2,SKU-1695,71.77,10.71,17.23,Returning,Credit Card
ORD-25604,CUST-10242,SESS-30604,CART-27604,2023-07-25,301.39,147.76,7.45,Electronics,1,Shipped,Affiliate,East,P-450,SKU-4297,301.39,12.14,24.11,New,PayPal
ORD-25605,CUST-10243,SESS-30605,CART-27605,2025-10-22,59.46,30.09,44.77,Beauty,2,Pending,Web,East,P-677,SKU-3673,29.73,9.33,4.76,New,Crypto
ORD-25606,CUST-10243,SESS-30606,CART-27606,1704155137445,114.54,52.34,6.41,Beauty,,Shipped,Affiliate,East,P-613,SKU-2749,28.64,15.45,9.16,New,PayPal
ORD-25607,CUST-10243,SESS-30607,CART-27607,2023-01-02,  280.44  ,147.84,32.54,Home,1,Shipped,Web,South,P-721,SKU-499,280.44,12.40,22.44,VIP,PayPal
ORD-25608,CUST-10244,SESS-30608,CART-27608,2024-07-31,269.69,137.80,16.49,Home,5,Pending,Web,South,P-661,SKU-514,53.94,5.62,21.58,Returning,Crypto
ORD-25609,CUST-10244,SESS-30609,CART-27609,2025-07-09,,63.95,31.46,Fashion,3,Returned,Social Media,South,P-884,SKU-286,48.44,4.35,11.63,New,Debit Card
ORD-25610,CUST-10245,SESS-30610,CART-27610,2025-03-04,466.69,170.51,4.42,Electronics,2,Shipped,Social Media,South,P-867,SKU-1890,233.35,15.21,37.34,New,Debit Card
ORD-25611,CUST-10245,SESS-30611,CART-27611,2023-12-21,352.23,117.14,20.10,Electronics,4,Shipped,Social Media,East,P-68,SKU-1108,88.06,1.67,28.18,New,PayPal
ORD-25612,CUST-10245,SESS-30612,CART-27612,2025-11-15,377.33,197.34,5.68,Beauty,1,Pending,Web,West,P-707,SKU-3621,377.33,1.65,30.19,Returning,PayPal
ORD-25613,CUST-10246,SESS-30613,CART-27613,2023-03-07,73.02,42.67,11.47,Home,5,Returned,Web,South,P-203,SKU-1426,14.60,12.87,5.84,New,PayPal
ORD-25614,CUST-10246,SESS-30614,CART-27614,2023-09-19,48.10,28.24,43.92,Electronics,3,Shipped,Mobile App,South,P-754,SKU-288,16.03,3.07,3.85,New,Crypto
ORD-25615,CUST-10247,SESS-30615,CART-27615,2025-08-05,493.72,217.19,34.69,Home,3,Completed,Web,South,P-52,SKU-614,164.57,18.40,39.50,VIP,PayPal
ORD-25616,CUST-10247,SESS-30616,CART-27616,2023-01-07,320.31,135.79,44.37,Sports,4,Returned,Social Media,West,P-164,SKU-4901,80.08,18.31,25.63,VIP,PayPal
ORD-25617,CUST-10247,SESS-30617,CART-27617,2025-11-06,201.29,72.54,5.88,Electronics,5,Returned,Mobile App,West,P-970,SKU-376,40.26,14.49,16.10,New,Debit Card
ORD-25618,CUST-10248,SESS-30618,CART-27618,2023-08-25,,147.18,7.88,Home,4,Shipped,Affiliate,West,P-668,SKU-1547,76.71,19.03,24.55,New,Crypto
ORD-25619,CUST-10248,SESS-30619,CART-27619,2024-06-12,11.39,3.86,36.22,Electronics,4,Pending,Social Media,International,P-73,SKU-4242,2.85,2.67,0.91,VIP,Crypto
ORD-25620,CUST-10249,SESS-30620,CART-27620,2024-03-12,191.80,62.30,7.87,Sports,2,Completed,Affiliate,South,P-386,SKU-3302,95.90,2.89,15.34,VIP,Credit Card
ORD-25621,CUST-10249,SESS-30621,CART-27621,2024-01-02,64.50,34.50,28.71,Electronics,5,Returned,Web,North,P-559,SKU-2135,12.90,8.25,5.16,VIP,Debit Card
ORD-25622,CUST-10249,SESS-30622,CART-27622,2025-07-13,101.75,45.68,39.69,Beauty,1,Cancelled,Social Media,West,P-818,SKU-661,101.75,10.59,8.14,Returning,Credit Card
ORD-25623,CUST-10250,SESS-30623,CART-27623,2023-05-31,85.87,46.62,42.71,Home,3,Completed,Social Media,International,P-256,SKU-548,28.62,5.70,6.87,New,Debit Card
ORD-25624,CUST-10250,SESS-30624,CART-27624,2023-06-25,317.50,149.25,35.61,Sports,5,Cancelled,Web,West,P-421,SKU-4694,63.50,6.91,25.40,VIP,PayPal
ORD-25625,CUST-10251,SESS-30625,CART-27625,2025-12-21,99.69,46.13,21.63,Fashion,4,Returned,Social Media,West,P-504,SKU-905,24.92,6.64,7.97,Returning,PayPal
ORD-25626,CUST-10251,SESS-30626,CART-27626,3/3/2026,395.90,134.00,26.88,Home,5,Cancelled,Mobile App,East,P-447,SKU-429,79.18,3.85,31.67,New,Debit Card
ORD-25627,CUST-10251,SESS-30627,CART-27627,2025-12-23,327.00,99.85,36.57,Home,5,Returned,Web,West,P-531,SKU-3044,65.40,12.71,26.16,VIP,Credit Card
ORD-25628,CUST-10252,SESS-30628,CART-27628,2024-06-11,344.14,164.96,40.57,Home,4,Shipped,Mobile App,West,P-800,SKU-3971,86.03,18.99,27.53,VIP,Credit Card
ORD-25629,CUST-10252,SESS-30629,CART-27629,2026-02-26,353.13,110.93,29.32,Beauty,1,Shipped,Affiliate,West,P-94,SKU-463,353.13,8.22,28.25,New,Credit Card
ORD-25630,CUST-10253,SESS-30630,CART-27630,2025-01-15,297.66,100.07,31.52,Fashion,1,Completed,Social Media,North,P-639,SKU-859,297.66,5.66,23.81,VIP,Crypto
ORD-25631,CUST-10253,SESS-30631,CART-27631,2023-12-08,12.79,6.61,14.18,  sports  ,5,Completed,Mobile App,West,P-164,SKU-4683,2.56,2.70,1.02,Returning,PayPal
ORD-25632,CUST-10253,SESS-30632,CART-27632,2023-01-07,219.36,88.21,12.31,Beauty,4,Completed,Web,West,P-930,SKU-3465,54.84,10.87,17.55,Returning,Debit Card
ORD-25633,CUST-10254,SESS-30633,CART-27633,2024-08-25,79.63,41.72,13.30,Sports,4,Shipped,Mobile App,International,P-780,SKU-664,19.91,13.90,6.37,Returning,Debit Card
ORD-25634,CUST-10254,SESS-30634,CART-27634,2023-02-22,403.54,194.33,49.77,Beauty,4,Returned,Mobile App,International,P-629,SKU-2982,100.89,16.37,32.28,Returning,Credit Card
ORD-25635,CUST-10255,SESS-30635,CART-27635,2023-02-11,114.29,59.15,6.99,Electronics,4,Completed,Affiliate,East,P-787,SKU-3952,28.57,17.48,9.14,VIP,Credit Card
ORD-25636,CUST-10255,SESS-30636,CART-27636,2023-09-07,262.27,133.65,11.62,Home,4,Shipped,Mobile App,International,P-620,SKU-2282,65.57,17.07,20.98,Returning,PayPal
ORD-25637,CUST-10255,SESS-30637,CART-27637,2026-02-13,487.53,263.14,6.98,Electronics,1,Shipped,Affiliate,East,P-138,SKU-859,487.53,5.76,39.00,New,Debit Card
ORD-25638,CUST-10256,SESS-30638,CART-27638,2024-06-04,348.96,151.87,49.94,Fashion,4,Shipped,Social Media,West,P-239,SKU-3972,87.24,17.35,27.92,VIP,Credit Card
ORD-25639,CUST-10256,SESS-30639,CART-27639,2023-03-14,418.69,131.43,44.12,Beauty,1,Pending,Affiliate,West,P-858,SKU-223,418.69,17.71,33.50,New,Debit Card
ORD-25640,CUST-10257,SESS-30640,CART-27640,2023-07-22,223.82,120.69,16.73,Sports,1,Completed,Web,East,P-408,SKU-3607,223.82,0.56,17.91,VIP,Debit Card
ORD-25641,CUST-10257,SESS-30641,CART-27641,2025-07-19,  34.51  ,19.25,27.26,Sports,3,Pending,Web,International,P-682,SKU-1376,11.50,16.81,2.76,New,Debit Card
ORD-25642,CUST-10257,SESS-30642,CART-27642,2024-08-07,61.70,26.34,0.81,Home,2,Shipped,Web,International,P-364,SKU-2716,30.85,3.18,4.94,Returning,Crypto
ORD-25643,CUST-10258,SESS-30643,CART-27643,2025-11-07,353.87,114.86,35.06,Electronics,2,Completed,Social Media,East,P-197,SKU-4240,176.94,6.13,28.31,Returning,Debit Card
ORD-25644,CUST-10258,SESS-30644,CART-27644,2025-05-12,,181.26,44.68,Beauty,2,Shipped,Social Media,International,P-788,SKU-916,189.30,5.78,30.29,Returning,PayPal
ORD-25645,CUST-10259,SESS-30645,CART-27645,2024-07-20,249.52,135.02,5.06,Home,3,Shipped,Affiliate,International,P-986,SKU-474,83.17,18.92,19.96,Returning,PayPal
ORD-25646,CUST-10259,SESS-30646,CART-27646,2023-04-30,385.87,164.90,28.36,Beauty,3,Pending,Affiliate,International,P-942,SKU-4001,128.62,16.95,30.87,Returning,PayPal
ORD-25647,CUST-10259,SESS-30647,CART-27647,2023-12-25,401.65,235.23,44.74,Fashion,4,Completed,Web,East,P-746,SKU-1749,100.41,12.85,32.13,New,PayPal
ORD-25648,CUST-10260,SESS-30648,CART-27648,2024-03-01,357.45,193.75,33.07,Electronics,4,Completed,Affiliate,West,P-725,SKU-382,89.36,8.48,28.60,Returning,Crypto
ORD-25649,CUST-10260,SESS-30649,CART-27649,2023-04-04,45.70,15.50,41.60,Beauty,2,Completed,Mobile App,North,P-424,SKU-12,22.85,4.43,3.66,Returning,Crypto
ORD-25650,CUST-10261,SESS-30650,CART-27650,2024-08-02,185.81,104.11,0.88,Sports,4,Cancelled,Web,East,P-525,SKU-792,46.45,8.38,14.86,VIP,Credit Card
ORD-25651,CUST-10261,SESS-30651,CART-27651,2025-05-10,415.32,154.61,14.97,Sports,5,Pending,Mobile App,East,P-293,SKU-1685,83.06,13.60,33.23,New,Credit Card
ORD-25652,CUST-10261,SESS-30652,CART-27652,2023-12-14,167.69,71.21,8.22,,4,Pending,Mobile App,South,P-55,SKU-4052,41.92,10.35,13.42,VIP,Debit Card
ORD-25653,CUST-10262,SESS-30653,CART-27653,2025-01-23,206.22,81.27,10.32,Home,4,Cancelled,Affiliate,International,P-159,SKU-4512,51.55,7.27,16.50,Returning,Crypto
ORD-25654,CUST-10262,SESS-30654,CART-27654,2023-02-09,268.69,99.89,17.58,Home,4,Cancelled,Affiliate,East,P-603,SKU-2472,67.17,13.41,21.50,New,Credit Card
ORD-25655,CUST-10263,SESS-30655,CART-27655,2024-03-07,451.08,179.39,39.91,Sports,1,Cancelled,Social Media,North,P-168,SKU-2485,451.08,10.58,36.09,Returning,PayPal
ORD-25656,CUST-10263,SESS-30656,CART-27656,2023-02-25,210.41,70.45,40.63,Beauty,2,Pending,Affiliate,North,P-422,SKU-3473,105.20,13.78,16.83,Returning,Crypto
ORD-25657,CUST-10263,SESS-30657,CART-27657,2024-08-26,247.21,108.90,37.57,Beauty,2,Returned,Mobile App,International,P-91,SKU-3203,123.61,18.66,19.78,VIP,Credit Card
ORD-25658,CUST-10264,SESS-30658,CART-27658,1727883727061,76.21,45.44,5.15,Sports,5,Pending,Mobile App,North,P-287,SKU-2705,15.24,19.62,6.10,New,Credit Card
ORD-25659,CUST-10264,SESS-30659,CART-27659,2026-02-28,204.78,82.12,19.78,Sports,4,Returned,Social Media,East,P-258,SKU-1675,51.20,10.64,16.38,VIP,Debit Card
ORD-25660,CUST-10265,SESS-30660,CART-27660,2026-02-13,46.42,24.94,32.99,Home,3,Completed,Mobile App,North,P-601,SKU-898,15.47,13.53,3.71,VIP,Credit Card
ORD-25661,CUST-10265,SESS-30661,CART-27661,2023-08-18,261.15,84.71,9.38,Beauty,1,Completed,Social Media,International,P-586,SKU-3322,261.15,8.45,20.89,Returning,Debit Card
ORD-25662,CUST-10265,SESS-30662,CART-27662,2023-06-11,483.74,228.40,48.30,Home,5,Completed,Social Media,East,P-434,SKU-2558,96.75,13.76,38.70,New,Credit Card
ORD-25663,CUST-10266,SESS-30663,CART-27663,2023-11-22,139.33,63.86,41.31,Fashion,4,Cancelled,Affiliate,South,P-989,SKU-1748,34.83,16.83,11.15,Returning,Credit Card
ORD-25664,CUST-10266,SESS-30664,CART-27664,1/26/2023,105.11,37.15,24.43,  home  ,3,Returned,Social Media,North,P-592,SKU-4286,35.04,10.93,8.41,New,Crypto
ORD-25665,CUST-10267,SESS-30665,CART-27665,2025-12-05,153.08,57.30,30.93,Fashion,,Shipped,Mobile App,West,P-17,SKU-3683,51.03,14.02,12.25,VIP,PayPal
ORD-25666,CUST-10267,SESS-30666,CART-27666,2024-10-20,199.35,119.18,48.72,Fashion,3,Completed,Social Media,East,P-178,SKU-620,66.45,2.35,15.95,Returning,PayPal
ORD-25667,CUST-10267,SESS-30667,CART-27667,2024-11-06,369.52,118.30,16.10,Fashion,1,Pending,Web,International,P-540,SKU-2528,369.52,13.55,29.56,VIP,PayPal
ORD-25668,CUST-10268,SESS-30668,CART-27668,8/30/2023,407.82,206.78,26.04,Sports,5,Shipped,Affiliate,East,P-157,SKU-4579,81.56,18.31,32.63,VIP,Debit Card
ORD-25669,CUST-10268,SESS-30669,CART-27669,1749393613876,280.19,96.33,35.54,Electronics,4,Returned,Social Media,East,P-467,SKU-4749,70.05,14.50,22.42,VIP,PayPal
ORD-25670,CUST-10269,SESS-30670,CART-27670,2024-09-23,388.89,199.03,45.54,Beauty,2,Pending,Web,South,P-339,SKU-90,194.44,4.98,31.11,VIP,PayPal
ORD-25671,CUST-10269,SESS-30671,CART-27671,1763356393648,387.51,128.92,46.56,Sports,NULL,Returned,Social Media,International,P-571,SKU-177,96.88,3.68,31.00,New,Crypto
ORD-25672,CUST-10269,SESS-30672,CART-27672,2024-04-25,380.41,143.16,24.39,Electronics,2,Completed,Web,South,P-774,SKU-688,190.21,4.73,30.43,New,Crypto
ORD-25673,CUST-10270,SESS-30673,CART-27673,2025-03-31,89.92,47.90,43.54,Beauty,5,Shipped,Web,South,P-679,SKU-4188,17.98,19.65,7.19,VIP,Crypto
ORD-25674,CUST-10270,SESS-30674,CART-27674,2024-10-08,144.50,70.99,29.22,  beauty  ,1,Completed,Social Media,International,P-838,SKU-2819,144.50,4.63,11.56,Returning,Crypto
ORD-25675,CUST-10271,SESS-30675,CART-27675,2025-03-05,181.88,58.11,9.79,Fashion,3,Shipped,Affiliate,International,P-261,SKU-310,60.63,12.28,14.55,New,Crypto
ORD-25676,CUST-10271,SESS-30676,CART-27676,2025-01-21,104.34,46.96,17.63,Sports,4,Cancelled,Affiliate,North,P-150,SKU-2348,26.08,18.60,8.35,Returning,PayPal
ORD-25677,CUST-10271,SESS-30677,CART-27677,2024-08-02,427.49,180.90,22.55,Fashion,1,Pending,Web,South,P-289,SKU-382,427.49,11.06,34.20,VIP,Crypto
ORD-25678,CUST-10272,SESS-30678,CART-27678,2024-06-21,178.79,89.35,3.84,Home,5,Returned,Social Media,North,P-425,SKU-1096,35.76,12.83,14.30,Returning,PayPal
ORD-25679,CUST-10272,SESS-30679,CART-27679,7/19/2024,197.41,60.19,37.20,Electronics,4,Returned,Web,South,P-942,SKU-1101,49.35,10.33,15.79,Returning,Debit Card
ORD-25680,CUST-10273,SESS-30680,CART-27680,2025-04-11,253.33,134.30,17.74,Fashion,5,Cancelled,Social Media,South,P-405,SKU-1146,50.67,17.62,20.27,Returning,Credit Card
ORD-25681,CUST-10273,SESS-30681,CART-27681,2023-04-10,14.54,6.88,25.28,  home  ,1,Returned,Affiliate,South,P-102,SKU-2705,14.54,19.33,1.16,New,PayPal
ORD-25682,CUST-10273,SESS-30682,CART-27682,2023-05-19,59.17,29.19,17.90,Sports,2,Shipped,Mobile App,West,P-856,SKU-4029,29.59,8.56,4.73,Returning,PayPal
ORD-25683,CUST-10274,SESS-30683,CART-27683,1739774360035,284.78,133.16,20.17,Sports,4,Shipped,Mobile App,East,P-502,SKU-838,71.19,7.66,22.78,VIP,PayPal
ORD-25684,CUST-10274,SESS-30684,CART-27684,2024-01-19,110.77,57.63,44.81,Electronics,1,Cancelled,Social Media,International,P-946,SKU-3538,110.77,13.38,8.86,New,Debit Card
ORD-25685,CUST-10275,SESS-30685,CART-27685,2025-05-03,398.12,172.77,16.77,Sports,2,Pending,Affiliate,North,P-666,SKU-1725,199.06,16.07,31.85,VIP,Crypto
ORD-25686,CUST-10275,SESS-30686,CART-27686,2025-10-03,138.70,75.21,15.20,Fashion,3,Pending,Affiliate,North,P-427,SKU-550,46.23,18.51,11.10,New,PayPal
ORD-25687,CUST-10275,SESS-30687,CART-27687,1677433528260,310.36,160.47,3.31,Sports,3,Cancelled,Web,East,P-27,SKU-3320,103.45,7.27,24.83,Returning,Debit Card
ORD-25688,CUST-10276,SESS-30688,CART-27688,2025-06-07,225.50,82.54,48.10,Home,5,Pending,Web,North,P-322,SKU-4252,45.10,3.81,18.04,Returning,PayPal
ORD-25689,CUST-10276,SESS-30689,CART-27689,2024-02-15,499.17,204.66,32.23,Electronics,4,Completed,Mobile App,East,P-341,SKU-216,124.79,18.39,39.93,New,PayPal
ORD-25690,CUST-10277,SESS-30690,CART-27690,2023-11-16,81.05,46.55,46.53,Beauty,2,Returned,Web,West,P-583,SKU-2407,40.53,11.10,6.48,Returning,PayPal
ORD-25691,CUST-10277,SESS-30691,CART-27691,2024-03-06,22.68,7.06,22.63,Fashion,4,Returned,Affiliate,North,P-880,SKU-4744,5.67,9.39,1.81,VIP,Debit Card
ORD-25692,CUST-10277,SESS-30692,CART-27692,2024-10-13,394.43,179.17,44.63,Beauty,1,Returned,Affiliate,West,P-809,SKU-3950,394.43,0.71,31.55,Returning,Debit Card
ORD-25693,CUST-10278,SESS-30693,CART-27693,2024-06-04,47.56,24.97,33.85,Fashion,2,Pending,Social Media,North,P-537,SKU-1100,23.78,17.35,3.80,New,Crypto
ORD-25694,CUST-10278,SESS-30694,CART-27694,2025-05-07,195.79,84.42,28.00,Electronics,1,Shipped,Mobile App,East,P-577,SKU-4606,195.79,15.66,15.66,New,Crypto
ORD-25695,CUST-10279,SESS-30695,CART-27695,2023-04-08,374.81,210.51,9.80,Fashion,2,Shipped,Social Media,East,P-589,SKU-4786,187.40,12.01,29.98,New,Crypto
ORD-25696,CUST-10279,SESS-30696,CART-27696,2025-03-30,148.18,66.94,18.22,Electronics,3,Cancelled,Affiliate,East,P-438,SKU-624,49.39,13.98,11.85,Returning,Debit Card
ORD-25697,CUST-10279,SESS-30697,CART-27697,2023-10-08,13.96,6.92,14.96,Sports,3,Cancelled,Social Media,West,P-551,SKU-1512,4.65,17.42,1.12,VIP,Credit Card
ORD-25698,CUST-10280,SESS-30698,CART-27698,2023-07-10,97.61,36.95,47.70,Home,1,Cancelled,Mobile App,South,P-714,SKU-3282,97.61,18.83,7.81,Returning,Credit Card
ORD-25699,CUST-10280,SESS-30699,CART-27699,2023-07-29,101.38,47.67,41.84,Electronics,2,Pending,Social Media,North,P-784,SKU-2976,50.69,13.14,8.11,Returning,Debit Card
ORD-25700,CUST-10281,SESS-30700,CART-27700,2023-02-21,52.39,24.49,22.40,Sports,4,Pending,Social Media,International,P-920,SKU-3641,13.10,19.83,4.19,New,Debit Card
ORD-25701,CUST-10281,SESS-30701,CART-27701,2024-07-23,495.76,175.46,15.30,Beauty,5,Pending,Social Media,International,P-377,SKU-693,99.15,15.87,39.66,New,Debit Card
ORD-25702,CUST-10281,SESS-30702,CART-27702,2023-12-12,308.34,94.15,13.64,Beauty,5,Pending,Affiliate,International,P-197,SKU-1757,61.67,17.14,24.67,Returning,PayPal
ORD-25703,CUST-10282,SESS-30703,CART-27703,2023-12-11,278.14,154.62,45.27,Electronics,3,Returned,Affiliate,International,P-411,SKU-3303,92.71,6.67,22.25,VIP,PayPal
ORD-25704,CUST-10282,SESS-30704,CART-27704,2023-01-11,58.27,28.81,7.07,Sports,5,Pending,Web,North,P-73,SKU-3466,11.65,17.94,4.66,Returning,Crypto
ORD-25705,CUST-10283,SESS-30705,CART-27705,2024-03-11,279.05,140.01,18.35,Fashion,1,Returned,Web,International,P-270,SKU-312,279.05,10.72,22.32,VIP,PayPal
ORD-25706,CUST-10283,SESS-30706,CART-27706,2023-12-17,104.87,48.90,46.86,Beauty,3,Shipped,Social Media,West,P-508,SKU-4604,34.96,4.23,8.39,Returning,Crypto
ORD-25707,CUST-10283,SESS-30707,CART-27707,2023-02-13,395.70,186.10,18.18,Electronics,4,Returned,Mobile App,West,P-583,SKU-4020,98.92,1.33,31.66,Returning,Debit Card
ORD-25708,CUST-10284,SESS-30708,CART-27708,2024-07-17,504.77,301.36,8.67,Electronics,4,Pending,Social Media,South,P-517,SKU-4064,126.19,0.41,40.38,New,Debit Card
ORD-25709,CUST-10284,SESS-30709,CART-27709,2026-02-21,444.12,186.35,47.23,Fashion,5,Shipped,Mobile App,International,P-689,SKU-4027,88.82,11.11,35.53,VIP,PayPal
ORD-25710,CUST-10285,SESS-30710,CART-27710,2023-11-06,473.16,245.98,30.52,Home,5,Completed,Social Media,North,P-510,SKU-838,94.63,12.49,37.85,Returning,Credit Card
ORD-25711,CUST-10285,SESS-30711,CART-27711,2025-07-25,215.84,85.05,47.43,Home,NULL,Shipped,Social Media,South,P-892,SKU-3011,71.95,14.59,17.27,Returning,Crypto
ORD-25712,CUST-10285,SESS-30712,CART-27712,2024-07-15,41.33,16.22,11.51,Sports,3,Shipped,Web,International,P-808,SKU-812,13.78,9.89,3.31,VIP,Credit Card
ORD-25713,CUST-10286,SESS-30713,CART-27713,2024-04-08,254.02,107.60,11.62,Beauty,3,Pending,Mobile App,North,P-417,SKU-897,84.67,18.58,20.32,VIP,PayPal
ORD-25714,CUST-10286,SESS-30714,CART-27714,2023-07-29,316.36,126.17,0.84,Home,5,Pending,Affiliate,International,P-503,SKU-3881,63.27,18.99,25.31,VIP,Debit Card
ORD-25715,CUST-10287,SESS-30715,CART-27715,2025-06-22,373.60,218.64,21.57,Beauty,1,Returned,Web,East,P-962,SKU-1917,373.60,18.36,29.89,New,Crypto
ORD-25716,CUST-10287,SESS-30716,CART-27716,1757518345676,71.42,26.97,17.47,NULL,2,Pending,Social Media,International,P-40,SKU-3609,35.71,1.25,5.71,Returning,Crypto
ORD-25717,CUST-10287,SESS-30717,CART-27717,2023-07-28,105.45,56.48,34.83,Electronics,1,Shipped,Web,West,P-955,SKU-971,105.45,7.71,8.44,New,Credit Card
ORD-25718,CUST-10288,SESS-30718,CART-27718,2024-12-12,272.99,97.57,23.33,Electronics,2,Cancelled,Social Media,International,P-869,SKU-245,136.49,9.11,21.84,Returning,Debit Card
ORD-25719,CUST-10288,SESS-30719,CART-27719,2025-07-05,148.70,61.93,45.47,Electronics,4,Completed,Web,International,P-769,SKU-1268,37.17,8.71,11.90,Returning,PayPal
ORD-25720,CUST-10289,SESS-30720,CART-27720,2025-09-11,500.52,253.91,20.98,Home,4,Shipped,Web,South,P-735,SKU-4982,125.13,10.25,40.04,Returning,PayPal
ORD-25721,CUST-10289,SESS-30721,CART-27721,2025-03-30,491.66,236.47,17.65,  beauty  ,5,Pending,Affiliate,East,P-523,SKU-3369,98.33,13.72,39.33,Returning,Debit Card
ORD-25722,CUST-10289,SESS-30722,CART-27722,2025-11-12,481.50,212.60,20.96,NULL,5,Shipped,Web,West,P-235,SKU-2371,96.30,10.23,38.52,New,PayPal
ORD-25723,CUST-10290,SESS-30723,CART-27723,2025-05-01,14.97,7.95,49.66,Electronics,NULL,Completed,Social Media,North,P-130,SKU-54,7.49,4.84,1.20,Returning,Debit Card
ORD-25724,CUST-10290,SESS-30724,CART-27724,9/22/2025,490.26,246.11,38.39,Fashion,5,Shipped,Mobile App,International,P-345,SKU-1071,98.05,0.62,39.22,Returning,Debit Card
ORD-25725,CUST-10291,SESS-30725,CART-27725,2025-01-13,340.16,179.24,35.14,Home,2,Pending,Web,West,P-41,SKU-1922,170.08,9.68,27.21,VIP,PayPal
ORD-25726,CUST-10291,SESS-30726,CART-27726,2/12/2026,49.06,20.38,13.24,Beauty,5,Shipped,Affiliate,International,P-443,SKU-1111,9.81,14.83,3.93,Returning,Crypto
ORD-25727,CUST-10291,SESS-30727,CART-27727,2023-08-02,19.08,10.49,17.13,Home,4,Completed,Web,East,P-819,SKU-2947,4.77,13.59,1.53,VIP,Debit Card
ORD-25728,CUST-10292,SESS-30728,CART-27728,2023-04-09,204.81,67.91,27.17,Beauty,3,Returned,Social Media,East,P-173,SKU-903,68.27,19.78,16.39,VIP,Crypto
ORD-25729,CUST-10292,SESS-30729,CART-27729,2025-04-06,441.81,257.69,1.26,Sports,5,Shipped,Web,South,P-161,SKU-2098,88.36,1.82,35.34,New,Debit Card
ORD-25730,CUST-10293,SESS-30730,CART-27730,2025-09-15,137.38,72.76,40.18,Beauty,4,Shipped,Web,West,P-314,SKU-2280,34.34,18.52,10.99,New,Debit Card
ORD-25731,CUST-10293,SESS-30731,CART-27731,2024-10-20,234.23,130.10,8.56,Sports,3,Returned,Mobile App,International,P-544,SKU-860,78.08,1.00,18.74,New,Crypto
ORD-25732,CUST-10293,SESS-30732,CART-27732,2024-07-08,346.91,155.88,25.58,Sports,4,Returned,Affiliate,East,P-906,SKU-4215,86.73,17.35,27.75,Returning,Debit Card
ORD-25733,CUST-10294,SESS-30733,CART-27733,2025-12-04,342.53,156.95,35.81,Fashion,3,Returned,Mobile App,South,P-64,SKU-604,114.18,5.99,27.40,VIP,Debit Card
ORD-25734,CUST-10294,SESS-30734,CART-27734,2024-08-25,182.60,61.21,7.05,Sports,4,Cancelled,Web,East,P-818,SKU-4494,45.65,13.09,14.61,VIP,Debit Card
ORD-25735,CUST-10295,SESS-30735,CART-27735,2/18/2025,477.39,261.41,47.91,Electronics,1,Returned,Social Media,International,P-175,SKU-4952,477.39,7.79,38.19,VIP,Debit Card
ORD-25736,CUST-10295,SESS-30736,CART-27736,2023-05-25,79.45,25.87,20.99,Fashion,2,Shipped,Affiliate,South,P-587,SKU-2122,39.72,0.80,6.36,VIP,PayPal
ORD-25737,CUST-10295,SESS-30737,CART-27737,2024-06-28,241.43,109.66,18.31,Electronics,4,Pending,Social Media,International,P-767,SKU-2515,60.36,8.24,19.31,Returning,Debit Card
ORD-25738,CUST-10296,SESS-30738,CART-27738,2025-03-13,  259.51  ,153.35,8.90,Electronics,NULL,Pending,Web,North,P-747,SKU-3404,129.76,8.76,20.76,New,Crypto
ORD-25739,CUST-10296,SESS-30739,CART-27739,2023-11-24,292.26,132.87,11.91,NULL,2,Shipped,Mobile App,International,P-193,SKU-1317,146.13,0.08,23.38,VIP,Credit Card
ORD-25740,CUST-10297,SESS-30740,CART-27740,2025-09-18,78.59,37.54,17.60,Sports,5,Cancelled,Social Media,West,P-568,SKU-2180,15.72,9.07,6.29,VIP,Crypto
ORD-25741,CUST-10297,SESS-30741,CART-27741,2023-06-18,392.85,180.89,40.82,Electronics,4,Returned,Affiliate,South,P-426,SKU-3796,98.21,3.04,31.43,Returning,Crypto
ORD-25742,CUST-10297,SESS-30742,CART-27742,1744742542006,355.60,191.33,41.90,Beauty,2,Pending,Affiliate,North,P-312,SKU-2326,177.80,16.69,28.45,New,Debit Card
ORD-25743,CUST-10298,SESS-30743,CART-27743,2025-10-19,375.34,141.89,8.92,Electronics,5,Shipped,Web,International,P-107,SKU-3906,75.07,6.29,30.03,VIP,Debit Card
ORD-25744,CUST-10298,SESS-30744,CART-27744,2023-03-06,284.99,96.43,34.17,Fashion,2,Pending,Affiliate,North,P-275,SKU-2852,142.49,18.32,22.80,New,PayPal
ORD-25745,CUST-10299,SESS-30745,CART-27745,2023-04-04,130.57,51.08,43.23,Electronics,4,Pending,Web,South,P-561,SKU-1784,32.64,9.71,10.45,VIP,Crypto
ORD-25746,CUST-10299,SESS-30746,CART-27746,2023-04-06,  397.82  ,191.69,21.19,Home,1,Returned,Social Media,East,P-538,SKU-4058,397.82,5.33,31.83,Returning,Debit Card
ORD-25747,CUST-10299,SESS-30747,CART-27747,2025-09-01,237.09,136.56,9.15,Fashion,1,Cancelled,Social Media,South,P-708,SKU-1974,237.09,6.19,18.97,New,PayPal
ORD-25748,CUST-10300,SESS-30748,CART-27748,2023-09-19,459.36,207.59,26.85,Beauty,1,Returned,Social Media,South,P-332,SKU-1506,459.36,2.28,36.75,Returning,Credit Card
ORD-25749,CUST-10300,SESS-30749,CART-27749,2025-11-02,506.43,196.85,6.48,Electronics,3,Cancelled,Web,North,P-78,SKU-1721,168.81,8.17,40.51,Returning,Debit Card
ORD-25750,CUST-10301,SESS-30750,CART-27750,2023-02-18,414.31,168.86,32.81,Electronics,2,Completed,Mobile App,International,P-411,SKU-3676,207.15,7.08,33.14,Returning,PayPal
ORD-25751,CUST-10301,SESS-30751,CART-27751,2023-09-02,,211.78,9.25,Sports,3,Cancelled,Web,East,P-234,SKU-71,149.92,14.79,35.98,New,PayPal
ORD-25752,CUST-10301,SESS-30752,CART-27752,2023-08-19,251.34,84.82,43.76,Beauty,4,Shipped,Web,International,P-367,SKU-2687,62.84,2.58,20.11,Returning,PayPal
ORD-25753,CUST-10302,SESS-30753,CART-27753,2024-03-11,378.40,161.40,37.29,Fashion,3,Returned,Social Media,International,P-517,SKU-2771,126.13,17.26,30.27,New,Crypto
ORD-25754,CUST-10302,SESS-30754,CART-27754,2024-03-08,10.96,4.26,43.67,Fashion,5,Completed,Social Media,East,P-871,SKU-432,2.19,16.32,0.88,New,Crypto
ORD-25755,CUST-10303,SESS-30755,CART-27755,2024-05-06,308.05,124.61,42.74,Beauty,4,Shipped,Web,North,P-205,SKU-2228,77.01,6.18,24.64,VIP,Credit Card
ORD-25756,CUST-10303,SESS-30756,CART-27756,2023-03-24,416.10,181.20,14.11,Home,4,Returned,Affiliate,South,P-691,SKU-4333,104.02,13.84,33.29,New,Credit Card
ORD-25757,CUST-10303,SESS-30757,CART-27757,2023-10-02,252.58,122.56,32.03,Fashion,5,Cancelled,Mobile App,South,P-997,SKU-3981,50.52,17.73,20.21,New,Debit Card
ORD-25758,CUST-10304,SESS-30758,CART-27758,2025-06-18,466.29,255.68,15.22,Sports,5,Pending,Web,East,P-431,SKU-2377,93.26,11.87,37.30,VIP,Credit Card
ORD-25759,CUST-10304,SESS-30759,CART-27759,1771962646728,391.29,149.73,46.72,Sports,5,Returned,Social Media,North,P-93,SKU-3584,78.26,12.54,31.30,Returning,Credit Card
ORD-25760,CUST-10305,SESS-30760,CART-27760,2023-04-09,180.41,62.51,26.08,Electronics,2,Pending,Social Media,West,P-420,SKU-2586,90.20,15.00,14.43,VIP,Credit Card
ORD-25761,CUST-10305,SESS-30761,CART-27761,2025-06-21,211.86,75.10,30.87,Beauty,1,Returned,Social Media,East,P-945,SKU-1847,211.86,14.60,16.95,VIP,Crypto
ORD-25762,CUST-10305,SESS-30762,CART-27762,2025-03-14,300.68,175.57,28.85,Beauty,2,Returned,Mobile App,North,P-249,SKU-3366,150.34,12.03,24.05,VIP,Debit Card
ORD-25763,CUST-10306,SESS-30763,CART-27763,2024-08-19,192.48,71.85,0.95,Home,1,Cancelled,Mobile App,International,P-258,SKU-4441,192.48,4.17,15.40,New,PayPal
ORD-25764,CUST-10306,SESS-30764,CART-27764,2023-10-24,173.64,72.15,6.16,Electronics,2,Returned,Social Media,International,P-284,SKU-971,86.82,2.64,13.89,Returning,Credit Card
ORD-25765,CUST-10307,SESS-30765,CART-27765,2023-04-30,493.10,226.36,9.43,Beauty,5,Shipped,Affiliate,West,P-275,SKU-1633,98.62,2.70,39.45,Returning,PayPal
ORD-25766,CUST-10307,SESS-30766,CART-27766,2026-02-17,415.43,194.53,43.06,,5,Pending,Affiliate,South,P-375,SKU-3882,83.09,7.43,33.23,Returning,Debit Card
ORD-25767,CUST-10307,SESS-30767,CART-27767,2025-05-10,388.84,168.38,41.70,Beauty,1,Returned,Social Media,East,P-434,SKU-1760,388.84,8.62,31.11,VIP,Crypto
ORD-25768,CUST-10308,SESS-30768,CART-27768,2024-04-24,341.68,189.87,4.21,Home,1,Shipped,Web,South,P-778,SKU-3204,341.68,3.83,27.33,New,PayPal
ORD-25769,CUST-10308,SESS-30769,CART-27769,2023-01-15,237.15,124.61,43.16,Electronics,2,Returned,Web,East,P-261,SKU-4385,118.57,6.84,18.97,VIP,Crypto
ORD-25770,CUST-10309,SESS-30770,CART-27770,2023-06-10,441.70,146.05,36.86,Home,3,Shipped,Web,West,P-98,SKU-3592,147.23,10.76,35.34,VIP,Credit Card
ORD-25771,CUST-10309,SESS-30771,CART-27771,2025-03-27,209.83,90.16,34.84,Beauty,1,Pending,Web,South,P-325,SKU-2042,209.83,19.43,16.79,New,Crypto
ORD-25772,CUST-10309,SESS-30772,CART-27772,7/3/2023,158.39,65.42,33.77,Fashion,3,Cancelled,Mobile App,South,P-85,SKU-1772,52.80,7.96,12.67,VIP,Debit Card
ORD-25773,CUST-10310,SESS-30773,CART-27773,2025-03-03,122.99,62.45,11.38,Beauty,2,Cancelled,Social Media,West,P-251,SKU-3459,61.49,2.25,9.84,VIP,Debit Card
ORD-25774,CUST-10310,SESS-30774,CART-27774,2023-11-24,274.09,146.50,44.33,Sports,1,Pending,Affiliate,East,P-682,SKU-1886,274.09,17.19,21.93,VIP,Credit Card
ORD-25775,CUST-10311,SESS-30775,CART-27775,2025-11-14,301.82,119.16,18.24,Sports,1,Cancelled,Affiliate,East,P-914,SKU-1235,301.82,5.33,24.15,VIP,Crypto
ORD-25776,CUST-10311,SESS-30776,CART-27776,2023-07-06,190.16,105.07,3.63,Home,2,Pending,Affiliate,North,P-203,SKU-3275,95.08,17.43,15.21,New,PayPal
ORD-25777,CUST-10311,SESS-30777,CART-27777,2025-12-18,503.70,250.15,45.79,Fashion,2,Shipped,Social Media,International,P-310,SKU-3228,251.85,9.34,40.30,VIP,PayPal
ORD-25778,CUST-10312,SESS-30778,CART-27778,2025-09-10,262.97,105.73,23.07,Beauty,5,Pending,Affiliate,International,P-24,SKU-3740,52.59,18.45,21.04,VIP,Credit Card
ORD-25779,CUST-10312,SESS-30779,CART-27779,2023-01-17,,191.45,17.47,Sports,4,Pending,Affiliate,South,P-584,SKU-2296,109.35,4.41,34.99,VIP,Debit Card
ORD-25780,CUST-10313,SESS-30780,CART-27780,2023-06-22,446.47,172.26,20.17,Sports,3,Returned,Social Media,East,P-620,SKU-3134,148.82,7.23,35.72,Returning,Debit Card
ORD-25781,CUST-10313,SESS-30781,CART-27781,2024-04-18,500.06,203.77,38.25,Beauty,1,Shipped,Mobile App,East,P-315,SKU-2636,500.06,1.21,40.00,Returning,Debit Card
ORD-25782,CUST-10313,SESS-30782,CART-27782,2025-06-23,204.50,91.28,27.44,Beauty,1,Shipped,Affiliate,East,P-578,SKU-3378,204.50,6.82,16.36,New,Crypto
ORD-25783,CUST-10314,SESS-30783,CART-27783,2023-10-23,502.31,194.37,15.66,Home,3,Cancelled,Web,West,P-528,SKU-1933,167.44,18.80,40.18,New,Credit Card
ORD-25784,CUST-10314,SESS-30784,CART-27784,2023-04-14,483.38,166.58,23.25,Fashion,1,Pending,Web,East,P-158,SKU-1136,483.38,9.11,38.67,VIP,Crypto
ORD-25785,CUST-10315,SESS-30785,CART-27785,2024-06-11,185.32,70.25,17.24,Electronics,4,Pending,Web,South,P-288,SKU-2020,46.33,9.30,14.83,VIP,Credit Card
ORD-25786,CUST-10315,SESS-30786,CART-27786,2024-04-09,106.37,48.43,44.84,Home,3,Completed,Affiliate,South,P-74,SKU-4812,35.46,3.70,8.51,VIP,Crypto
ORD-25787,CUST-10315,SESS-30787,CART-27787,2024-09-17,331.22,165.62,4.71,Fashion,3,Pending,Mobile App,North,P-103,SKU-3115,110.41,13.16,26.50,VIP,Crypto
ORD-25788,CUST-10316,SESS-30788,CART-27788,2025-05-04,286.81,143.92,18.30,Sports,4,Returned,Affiliate,North,P-616,SKU-2153,71.70,4.51,22.94,VIP,PayPal
ORD-25789,CUST-10316,SESS-30789,CART-27789,2023-12-07,398.53,211.74,22.59,Electronics,2,Cancelled,Affiliate,North,P-508,SKU-4936,199.26,9.42,31.88,New,PayPal
ORD-25790,CUST-10317,SESS-30790,CART-27790,2023-04-05,89.01,35.01,28.44,Fashion,5,Pending,Web,West,P-594,SKU-4537,17.80,8.84,7.12,New,PayPal
ORD-25791,CUST-10317,SESS-30791,CART-27791,2023-05-11,31.21,18.38,37.19,Beauty,2,Returned,Mobile App,West,P-638,SKU-1716,15.60,0.39,2.50,VIP,PayPal
ORD-25792,CUST-10317,SESS-30792,CART-27792,2024-05-09,151.99,75.61,2.67,Beauty,5,Completed,Affiliate,North,P-476,SKU-11,30.40,16.58,12.16,Returning,Credit Card
ORD-25793,CUST-10318,SESS-30793,CART-27793,2024-02-20,300.23,102.98,36.51,Fashion,4,Shipped,Affiliate,International,P-685,SKU-2460,75.06,8.71,24.02,VIP,PayPal
ORD-25794,CUST-10318,SESS-30794,CART-27794,2025-08-26,225.46,93.48,17.22,Fashion,3,Pending,Mobile App,North,P-222,SKU-2741,75.15,8.55,18.04,VIP,Debit Card
ORD-25795,CUST-10319,SESS-30795,CART-27795,2023-01-11,113.81,34.98,43.92,Fashion,1,Completed,Mobile App,East,P-329,SKU-2165,113.81,15.12,9.11,Returning,PayPal
ORD-25796,CUST-10319,SESS-30796,CART-27796,2023-05-25,428.39,173.68,32.34,  sports  ,2,Pending,Web,International,P-869,SKU-4205,214.19,2.71,34.27,New,Debit Card
ORD-25797,CUST-10319,SESS-30797,CART-27797,2024-12-21,49.49,18.77,47.65,Sports,5,Completed,Social Media,South,P-967,SKU-2224,9.90,10.46,3.96,VIP,PayPal
ORD-25798,CUST-10320,SESS-30798,CART-27798,2025-11-19,16.12,8.70,9.49,Beauty,4,Returned,Social Media,East,P-431,SKU-4818,4.03,10.18,1.29,VIP,Credit Card
ORD-25799,CUST-10320,SESS-30799,CART-27799,2025-03-20,152.14,62.11,12.74,Beauty,3,Completed,Web,North,P-631,SKU-1325,50.71,9.90,12.17,New,Debit Card
ORD-25800,CUST-10321,SESS-30800,CART-27800,2025-10-02,468.27,277.56,6.88,Fashion,4,Returned,Mobile App,West,P-915,SKU-4047,117.07,17.25,37.46,Returning,Debit Card
ORD-25801,CUST-10321,SESS-30801,CART-27801,9/30/2025,85.73,43.10,27.89,  fashion  ,3,Pending,Social Media,International,P-815,SKU-3935,28.58,8.98,6.86,Returning,PayPal
ORD-25802,CUST-10321,SESS-30802,CART-27802,1708665548308,190.74,75.93,13.91,Sports,5,Returned,Mobile App,International,P-640,SKU-901,38.15,10.04,15.26,VIP,Crypto
ORD-25803,CUST-10322,SESS-30803,CART-27803,1746588510688,262.20,83.03,46.01,Beauty,3,Returned,Mobile App,International,P-302,SKU-3543,87.40,4.19,20.98,New,Debit Card
ORD-25804,CUST-10322,SESS-30804,CART-27804,1/20/2024,100.58,36.81,30.29,Home,2,Completed,Web,East,P-791,SKU-3156,50.29,0.38,8.05,VIP,Crypto
ORD-25805,CUST-10323,SESS-30805,CART-27805,2023-03-18,167.25,78.16,39.74,Sports,1,Pending,Social Media,East,P-668,SKU-4329,167.25,0.11,13.38,New,Credit Card
ORD-25806,CUST-10323,SESS-30806,CART-27806,2024-02-14,91.90,39.40,47.96,Electronics,3,Pending,Mobile App,West,P-880,SKU-3582,30.63,7.37,7.35,New,Crypto
ORD-25807,CUST-10323,SESS-30807,CART-27807,2023-06-25,440.43,187.99,1.28,Sports,4,Returned,Mobile App,West,P-690,SKU-4001,110.11,7.16,35.23,VIP,Credit Card
ORD-25808,CUST-10324,SESS-30808,CART-27808,2024-02-28,334.31,173.57,35.25,Home,3,Cancelled,Affiliate,West,P-823,SKU-2959,111.44,10.64,26.74,VIP,PayPal
ORD-25809,CUST-10324,SESS-30809,CART-27809,2023-02-20,76.67,24.90,3.70,Home,2,Completed,Affiliate,North,P-990,SKU-1059,38.33,18.32,6.13,New,PayPal
ORD-25810,CUST-10325,SESS-30810,CART-27810,2025-11-17,377.58,224.17,24.90,Fashion,2,Completed,Web,North,P-741,SKU-3198,188.79,10.46,30.21,Returning,Debit Card
ORD-25811,CUST-10325,SESS-30811,CART-27811,2025-12-24,103.91,37.28,22.96,Home,2,Completed,Affiliate,West,P-741,SKU-519,51.96,3.50,8.31,VIP,Credit Card
ORD-25812,CUST-10325,SESS-30812,CART-27812,1764852141000,  182.87  ,57.20,16.68,Home,5,Returned,Mobile App,West,P-465,SKU-1346,36.57,11.30,14.63,Returning,Credit Card
ORD-25813,CUST-10326,SESS-30813,CART-27813,2025-08-26,225.43,128.50,13.82,Home,4,Shipped,Web,West,P-242,SKU-2222,56.36,4.03,18.03,Returning,Credit Card
ORD-25814,CUST-10326,SESS-30814,CART-27814,2025-04-07,275.11,163.40,40.12,Beauty,5,Pending,Web,North,P-978,SKU-4234,55.02,7.34,22.01,Returning,PayPal
ORD-25815,CUST-10327,SESS-30815,CART-27815,1727730545131,372.37,135.68,16.61,,2,Completed,Web,West,P-274,SKU-135,186.18,6.66,29.79,VIP,Debit Card
ORD-25816,CUST-10327,SESS-30816,CART-27816,2024-10-10,175.24,71.30,35.89,Home,4,Returned,Affiliate,East,P-232,SKU-271,43.81,11.38,14.02,Returning,Credit Card
ORD-25817,CUST-10327,SESS-30817,CART-27817,2025-03-15,430.29,134.07,42.72,Sports,4,Completed,Web,North,P-802,SKU-2643,107.57,7.11,34.42,Returning,Credit Card
ORD-25818,CUST-10328,SESS-30818,CART-27818,2025-12-18,103.90,41.46,0.35,Sports,3,Returned,Affiliate,West,P-268,SKU-2874,34.63,18.45,8.31,Returning,Debit Card
ORD-25819,CUST-10328,SESS-30819,CART-27819,2025-11-29,43.46,25.80,38.79,Sports,3,Cancelled,Social Media,International,P-797,SKU-311,14.49,9.53,3.48,VIP,PayPal
ORD-25820,CUST-10329,SESS-30820,CART-27820,2025-09-12,34.23,10.52,42.84,Sports,4,Shipped,Web,East,P-831,SKU-2342,8.56,0.64,2.74,New,Crypto
ORD-25821,CUST-10329,SESS-30821,CART-27821,2023-01-27,256.42,87.75,33.63,Beauty,1,Shipped,Affiliate,East,P-69,SKU-3776,256.42,2.13,20.51,VIP,Credit Card
ORD-25822,CUST-10329,SESS-30822,CART-27822,2024-06-17,364.94,209.76,14.64,Electronics,2,Shipped,Affiliate,South,P-363,SKU-4698,182.47,13.03,29.20,VIP,Credit Card
ORD-25823,CUST-10330,SESS-30823,CART-27823,2025-12-27,368.76,136.68,4.09,Electronics,3,Returned,Social Media,West,P-1,SKU-2340,122.92,8.65,29.50,Returning,Credit Card
ORD-25824,CUST-10330,SESS-30824,CART-27824,1694133932803,179.50,72.19,12.05,Electronics,5,Cancelled,Mobile App,South,P-329,SKU-2786,35.90,19.53,14.36,VIP,Credit Card
ORD-25825,CUST-10331,SESS-30825,CART-27825,2023-04-17,210.86,124.06,13.26,Sports,5,Pending,Affiliate,North,P-885,SKU-1505,42.17,19.01,16.87,New,Credit Card
ORD-25826,CUST-10331,SESS-30826,CART-27826,2023-06-13,202.61,100.81,41.15,Home,4,Completed,Social Media,International,P-125,SKU-1848,50.65,8.20,16.21,Returning,Debit Card
ORD-25827,CUST-10331,SESS-30827,CART-27827,2023-03-06,NULL,86.83,42.50,Sports,5,Completed,Social Media,West,P-314,SKU-4455,39.35,8.72,15.74,Returning,Credit Card
ORD-25828,CUST-10332,SESS-30828,CART-27828,2023-02-18,199.79,59.99,11.94,Fashion,1,Cancelled,Affiliate,South,P-497,SKU-1382,199.79,11.78,15.98,New,Crypto
ORD-25829,CUST-10332,SESS-30829,CART-27829,2023-11-19,419.04,211.55,48.15,Sports,5,Shipped,Mobile App,International,P-341,SKU-1088,83.81,12.70,33.52,Returning,Credit Card
ORD-25830,CUST-10333,SESS-30830,CART-27830,2026-02-28,98.00,43.16,17.54,Home,3,Pending,Affiliate,International,P-13,SKU-4047,32.67,18.43,7.84,Returning,PayPal
ORD-25831,CUST-10333,SESS-30831,CART-27831,2025-06-07,66.58,26.05,9.44,Sports,4,Pending,Mobile App,East,P-443,SKU-2499,16.64,10.13,5.33,Returning,Debit Card
ORD-25832,CUST-10333,SESS-30832,CART-27832,2025-03-24,227.82,73.59,13.74,Electronics,3,Completed,Mobile App,West,P-293,SKU-4260,75.94,10.64,18.23,Returning,Credit Card
ORD-25833,CUST-10334,SESS-30833,CART-27833,2025-06-09,46.12,18.56,30.21,Sports,1,Pending,Affiliate,International,P-647,SKU-2011,46.12,13.41,3.69,New,Debit Card
ORD-25834,CUST-10334,SESS-30834,CART-27834,2024-07-27,345.19,117.32,31.59,Electronics,4,Cancelled,Mobile App,East,P-640,SKU-1797,86.30,15.77,27.62,VIP,Crypto
ORD-25835,CUST-10335,SESS-30835,CART-27835,2026-03-10,307.20,135.48,29.89,Home,1,Returned,Web,International,P-177,SKU-1050,307.20,1.92,24.58,VIP,Debit Card
ORD-25836,CUST-10335,SESS-30836,CART-27836,2025-01-06,184.31,94.05,48.64,Fashion,1,Shipped,Web,South,P-571,SKU-282,184.31,15.43,14.74,VIP,PayPal
ORD-25837,CUST-10335,SESS-30837,CART-27837,2024-08-01,171.55,69.49,36.88,Beauty,3,Shipped,Social Media,South,P-197,SKU-4447,57.18,2.63,13.72,New,Debit Card
ORD-25838,CUST-10336,SESS-30838,CART-27838,3/4/2026,32.48,12.76,1.94,Beauty,5,Pending,Social Media,West,P-529,SKU-4262,6.50,19.46,2.60,Returning,PayPal
ORD-25839,CUST-10336,SESS-30839,CART-27839,2025-08-21,209.33,124.58,34.72,Home,5,Shipped,Mobile App,East,P-461,SKU-571,41.87,17.32,16.75,New,Crypto
ORD-25840,CUST-10337,SESS-30840,CART-27840,2023-10-16,,188.65,48.80,Beauty,5,Pending,Web,South,P-980,SKU-3159,100.78,13.39,40.31,VIP,Credit Card
ORD-25841,CUST-10337,SESS-30841,CART-27841,2024-04-18,486.04,204.32,33.83,Fashion,2,Returned,Mobile App,West,P-844,SKU-4925,243.02,11.71,38.88,New,Crypto
ORD-25842,CUST-10337,SESS-30842,CART-27842,2024-02-24,270.73,131.28,23.34,Electronics,2,Shipped,Mobile App,East,P-265,SKU-4606,135.36,9.41,21.66,VIP,Credit Card
ORD-25843,CUST-10338,SESS-30843,CART-27843,2026-01-23,485.80,275.74,45.92,Sports,4,Returned,Web,West,P-250,SKU-4232,121.45,14.96,38.86,New,Crypto
ORD-25844,CUST-10338,SESS-30844,CART-27844,2025-07-19,  30.00  ,15.78,5.89,Fashion,4,Pending,Mobile App,West,P-305,SKU-4218,7.50,7.19,2.40,New,Crypto
ORD-25845,CUST-10339,SESS-30845,CART-27845,2024-06-16,441.35,231.58,9.00,Fashion,5,Pending,Affiliate,North,P-529,SKU-2207,88.27,11.03,35.31,VIP,Debit Card
ORD-25846,CUST-10339,SESS-30846,CART-27846,2024-07-28,344.30,143.51,8.18,Sports,1,Returned,Affiliate,East,P-577,SKU-793,344.30,5.69,27.54,VIP,Credit Card
ORD-25847,CUST-10339,SESS-30847,CART-27847,2026-02-28,401.76,162.91,45.32,Home,3,Pending,Social Media,South,P-736,SKU-3909,133.92,5.88,32.14,VIP,Crypto
ORD-25848,CUST-10340,SESS-30848,CART-27848,2025-08-12,323.77,187.53,19.12,Sports,3,Pending,Web,North,P-566,SKU-4268,107.92,10.98,25.90,Returning,PayPal
ORD-25849,CUST-10340,SESS-30849,CART-27849,2023-07-11,66.28,22.73,36.14,Home,4,Completed,Affiliate,International,P-815,SKU-4582,16.57,16.81,5.30,Returning,Crypto
ORD-25850,CUST-10341,SESS-30850,CART-27850,1709217226988,197.34,67.66,14.56,,3,Returned,Social Media,North,P-303,SKU-3368,65.78,17.21,15.79,Returning,Credit Card
ORD-25851,CUST-10341,SESS-30851,CART-27851,2024-03-22,126.47,45.91,28.03,Sports,3,Cancelled,Social Media,West,P-66,SKU-2033,42.16,1.72,10.12,New,PayPal
ORD-25852,CUST-10341,SESS-30852,CART-27852,2025-10-29,481.66,175.03,26.45,Sports,5,Shipped,Mobile App,International,P-57,SKU-3441,96.33,0.61,38.53,VIP,Debit Card
ORD-25853,CUST-10342,SESS-30853,CART-27853,1725010156361,273.62,82.62,46.76,Sports,1,Completed,Social Media,East,P-736,SKU-3051,273.62,0.86,21.89,New,Debit Card
ORD-25854,CUST-10342,SESS-30854,CART-27854,2026-02-22,161.19,51.74,39.31,Sports,3,Completed,Mobile App,International,P-137,SKU-2014,53.73,12.06,12.90,VIP,Debit Card
ORD-25855,CUST-10343,SESS-30855,CART-27855,2023-05-31,298.82,101.71,35.58,Sports,3,Returned,Mobile App,International,P-3,SKU-1470,99.61,17.12,23.91,Returning,Crypto
ORD-25856,CUST-10343,SESS-30856,CART-27856,2025-03-03,273.58,98.30,12.15,Fashion,2,Pending,Mobile App,International,P-439,SKU-1546,136.79,1.10,21.89,Returning,Credit Card
ORD-25857,CUST-10343,SESS-30857,CART-27857,2025-05-31,264.97,87.14,46.67,Fashion,4,Pending,Web,West,P-829,SKU-3681,66.24,4.91,21.20,VIP,PayPal
ORD-25858,CUST-10344,SESS-30858,CART-27858,2025-02-27,370.59,209.26,46.94,Fashion,3,Completed,Affiliate,South,P-521,SKU-1245,123.53,4.65,29.65,VIP,Debit Card
ORD-25859,CUST-10344,SESS-30859,CART-27859,2023-04-01,183.54,79.61,31.88,Home,5,Cancelled,Web,International,P-874,SKU-4227,36.71,6.23,14.68,VIP,Credit Card
ORD-25860,CUST-10345,SESS-30860,CART-27860,2025-02-19,188.76,94.02,3.65,Beauty,5,Completed,Affiliate,West,P-499,SKU-2865,37.75,16.88,15.10,Returning,Credit Card
ORD-25861,CUST-10345,SESS-30861,CART-27861,2025-01-23,239.93,122.68,39.98,Beauty,4,Pending,Affiliate,West,P-281,SKU-1675,59.98,5.13,19.19,Returning,PayPal
ORD-25862,CUST-10345,SESS-30862,CART-27862,2025-08-26,41.30,24.23,31.82,Fashion,NULL,Completed,Mobile App,East,P-720,SKU-2714,41.30,4.66,3.30,VIP,Debit Card
ORD-25863,CUST-10346,SESS-30863,CART-27863,2025-08-06,412.51,225.27,6.26,Electronics,4,Completed,Web,West,P-912,SKU-2485,103.13,3.80,33.00,Returning,Credit Card
ORD-25864,CUST-10346,SESS-30864,CART-27864,2025-03-27,84.93,33.56,37.70,Fashion,5,Completed,Affiliate,East,P-245,SKU-2372,16.99,11.41,6.79,VIP,PayPal
ORD-25865,CUST-10347,SESS-30865,CART-27865,2025-08-25,  27.26  ,12.49,22.99,Sports,5,Returned,Web,West,P-626,SKU-143,5.45,11.59,2.18,New,PayPal
ORD-25866,CUST-10347,SESS-30866,CART-27866,2025-10-29,418.27,211.73,40.55,  sports  ,5,Cancelled,Web,West,P-555,SKU-869,83.65,0.47,33.46,Returning,Credit Card
ORD-25867,CUST-10347,SESS-30867,CART-27867,2025-09-26,294.13,108.96,19.36,Fashion,,Shipped,Mobile App,West,P-413,SKU-3238,98.04,12.33,23.53,VIP,PayPal
ORD-25868,CUST-10348,SESS-30868,CART-27868,2024-06-20,235.62,85.12,48.13,Sports,5,Shipped,Social Media,North,P-163,SKU-2292,47.12,9.74,18.85,Returning,PayPal
ORD-25869,CUST-10348,SESS-30869,CART-27869,2023-02-07,416.03,236.76,22.93,Home,5,Cancelled,Affiliate,West,P-41,SKU-2244,83.21,7.67,33.28,VIP,Credit Card
ORD-25870,CUST-10349,SESS-30870,CART-27870,2024-10-25,82.20,32.47,40.71,Home,1,Completed,Social Media,West,P-920,SKU-4724,82.20,2.56,6.58,VIP,Crypto
ORD-25871,CUST-10349,SESS-30871,CART-27871,2023-09-08,306.80,104.02,46.58,Sports,2,Pending,Mobile App,East,P-214,SKU-4437,153.40,12.81,24.54,VIP,Credit Card
ORD-25872,CUST-10349,SESS-30872,CART-27872,2025-10-14,376.22,143.97,35.44,Home,3,Completed,Affiliate,East,P-599,SKU-1627,125.41,17.04,30.10,Returning,Crypto
ORD-25873,CUST-10350,SESS-30873,CART-27873,2023-04-09,55.80,23.13,24.62,Beauty,5,Shipped,Web,North,P-572,SKU-3727,11.16,10.17,4.46,New,Crypto
ORD-25874,CUST-10350,SESS-30874,CART-27874,2026-01-16,369.15,195.06,10.17,Home,5,Cancelled,Web,West,P-891,SKU-1872,73.83,2.51,29.53,New,Credit Card
ORD-25875,CUST-10351,SESS-30875,CART-27875,7/14/2023,221.20,82.27,15.98,Home,3,Returned,Affiliate,International,P-678,SKU-4860,73.73,16.89,17.70,New,Crypto
ORD-25876,CUST-10351,SESS-30876,CART-27876,2023-10-08,267.98,111.81,27.55,Beauty,1,Returned,Mobile App,South,P-902,SKU-3454,267.98,19.86,21.44,Returning,Debit Card
ORD-25877,CUST-10351,SESS-30877,CART-27877,2025-04-08,114.47,41.49,6.36,Electronics,4,Cancelled,Web,East,P-718,SKU-4697,28.62,17.60,9.16,VIP,Credit Card
ORD-25878,CUST-10352,SESS-30878,CART-27878,2023-01-27,269.29,103.90,19.11,Sports,5,Shipped,Social Media,East,P-203,SKU-3122,53.86,17.16,21.54,VIP,Credit Card
ORD-25879,CUST-10352,SESS-30879,CART-27879,2025-06-28,224.60,92.56,19.85,Electronics,3,Completed,Social Media,South,P-312,SKU-4874,74.87,18.68,17.97,VIP,Crypto
ORD-25880,CUST-10353,SESS-30880,CART-27880,2024-06-12,276.00,137.67,11.32,Beauty,2,Returned,Affiliate,International,P-236,SKU-2084,138.00,10.67,22.08,Returning,Credit Card
ORD-25881,CUST-10353,SESS-30881,CART-27881,2023-09-01,445.97,201.51,16.53,Electronics,5,Pending,Mobile App,International,P-557,SKU-1857,89.19,18.27,35.68,New,PayPal
ORD-25882,CUST-10353,SESS-30882,CART-27882,2024-10-15,371.99,122.70,28.84,Sports,2,Shipped,Social Media,West,P-93,SKU-1874,185.99,1.08,29.76,New,Credit Card
ORD-25883,CUST-10354,SESS-30883,CART-27883,2023-01-04,170.83,101.74,38.86,Home,1,Shipped,Social Media,North,P-219,SKU-895,170.83,17.99,13.67,New,PayPal
ORD-25884,CUST-10354,SESS-30884,CART-27884,2025-09-12,186.16,72.81,49.05,Beauty,5,Pending,Web,International,P-905,SKU-2521,37.23,7.39,14.89,New,Debit Card
ORD-25885,CUST-10355,SESS-30885,CART-27885,2025-06-30,465.29,150.56,1.26,Electronics,5,Shipped,Web,South,P-331,SKU-1966,93.06,10.79,37.22,VIP,PayPal
ORD-25886,CUST-10355,SESS-30886,CART-27886,2023-05-01,340.89,137.81,48.58,Home,1,Cancelled,Social Media,East,P-202,SKU-2401,340.89,11.98,27.27,VIP,PayPal
ORD-25887,CUST-10355,SESS-30887,CART-27887,2024-02-15,251.91,111.00,48.75,Fashion,5,Shipped,Web,International,P-765,SKU-3136,50.38,17.82,20.15,New,Crypto
ORD-25888,CUST-10356,SESS-30888,CART-27888,2025-04-25,384.57,221.62,5.92,Sports,5,Cancelled,Mobile App,International,P-677,SKU-1111,76.91,10.90,30.77,Returning,Credit Card
ORD-25889,CUST-10356,SESS-30889,CART-27889,2025-02-11,64.73,23.74,21.95,Home,1,Shipped,Affiliate,International,P-876,SKU-4961,64.73,18.58,5.18,New,PayPal
ORD-25890,CUST-10357,SESS-30890,CART-27890,2025-10-26,180.36,73.19,16.85,Sports,5,Returned,Mobile App,East,P-393,SKU-389,36.07,3.48,14.43,VIP,Credit Card
ORD-25891,CUST-10357,SESS-30891,CART-27891,2024-02-01,198.35,112.69,19.91,Electronics,2,Shipped,Affiliate,North,P-677,SKU-3070,99.17,0.88,15.87,VIP,Credit Card
ORD-25892,CUST-10357,SESS-30892,CART-27892,2023-11-15,200.42,94.47,28.87,Beauty,2,Pending,Mobile App,North,P-947,SKU-3484,100.21,6.63,16.03,Returning,Debit Card
ORD-25893,CUST-10358,SESS-30893,CART-27893,2026-01-10,376.13,188.54,34.00,Sports,5,Pending,Social Media,West,P-384,SKU-1166,75.23,12.60,30.09,VIP,PayPal
ORD-25894,CUST-10358,SESS-30894,CART-27894,2023-12-01,439.97,181.96,31.39,Beauty,1,Returned,Mobile App,South,P-35,SKU-3427,439.97,5.50,35.20,New,PayPal
ORD-25895,CUST-10359,SESS-30895,CART-27895,2024-02-13,394.73,158.05,17.09,Beauty,4,Returned,Social Media,International,P-59,SKU-1866,98.68,16.43,31.58,New,Debit Card
ORD-25896,CUST-10359,SESS-30896,CART-27896,2025-07-28,104.00,47.73,18.67,Beauty,3,Pending,Mobile App,East,P-253,SKU-3679,34.67,10.81,8.32,New,Debit Card
ORD-25897,CUST-10359,SESS-30897,CART-27897,2023-12-28,282.52,88.53,22.75,Sports,3,Pending,Web,East,P-321,SKU-4646,94.17,19.23,22.60,VIP,PayPal
ORD-25898,CUST-10360,SESS-30898,CART-27898,2024-10-14,26.27,12.77,8.12,Fashion,2,Cancelled,Social Media,East,P-211,SKU-1852,13.13,5.31,2.10,VIP,Credit Card
ORD-25899,CUST-10360,SESS-30899,CART-27899,2023-11-24,281.43,119.25,13.84,Fashion,3,Completed,Mobile App,South,P-909,SKU-4873,93.81,10.92,22.51,New,Crypto
ORD-25900,CUST-10361,SESS-30900,CART-27900,2023-07-02,362.34,168.81,27.69,Beauty,5,Returned,Affiliate,West,P-928,SKU-4872,72.47,4.00,28.99,New,PayPal
ORD-25901,CUST-10361,SESS-30901,CART-27901,2023-10-24,359.58,128.14,31.79,Electronics,1,Returned,Web,North,P-948,SKU-3786,359.58,16.46,28.77,New,Crypto
ORD-25902,CUST-10361,SESS-30902,CART-27902,2023-08-21,161.99,92.22,35.71,Sports,1,Pending,Affiliate,East,P-476,SKU-4849,161.99,17.18,12.96,VIP,PayPal
ORD-25903,CUST-10362,SESS-30903,CART-27903,2024-05-09,133.23,49.95,10.55,Home,3,Returned,Web,International,P-755,SKU-2745,44.41,15.31,10.66,Returning,PayPal
ORD-25904,CUST-10362,SESS-30904,CART-27904,2026-02-22,500.29,294.39,24.41,Home,1,Shipped,Mobile App,East,P-302,SKU-2885,500.29,19.49,40.02,Returning,PayPal
ORD-25905,CUST-10363,SESS-30905,CART-27905,2023-10-30,126.63,52.22,38.87,Sports,2,Cancelled,Affiliate,International,P-757,SKU-4097,63.32,5.26,10.13,New,Debit Card
ORD-25906,CUST-10363,SESS-30906,CART-27906,2024-01-11,20.62,11.03,48.31,Electronics,4,Completed,Web,North,P-645,SKU-1394,5.15,18.62,1.65,New,Credit Card
ORD-25907,CUST-10363,SESS-30907,CART-27907,1767374847677,  50.23  ,29.01,33.22,Fashion,5,Returned,Mobile App,International,P-434,SKU-481,10.05,9.05,4.02,VIP,Credit Card
ORD-25908,CUST-10364,SESS-30908,CART-27908,2023-03-07,457.47,185.74,26.05,Fashion,3,Completed,Web,International,P-158,SKU-2748,152.49,19.94,36.60,New,PayPal
ORD-25909,CUST-10364,SESS-30909,CART-27909,2025-12-26,362.21,195.86,35.09,Sports,2,Completed,Web,East,P-898,SKU-2228,181.10,18.89,28.98,New,Credit Card
ORD-25910,CUST-10365,SESS-30910,CART-27910,2025-10-23,293.52,97.09,10.56,,3,Completed,Mobile App,West,P-466,SKU-4043,97.84,15.75,23.48,VIP,Credit Card
ORD-25911,CUST-10365,SESS-30911,CART-27911,2024-02-25,123.17,51.22,36.84,Beauty,5,Pending,Social Media,North,P-885,SKU-4779,24.63,4.42,9.85,Returning,PayPal
ORD-25912,CUST-10365,SESS-30912,CART-27912,2024-02-18,399.66,198.10,38.59,Sports,3,Shipped,Mobile App,International,P-471,SKU-1191,133.22,4.33,31.97,Returning,Credit Card
ORD-25913,CUST-10366,SESS-30913,CART-27913,2023-08-22,289.95,151.21,43.57,Electronics,5,Cancelled,Web,East,P-959,SKU-2165,57.99,18.58,23.20,Returning,Debit Card
ORD-25914,CUST-10366,SESS-30914,CART-27914,2023-03-15,399.45,171.08,33.22,Sports,4,Cancelled,Social Media,International,P-971,SKU-3666,99.86,11.17,31.96,VIP,Crypto
ORD-25915,CUST-10367,SESS-30915,CART-27915,2023-07-26,164.99,51.17,8.75,Beauty,4,Returned,Web,North,P-737,SKU-4305,41.25,6.56,13.20,New,PayPal
ORD-25916,CUST-10367,SESS-30916,CART-27916,2025-02-23,43.65,21.83,28.82,Home,5,Shipped,Social Media,South,P-23,SKU-1322,8.73,17.46,3.49,VIP,Crypto
ORD-25917,CUST-10367,SESS-30917,CART-27917,2023-09-24,115.34,46.69,33.86,Fashion,2,Cancelled,Web,West,P-325,SKU-1260,57.67,15.28,9.23,VIP,Debit Card
ORD-25918,CUST-10368,SESS-30918,CART-27918,2024-06-28,296.71,129.14,6.94,Beauty,2,Shipped,Web,South,P-746,SKU-4703,148.36,18.18,23.74,New,Crypto
ORD-25919,CUST-10368,SESS-30919,CART-27919,2/12/2026,35.15,13.74,38.09,Home,5,Shipped,Mobile App,East,P-810,SKU-4247,7.03,19.63,2.81,VIP,Crypto
ORD-25920,CUST-10369,SESS-30920,CART-27920,2025-10-02,341.27,204.06,38.44,Fashion,3,Cancelled,Social Media,West,P-913,SKU-1195,113.76,12.40,27.30,Returning,Debit Card
ORD-25921,CUST-10369,SESS-30921,CART-27921,2025-05-28,486.18,246.34,47.60,Sports,1,Shipped,Social Media,North,P-426,SKU-3190,486.18,16.01,38.89,Returning,Crypto
ORD-25922,CUST-10369,SESS-30922,CART-27922,2025-12-22,333.25,141.34,16.92,Fashion,3,Shipped,Affiliate,West,P-120,SKU-4249,111.08,9.76,26.66,New,PayPal
ORD-25923,CUST-10370,SESS-30923,CART-27923,2025-06-23,149.68,67.35,1.16,Electronics,5,Pending,Mobile App,West,P-150,SKU-3408,29.94,6.27,11.97,Returning,Credit Card
ORD-25924,CUST-10370,SESS-30924,CART-27924,2024-06-14,141.26,55.48,27.66,Home,2,Returned,Mobile App,West,P-866,SKU-4350,70.63,18.72,11.30,New,PayPal
ORD-25925,CUST-10371,SESS-30925,CART-27925,2024-11-16,126.32,61.68,7.47,Fashion,1,Completed,Web,North,P-554,SKU-434,126.32,1.22,10.11,VIP,Debit Card
ORD-25926,CUST-10371,SESS-30926,CART-27926,2023-08-05,69.94,33.52,13.79,Electronics,3,Completed,Affiliate,North,P-15,SKU-3036,23.31,15.67,5.60,Returning,Debit Card
ORD-25927,CUST-10371,SESS-30927,CART-27927,2024-01-02,439.32,246.84,1.57,Fashion,1,Pending,Mobile App,South,P-325,SKU-4188,439.32,18.28,35.15,VIP,Crypto
ORD-25928,CUST-10372,SESS-30928,CART-27928,2024-05-15,96.16,33.54,47.01,Sports,4,Cancelled,Social Media,East,P-877,SKU-2827,24.04,1.40,7.69,New,Crypto
ORD-25929,CUST-10372,SESS-30929,CART-27929,2023-12-17,104.80,53.43,49.82,Fashion,1,Completed,Web,West,P-145,SKU-1044,104.80,8.48,8.38,New,Crypto
ORD-25930,CUST-10373,SESS-30930,CART-27930,2023-05-02,329.23,150.16,23.21,Beauty,3,Returned,Affiliate,West,P-975,SKU-3170,109.74,17.03,26.34,Returning,Debit Card
ORD-25931,CUST-10373,SESS-30931,CART-27931,1714015077952,371.32,173.61,31.65,Sports,3,Pending,Mobile App,East,P-719,SKU-2207,123.77,16.16,29.71,VIP,Debit Card
ORD-25932,CUST-10373,SESS-30932,CART-27932,2023-10-07,79.12,45.44,49.04,Sports,2,Cancelled,Web,West,P-421,SKU-3411,39.56,5.19,6.33,Returning,Debit Card
ORD-25933,CUST-10374,SESS-30933,CART-27933,2025-08-29,427.33,213.37,19.62,Electronics,1,Completed,Affiliate,West,P-954,SKU-244,427.33,17.19,34.19,VIP,PayPal
ORD-25934,CUST-10374,SESS-30934,CART-27934,2024-07-23,452.44,185.02,7.08,Sports,5,Shipped,Mobile App,West,P-700,SKU-3585,90.49,3.32,36.20,New,Credit Card
ORD-25935,CUST-10375,SESS-30935,CART-27935,2025-10-12,49.84,24.86,38.57,Sports,4,Shipped,Mobile App,North,P-738,SKU-1278,12.46,2.96,3.99,Returning,Debit Card
ORD-25936,CUST-10375,SESS-30936,CART-27936,2024-10-17,46.22,14.12,49.87,Beauty,4,Shipped,Affiliate,North,P-990,SKU-4276,11.56,5.51,3.70,New,Debit Card
ORD-25937,CUST-10375,SESS-30937,CART-27937,2026-02-19,26.86,15.30,47.20,Beauty,5,Pending,Web,South,P-104,SKU-4189,5.37,17.19,2.15,Returning,Crypto
ORD-25938,CUST-10376,SESS-30938,CART-27938,2025-04-09,241.02,112.54,19.40,Beauty,1,Pending,Web,North,P-494,SKU-1556,241.02,7.64,19.28,VIP,PayPal
ORD-25939,CUST-10376,SESS-30939,CART-27939,1/20/2026,170.33,58.57,3.78,Fashion,5,Shipped,Affiliate,North,P-9,SKU-1685,34.07,3.43,13.63,Returning,PayPal
ORD-25940,CUST-10377,SESS-30940,CART-27940,2025-10-20,87.79,37.93,44.61,Sports,2,Shipped,Social Media,East,P-928,SKU-3232,43.90,1.32,7.02,New,PayPal
ORD-25941,CUST-10377,SESS-30941,CART-27941,2024-02-22,366.88,159.08,18.46,Beauty,1,Completed,Social Media,South,P-274,SKU-221,366.88,1.73,29.35,Returning,Debit Card
ORD-25942,CUST-10377,SESS-30942,CART-27942,2024-09-07,161.18,70.73,15.06,Fashion,1,Completed,Mobile App,South,P-712,SKU-291,161.18,18.96,12.89,Returning,Debit Card
ORD-25943,CUST-10378,SESS-30943,CART-27943,2024-02-10,306.66,172.57,16.52,Beauty,2,Shipped,Mobile App,International,P-554,SKU-3525,153.33,9.79,24.53,Returning,Debit Card
ORD-25944,CUST-10378,SESS-30944,CART-27944,1707890496840,273.12,151.87,0.87,Beauty,5,Pending,Social Media,International,P-832,SKU-2130,54.62,19.03,21.85,VIP,Debit Card
ORD-25945,CUST-10379,SESS-30945,CART-27945,2023-07-16,36.29,18.97,28.11,Beauty,4,Completed,Web,West,P-82,SKU-1029,9.07,14.05,2.90,VIP,Debit Card
ORD-25946,CUST-10379,SESS-30946,CART-27946,2025-09-25,386.82,214.71,37.04,Fashion,2,Completed,Social Media,West,P-456,SKU-1100,193.41,7.66,30.95,New,Crypto
ORD-25947,CUST-10379,SESS-30947,CART-27947,2024-01-23,55.33,29.04,3.84,Home,3,Pending,Affiliate,South,P-917,SKU-205,18.44,4.34,4.43,VIP,PayPal
ORD-25948,CUST-10380,SESS-30948,CART-27948,2023-09-05,108.88,44.44,29.62,Sports,2,Returned,Affiliate,West,P-944,SKU-4474,54.44,17.54,8.71,Returning,PayPal
ORD-25949,CUST-10380,SESS-30949,CART-27949,2023-09-08,466.61,159.72,49.62,Electronics,4,Shipped,Affiliate,International,P-813,SKU-255,116.65,13.29,37.33,VIP,PayPal
ORD-25950,CUST-10381,SESS-30950,CART-27950,2024-04-05,152.31,88.38,12.19,Sports,1,Cancelled,Social Media,International,P-882,SKU-2238,152.31,19.63,12.19,Returning,Debit Card
ORD-25951,CUST-10381,SESS-30951,CART-27951,2025-08-21,197.17,87.04,6.23,Sports,4,Completed,Web,South,P-158,SKU-1354,49.29,7.97,15.77,Returning,Credit Card
ORD-25952,CUST-10381,SESS-30952,CART-27952,2024-06-21,103.34,41.11,18.39,Fashion,2,Returned,Social Media,East,P-98,SKU-2001,51.67,5.37,8.27,Returning,Crypto
ORD-25953,CUST-10382,SESS-30953,CART-27953,2024-06-12,469.63,143.93,41.39,Beauty,2,Cancelled,Mobile App,North,P-205,SKU-2262,234.82,16.85,37.57,Returning,Debit Card
ORD-25954,CUST-10382,SESS-30954,CART-27954,2023-03-24,179.76,65.92,19.21,Home,,Returned,Mobile App,East,P-862,SKU-259,89.88,18.95,14.38,Returning,Credit Card
ORD-25955,CUST-10383,SESS-30955,CART-27955,2025-09-08,126.78,56.97,34.29,Fashion,5,Shipped,Social Media,North,P-21,SKU-4843,25.36,8.32,10.14,New,Debit Card
ORD-25956,CUST-10383,SESS-30956,CART-27956,2024-11-04,477.28,246.67,19.83,Beauty,2,Completed,Social Media,North,P-991,SKU-519,238.64,14.12,38.18,Returning,Crypto
ORD-25957,CUST-10383,SESS-30957,CART-27957,2024-03-04,409.24,175.85,44.56,Electronics,3,Pending,Affiliate,North,P-489,SKU-4131,136.41,8.63,32.74,Returning,PayPal
ORD-25958,CUST-10384,SESS-30958,CART-27958,2026-03-08,197.66,70.53,25.74,Sports,4,Completed,Affiliate,South,P-688,SKU-1013,49.41,15.80,15.81,Returning,PayPal
ORD-25959,CUST-10384,SESS-30959,CART-27959,2024-08-29,504.45,262.40,33.33,,3,Cancelled,Web,North,P-673,SKU-4199,168.15,18.62,40.36,New,Crypto
ORD-25960,CUST-10385,SESS-30960,CART-27960,2024-01-28,169.33,85.26,49.02,Electronics,4,Cancelled,Web,West,P-43,SKU-223,42.33,19.86,13.55,Returning,Debit Card
ORD-25961,CUST-10385,SESS-30961,CART-27961,2023-01-19,269.39,93.57,39.61,Electronics,5,Completed,Mobile App,International,P-927,SKU-640,53.88,9.59,21.55,VIP,Credit Card
ORD-25962,CUST-10385,SESS-30962,CART-27962,2024-12-12,389.11,206.69,11.49,Beauty,4,Pending,Mobile App,South,P-980,SKU-861,97.28,17.57,31.13,New,Crypto
ORD-25963,CUST-10386,SESS-30963,CART-27963,2023-02-24,287.59,143.97,42.45,Beauty,5,Returned,Web,East,P-669,SKU-353,57.52,14.33,23.01,New,Credit Card
ORD-25964,CUST-10386,SESS-30964,CART-27964,2024-02-04,89.85,38.27,24.88,Beauty,5,Returned,Mobile App,International,P-293,SKU-2648,17.97,8.13,7.19,VIP,PayPal
ORD-25965,CUST-10387,SESS-30965,CART-27965,2025-06-18,305.54,134.39,27.22,,5,Pending,Mobile App,South,P-785,SKU-1893,61.11,18.80,24.44,Returning,Crypto
ORD-25966,CUST-10387,SESS-30966,CART-27966,1728084213214,388.50,172.45,20.28,Home,5,Pending,Affiliate,West,P-203,SKU-514,77.70,4.02,31.08,Returning,Crypto
ORD-25967,CUST-10387,SESS-30967,CART-27967,2023-12-28,251.06,120.79,33.86,Beauty,1,Returned,Affiliate,East,P-225,SKU-763,251.06,2.88,20.09,New,PayPal
ORD-25968,CUST-10388,SESS-30968,CART-27968,3/12/2024,57.76,19.35,2.55,NULL,1,Shipped,Affiliate,International,P-415,SKU-2255,57.76,3.76,4.62,Returning,Debit Card
ORD-25969,CUST-10388,SESS-30969,CART-27969,2023-11-22,492.88,276.41,29.18,Electronics,4,Pending,Mobile App,North,P-618,SKU-4437,123.22,12.85,39.43,VIP,Debit Card
ORD-25970,CUST-10389,SESS-30970,CART-27970,2024-09-24,455.47,155.43,35.61,Sports,2,Cancelled,Web,East,P-772,SKU-2695,227.74,18.60,36.44,Returning,Debit Card
ORD-25971,CUST-10389,SESS-30971,CART-27971,2024-05-23,299.87,125.21,30.54,Home,2,Pending,Social Media,International,P-680,SKU-3705,149.93,9.13,23.99,New,Debit Card
ORD-25972,CUST-10389,SESS-30972,CART-27972,2023-02-26,365.47,128.39,38.72,Electronics,4,Pending,Web,South,P-961,SKU-769,91.37,6.44,29.24,New,Crypto
ORD-25973,CUST-10390,SESS-30973,CART-27973,2023-06-12,396.18,213.49,31.13,Beauty,2,Completed,Affiliate,West,P-866,SKU-455,198.09,4.59,31.69,Returning,Credit Card
ORD-25974,CUST-10390,SESS-30974,CART-27974,2025-08-05,292.85,106.40,24.92,Beauty,4,Shipped,Mobile App,North,P-583,SKU-3382,73.21,15.85,23.43,Returning,Credit Card
ORD-25975,CUST-10391,SESS-30975,CART-27975,2025-11-22,28.67,14.92,8.68,Home,2,Pending,Web,West,P-329,SKU-3402,14.34,13.08,2.29,New,Credit Card
ORD-25976,CUST-10391,SESS-30976,CART-27976,2024-03-04,102.07,42.34,29.85,Beauty,2,Shipped,Mobile App,West,P-235,SKU-3986,51.04,10.88,8.17,New,Debit Card
ORD-25977,CUST-10391,SESS-30977,CART-27977,2023-04-01,399.57,226.44,32.61,Electronics,1,Shipped,Social Media,International,P-404,SKU-1939,399.57,8.20,31.97,Returning,Crypto
ORD-25978,CUST-10392,SESS-30978,CART-27978,2025-08-01,191.72,73.69,41.66,Beauty,1,Returned,Web,South,P-58,SKU-2660,191.72,10.76,15.34,Returning,PayPal
ORD-25979,CUST-10392,SESS-30979,CART-27979,2025-11-23,317.05,139.27,33.37,Fashion,3,Completed,Affiliate,East,P-432,SKU-1444,105.68,7.56,25.36,New,PayPal
ORD-25980,CUST-10393,SESS-30980,CART-27980,2025-09-15,244.41,145.27,13.22,Sports,3,Cancelled,Web,West,P-4,SKU-1107,81.47,1.31,19.55,New,Debit Card
ORD-25981,CUST-10393,SESS-30981,CART-27981,2024-09-26,285.84,116.03,34.42,Home,2,Returned,Affiliate,International,P-15,SKU-3820,142.92,6.30,22.87,New,Credit Card
ORD-25982,CUST-10393,SESS-30982,CART-27982,2024-03-14,217.53,88.73,40.23,Fashion,4,Returned,Affiliate,South,P-447,SKU-888,54.38,12.92,17.40,VIP,Crypto
ORD-25983,CUST-10394,SESS-30983,CART-27983,2025-09-09,353.28,206.64,13.94,Sports,2,Completed,Affiliate,East,P-497,SKU-4528,176.64,4.04,28.26,Returning,Credit Card
ORD-25984,CUST-10394,SESS-30984,CART-27984,2025-12-19,207.63,65.36,4.42,Fashion,2,Returned,Mobile App,North,P-263,SKU-4611,103.82,19.86,16.61,New,PayPal
ORD-25985,CUST-10395,SESS-30985,CART-27985,2026-02-07,446.70,217.81,15.18,Home,2,Cancelled,Social Media,South,P-674,SKU-1078,223.35,4.76,35.74,New,Crypto
ORD-25986,CUST-10395,SESS-30986,CART-27986,2023-05-27,350.17,127.65,10.88,Home,5,Pending,Social Media,North,P-540,SKU-228,70.03,6.40,28.01,VIP,PayPal
ORD-25987,CUST-10395,SESS-30987,CART-27987,2024-03-31,312.72,168.41,22.02,Beauty,1,Pending,Web,West,P-461,SKU-4848,312.72,11.87,25.02,Returning,Credit Card
ORD-25988,CUST-10396,SESS-30988,CART-27988,2026-01-07,,141.57,44.13,Beauty,4,Cancelled,Affiliate,South,P-937,SKU-1971,92.07,2.88,29.46,New,PayPal
ORD-25989,CUST-10396,SESS-30989,CART-27989,2023-08-02,105.41,46.79,12.27,Electronics,3,Cancelled,Mobile App,South,P-754,SKU-2990,35.14,5.00,8.43,New,Crypto
ORD-25990,CUST-10397,SESS-30990,CART-27990,2024-12-20,176.05,61.57,16.15,Home,3,Returned,Mobile App,International,P-918,SKU-3839,58.68,16.33,14.08,New,PayPal
ORD-25991,CUST-10397,SESS-30991,CART-27991,2025-04-15,241.86,100.00,16.12,Beauty,2,Returned,Social Media,International,P-983,SKU-2474,120.93,12.51,19.35,VIP,Debit Card
ORD-25992,CUST-10397,SESS-30992,CART-27992,1753942516724,455.28,207.18,3.18,Home,2,Completed,Web,East,P-613,SKU-4074,227.64,6.14,36.42,New,PayPal
ORD-25993,CUST-10398,SESS-30993,CART-27993,2023-11-18,287.06,162.75,49.83,Beauty,5,Pending,Mobile App,West,P-294,SKU-1730,57.41,19.79,22.96,VIP,Credit Card
ORD-25994,CUST-10398,SESS-30994,CART-27994,2023-11-18,453.49,182.71,32.25,  home  ,3,Pending,Social Media,International,P-849,SKU-1532,151.16,13.83,36.28,Returning,Credit Card
ORD-25995,CUST-10399,SESS-30995,CART-27995,2025-07-29,285.09,123.79,41.59,Fashion,3,Shipped,Mobile App,South,P-24,SKU-3374,95.03,13.52,22.81,Returning,PayPal
ORD-25996,CUST-10399,SESS-30996,CART-27996,2024-05-16,68.89,32.00,27.66,Electronics,4,Shipped,Web,International,P-643,SKU-4399,17.22,10.75,5.51,VIP,Credit Card
ORD-25997,CUST-10399,SESS-30997,CART-27997,2023-10-14,206.32,64.01,44.58,Beauty,4,Completed,Affiliate,West,P-740,SKU-4064,51.58,19.27,16.51,VIP,Crypto
ORD-25998,CUST-10400,SESS-30998,CART-27998,2025-05-30,89.45,38.56,10.15,Electronics,1,Returned,Web,East,P-583,SKU-4274,89.45,11.79,7.16,VIP,PayPal
ORD-25999,CUST-10400,SESS-30999,CART-27999,2026-02-11,216.29,80.47,27.24,Home,2,Shipped,Mobile App,South,P-962,SKU-2936,108.15,15.59,17.30,VIP,Crypto
ORD-26000,CUST-10401,SESS-31000,CART-28000,2025-11-21,72.81,24.07,23.02,Fashion,4,Completed,Mobile App,South,P-885,SKU-4709,18.20,4.34,5.83,Returning,Crypto
ORD-26001,CUST-10401,SESS-31001,CART-28001,2025-11-08,234.47,130.76,33.64,Electronics,5,Returned,Web,South,P-795,SKU-336,46.89,12.42,18.76,Returning,Crypto
ORD-26002,CUST-10401,SESS-31002,CART-28002,2024-04-27,178.04,106.34,47.53,Sports,2,Shipped,Mobile App,International,P-20,SKU-1128,89.02,5.30,14.24,New,PayPal
ORD-26003,CUST-10402,SESS-31003,CART-28003,2023-01-27,139.87,77.76,1.11,Fashion,3,Pending,Affiliate,East,P-597,SKU-2548,46.62,19.16,11.19,New,Debit Card
ORD-26004,CUST-10402,SESS-31004,CART-28004,2023-02-08,49.03,21.65,35.29,Electronics,4,Cancelled,Web,International,P-180,SKU-83,12.26,12.66,3.92,New,Credit Card
ORD-26005,CUST-10403,SESS-31005,CART-28005,2023-08-17,267.31,139.87,3.70,Sports,5,Completed,Mobile App,North,P-794,SKU-497,53.46,19.47,21.38,Returning,Crypto
ORD-26006,CUST-10403,SESS-31006,CART-28006,1707919930716,42.53,17.25,10.64,Electronics,1,Pending,Affiliate,International,P-247,SKU-2868,42.53,0.96,3.40,VIP,Crypto
ORD-26007,CUST-10403,SESS-31007,CART-28007,2024-11-25,420.27,228.02,6.31,Fashion,4,Shipped,Affiliate,South,P-845,SKU-337,105.07,5.45,33.62,VIP,Crypto
ORD-26008,CUST-10404,SESS-31008,CART-28008,2026-03-01,147.44,50.16,22.14,Beauty,1,Returned,Affiliate,South,P-418,SKU-2936,147.44,17.70,11.80,VIP,Crypto
ORD-26009,CUST-10404,SESS-31009,CART-28009,8/6/2024,NULL,16.14,19.19,Sports,5,Completed,Affiliate,West,P-542,SKU-3845,5.78,2.52,2.31,VIP,Credit Card
ORD-26010,CUST-10405,SESS-31010,CART-28010,2023-01-05,504.29,223.98,12.15,Sports,4,Returned,Social Media,East,P-906,SKU-1214,126.07,19.01,40.34,VIP,PayPal
ORD-26011,CUST-10405,SESS-31011,CART-28011,2025-08-07,366.50,195.17,34.01,Fashion,3,Completed,Social Media,International,P-390,SKU-2514,122.17,5.77,29.32,Returning,Debit Card
ORD-26012,CUST-10405,SESS-31012,CART-28012,2025-02-23,208.01,114.62,7.50,Electronics,1,Returned,Affiliate,South,P-707,SKU-3593,208.01,18.06,16.64,Returning,Debit Card
ORD-26013,CUST-10406,SESS-31013,CART-28013,2025-05-24,371.15,150.26,13.62,Fashion,1,Shipped,Social Media,East,P-221,SKU-2473,371.15,19.12,29.69,Returning,Crypto
ORD-26014,CUST-10406,SESS-31014,CART-28014,1701735215539,328.31,115.58,20.19,Sports,1,Pending,Social Media,North,P-692,SKU-3437,328.31,4.13,26.26,New,Crypto
ORD-26015,CUST-10407,SESS-31015,CART-28015,2023-09-19,90.35,34.77,24.10,Fashion,4,Returned,Web,South,P-506,SKU-3900,22.59,12.49,7.23,New,Debit Card
ORD-26016,CUST-10407,SESS-31016,CART-28016,2023-06-16,288.08,125.34,14.92,Home,,Pending,Social Media,International,P-355,SKU-2889,72.02,9.18,23.05,New,PayPal
ORD-26017,CUST-10407,SESS-31017,CART-28017,2024-04-20,206.25,114.66,14.72,Beauty,2,Shipped,Web,North,P-15,SKU-2181,103.12,6.79,16.50,VIP,Debit Card
ORD-26018,CUST-10408,SESS-31018,CART-28018,2023-06-20,244.67,90.16,0.75,  home  ,2,Shipped,Affiliate,North,P-890,SKU-249,122.34,1.77,19.57,New,Crypto
ORD-26019,CUST-10408,SESS-31019,CART-28019,2024-11-12,222.02,77.26,1.52,Electronics,4,Cancelled,Social Media,West,P-609,SKU-47,55.50,7.62,17.76,New,Debit Card
ORD-26020,CUST-10409,SESS-31020,CART-28020,1718448348373,503.73,172.45,42.04,Home,3,Returned,Mobile App,International,P-606,SKU-3454,167.91,6.36,40.30,VIP,Debit Card
ORD-26021,CUST-10409,SESS-31021,CART-28021,2023-06-22,444.36,159.34,18.47,Home,1,Completed,Affiliate,South,P-942,SKU-2200,444.36,7.11,35.55,VIP,Crypto
ORD-26022,CUST-10409,SESS-31022,CART-28022,2025-01-20,226.39,123.04,10.51,Fashion,5,Cancelled,Social Media,South,P-586,SKU-2276,45.28,7.44,18.11,Returning,Debit Card
ORD-26023,CUST-10410,SESS-31023,CART-28023,2023-05-23,176.79,81.94,40.75,Sports,2,Pending,Social Media,East,P-159,SKU-1638,88.39,2.46,14.14,VIP,Crypto
ORD-26024,CUST-10410,SESS-31024,CART-28024,2024-09-09,114.19,65.88,17.92,Sports,2,Returned,Affiliate,West,P-138,SKU-3759,57.09,0.36,9.14,New,PayPal
ORD-26025,CUST-10411,SESS-31025,CART-28025,2023-01-08,468.10,251.48,16.76,Home,2,Returned,Mobile App,International,P-681,SKU-2774,234.05,13.52,37.45,VIP,PayPal
ORD-26026,CUST-10411,SESS-31026,CART-28026,2025-05-23,208.44,62.87,37.39,Fashion,3,Cancelled,Mobile App,East,P-298,SKU-279,69.48,7.11,16.68,New,Credit Card
ORD-26027,CUST-10411,SESS-31027,CART-28027,3/10/2026,474.99,184.40,46.17,Sports,4,Pending,Web,North,P-252,SKU-1884,118.75,5.27,38.00,Returning,PayPal
ORD-26028,CUST-10412,SESS-31028,CART-28028,2023-08-05,462.86,266.21,9.14,Home,3,Pending,Social Media,South,P-615,SKU-1999,154.29,8.20,37.03,New,Credit Card
ORD-26029,CUST-10412,SESS-31029,CART-28029,2024-07-10,438.78,199.37,44.96,Home,3,Cancelled,Affiliate,East,P-758,SKU-1483,146.26,14.50,35.10,VIP,Debit Card
ORD-26030,CUST-10413,SESS-31030,CART-28030,2025-03-12,154.31,91.59,6.93,Sports,1,Shipped,Affiliate,International,P-979,SKU-2803,154.31,5.57,12.34,New,Crypto
ORD-26031,CUST-10413,SESS-31031,CART-28031,2025-12-04,474.93,242.65,4.64,Beauty,4,Cancelled,Mobile App,International,P-104,SKU-2474,118.73,1.92,37.99,VIP,Credit Card
ORD-26032,CUST-10413,SESS-31032,CART-28032,2024-12-29,258.38,87.15,46.09,Electronics,1,Completed,Affiliate,North,P-403,SKU-1723,258.38,1.24,20.67,VIP,Credit Card
ORD-26033,CUST-10414,SESS-31033,CART-28033,2026-01-06,296.38,159.16,17.58,Electronics,1,Cancelled,Social Media,West,P-823,SKU-205,296.38,17.11,23.71,Returning,Crypto
ORD-26034,CUST-10414,SESS-31034,CART-28034,2026-03-06,276.35,99.85,23.61,  beauty  ,1,Pending,Affiliate,West,P-556,SKU-1489,276.35,15.17,22.11,New,Debit Card
ORD-26035,CUST-10415,SESS-31035,CART-28035,2024-01-08,395.79,164.90,49.29,Beauty,3,Pending,Mobile App,East,P-52,SKU-4497,131.93,2.41,31.66,VIP,Debit Card
ORD-26036,CUST-10415,SESS-31036,CART-28036,2025-08-29,319.48,168.57,22.31,Beauty,2,Shipped,Affiliate,South,P-597,SKU-4320,159.74,5.17,25.56,Returning,Debit Card
ORD-26037,CUST-10415,SESS-31037,CART-28037,2025-06-08,,80.03,39.98,Home,4,Cancelled,Affiliate,West,P-399,SKU-923,58.28,0.79,18.65,VIP,PayPal
ORD-26038,CUST-10416,SESS-31038,CART-28038,2023-02-07,221.36,86.44,32.16,Fashion,,Cancelled,Social Media,East,P-914,SKU-2641,110.68,14.10,17.71,New,Crypto
ORD-26039,CUST-10416,SESS-31039,CART-28039,2023-11-29,71.48,39.48,9.75,Fashion,5,Cancelled,Social Media,East,P-840,SKU-1773,14.30,18.09,5.72,VIP,Debit Card
ORD-26040,CUST-10417,SESS-31040,CART-28040,2024-06-29,175.98,68.82,35.68,Electronics,4,Shipped,Social Media,East,P-937,SKU-1528,44.00,7.97,14.08,Returning,PayPal
ORD-26041,CUST-10417,SESS-31041,CART-28041,2024-04-05,368.97,143.95,19.44,Sports,1,Cancelled,Social Media,South,P-574,SKU-937,368.97,14.68,29.52,VIP,Credit Card
ORD-26042,CUST-10417,SESS-31042,CART-28042,2025-03-04,12.20,4.73,27.90,Fashion,,Cancelled,Social Media,International,P-419,SKU-4735,4.07,4.26,0.98,Returning,Debit Card
ORD-26043,CUST-10418,SESS-31043,CART-28043,2023-12-01,26.42,15.35,40.89,Fashion,3,Shipped,Social Media,East,P-586,SKU-2734,8.81,4.10,2.11,Returning,Crypto
ORD-26044,CUST-10418,SESS-31044,CART-28044,2024-01-23,438.20,144.05,18.44,Electronics,2,Pending,Affiliate,South,P-209,SKU-2414,219.10,15.86,35.06,New,Debit Card
ORD-26045,CUST-10419,SESS-31045,CART-28045,2023-03-25,257.68,120.97,38.27,Home,3,Cancelled,Web,North,P-348,SKU-549,85.89,15.86,20.61,VIP,Debit Card
ORD-26046,CUST-10419,SESS-31046,CART-28046,2024-02-05,87.64,48.05,4.10,Fashion,3,Completed,Web,International,P-511,SKU-1999,29.21,1.39,7.01,VIP,Crypto
ORD-26047,CUST-10419,SESS-31047,CART-28047,2025-10-11,508.99,227.09,1.80,Fashion,2,Completed,Affiliate,North,P-565,SKU-1898,254.50,19.85,40.72,VIP,PayPal
ORD-26048,CUST-10420,SESS-31048,CART-28048,2025-08-31,97.62,39.71,19.89,Fashion,3,Cancelled,Mobile App,North,P-457,SKU-3868,32.54,19.11,7.81,New,Debit Card
ORD-26049,CUST-10420,SESS-31049,CART-28049,2024-01-17,104.63,53.11,36.99,Fashion,2,Shipped,Affiliate,South,P-35,SKU-988,52.31,17.44,8.37,VIP,Debit Card
ORD-26050,CUST-10421,SESS-31050,CART-28050,2023-03-11,412.51,179.68,37.40,Sports,5,Completed,Mobile App,International,P-864,SKU-4683,82.50,12.91,33.00,Returning,Crypto
ORD-26051,CUST-10421,SESS-31051,CART-28051,2025-01-05,385.69,140.34,25.23,Sports,2,Shipped,Social Media,North,P-300,SKU-997,192.84,10.28,30.86,Returning,Debit Card
ORD-26052,CUST-10421,SESS-31052,CART-28052,2024-06-24,422.53,198.69,35.49,Home,4,Shipped,Social Media,South,P-578,SKU-873,105.63,19.06,33.80,Returning,Credit Card
ORD-26053,CUST-10422,SESS-31053,CART-28053,11/3/2025,26.90,9.42,40.20,Beauty,5,Returned,Web,International,P-842,SKU-1277,5.38,7.45,2.15,VIP,PayPal
ORD-26054,CUST-10422,SESS-31054,CART-28054,2026-02-09,207.71,77.63,18.17,Home,4,Returned,Social Media,East,P-813,SKU-3519,51.93,6.17,16.62,New,Crypto
ORD-26055,CUST-10423,SESS-31055,CART-28055,2024-04-19,461.43,213.38,31.26,Home,1,Shipped,Web,International,P-544,SKU-4357,461.43,14.78,36.91,New,Crypto
ORD-26056,CUST-10423,SESS-31056,CART-28056,2024-02-25,368.81,163.89,36.93,Beauty,5,Shipped,Mobile App,East,P-553,SKU-1386,73.76,13.67,29.50,New,PayPal
ORD-26057,CUST-10423,SESS-31057,CART-28057,2024-09-06,20.71,11.50,12.92,Sports,3,Completed,Mobile App,International,P-402,SKU-1278,6.90,18.04,1.66,VIP,Debit Card
ORD-26058,CUST-10424,SESS-31058,CART-28058,2024-01-01,323.01,119.94,18.78,Sports,5,Cancelled,Mobile App,South,P-773,SKU-228,64.60,6.57,25.84,Returning,Debit Card
ORD-26059,CUST-10424,SESS-31059,CART-28059,2025-09-05,436.17,180.25,23.28,Electronics,4,Cancelled,Social Media,North,P-613,SKU-3775,109.04,3.00,34.89,Returning,Credit Card
ORD-26060,CUST-10425,SESS-31060,CART-28060,2025-03-14,100.99,48.94,45.86,Sports,5,Shipped,Social Media,International,P-219,SKU-4169,20.20,12.51,8.08,Returning,Credit Card
ORD-26061,CUST-10425,SESS-31061,CART-28061,4/9/2024,146.28,48.93,3.36,Home,1,Completed,Web,South,P-115,SKU-828,146.28,2.71,11.70,Returning,Credit Card
ORD-26062,CUST-10425,SESS-31062,CART-28062,2025-04-20,123.69,49.58,4.22,Beauty,3,Shipped,Affiliate,North,P-102,SKU-3130,41.23,16.47,9.89,Returning,PayPal
ORD-26063,CUST-10426,SESS-31063,CART-28063,2026-03-02,28.45,13.40,27.39,Electronics,5,Cancelled,Mobile App,East,P-478,SKU-4575,5.69,17.98,2.28,Returning,Debit Card
ORD-26064,CUST-10426,SESS-31064,CART-28064,1767246995589,80.56,41.40,6.93,Sports,4,Returned,Social Media,East,P-241,SKU-1177,20.14,19.57,6.45,Returning,Credit Card
ORD-26065,CUST-10427,SESS-31065,CART-28065,2023-09-20,445.22,266.23,33.50,Sports,5,Completed,Web,South,P-122,SKU-4152,89.04,6.72,35.62,Returning,Credit Card
ORD-26066,CUST-10427,SESS-31066,CART-28066,2023-10-20,341.19,119.20,27.60,Home,1,Returned,Social Media,South,P-324,SKU-671,341.19,7.99,27.30,New,Crypto
ORD-26067,CUST-10427,SESS-31067,CART-28067,2024-08-16,184.69,107.36,46.65,Electronics,3,Shipped,Social Media,North,P-451,SKU-4588,61.56,3.35,14.78,VIP,Credit Card
ORD-26068,CUST-10428,SESS-31068,CART-28068,2024-05-24,244.13,104.71,48.78,Beauty,4,Cancelled,Social Media,International,P-701,SKU-4310,61.03,2.84,19.53,New,Debit Card
ORD-26069,CUST-10428,SESS-31069,CART-28069,2024-01-13,217.09,125.99,0.52,Electronics,2,Pending,Affiliate,West,P-93,SKU-1390,108.55,3.49,17.37,Returning,Crypto
ORD-26070,CUST-10429,SESS-31070,CART-28070,2024-09-16,255.74,94.19,32.03,Beauty,2,Cancelled,Mobile App,International,P-78,SKU-1095,127.87,17.24,20.46,Returning,Crypto
ORD-26071,CUST-10429,SESS-31071,CART-28071,7/29/2025,465.52,234.47,11.51,Home,1,Cancelled,Social Media,East,P-351,SKU-405,465.52,17.93,37.24,VIP,PayPal
ORD-26072,CUST-10429,SESS-31072,CART-28072,2024-02-14,450.86,214.10,34.79,Beauty,5,Completed,Social Media,South,P-272,SKU-183,90.17,13.39,36.07,VIP,Debit Card
ORD-26073,CUST-10430,SESS-31073,CART-28073,2025-05-25,103.29,56.65,16.26,Home,5,Pending,Social Media,International,P-42,SKU-4346,20.66,7.19,8.26,New,PayPal
ORD-26074,CUST-10430,SESS-31074,CART-28074,12/12/2024,NULL,250.38,6.83,Home,5,Pending,Affiliate,South,P-846,SKU-4675,95.49,9.18,38.19,VIP,Credit Card
ORD-26075,CUST-10431,SESS-31075,CART-28075,2026-02-17,488.88,186.08,11.22,Fashion,1,Cancelled,Web,West,P-722,SKU-2307,488.88,9.28,39.11,Returning,Crypto
ORD-26076,CUST-10431,SESS-31076,CART-28076,2024-02-27,320.05,100.20,44.73,Fashion,4,Completed,Affiliate,North,P-950,SKU-3921,80.01,12.53,25.60,New,PayPal
ORD-26077,CUST-10431,SESS-31077,CART-28077,2023-04-10,403.08,143.66,20.31,Electronics,2,Cancelled,Mobile App,South,P-611,SKU-1533,201.54,5.84,32.25,Returning,Crypto
ORD-26078,CUST-10432,SESS-31078,CART-28078,2025-03-05,138.89,52.02,19.87,Fashion,4,Shipped,Affiliate,West,P-646,SKU-3792,34.72,12.69,11.11,VIP,Debit Card
ORD-26079,CUST-10432,SESS-31079,CART-28079,2024-08-09,263.24,140.74,29.66,Sports,4,Cancelled,Affiliate,International,P-622,SKU-1228,65.81,16.61,21.06,VIP,Credit Card
ORD-26080,CUST-10433,SESS-31080,CART-28080,2025-03-15,255.64,79.68,27.66,Sports,3,Cancelled,Affiliate,International,P-524,SKU-4865,85.21,4.50,20.45,New,Credit Card
ORD-26081,CUST-10433,SESS-31081,CART-28081,2024-09-26,123.26,38.25,34.21,Fashion,2,Returned,Web,North,P-759,SKU-1275,61.63,8.85,9.86,VIP,Credit Card
ORD-26082,CUST-10433,SESS-31082,CART-28082,2023-06-28,  284.66  ,158.76,25.83,Home,2,Cancelled,Web,East,P-61,SKU-779,142.33,17.15,22.77,New,Credit Card
ORD-26083,CUST-10434,SESS-31083,CART-28083,2023-10-02,479.76,226.11,6.78,Fashion,3,Shipped,Social Media,East,P-632,SKU-2727,159.92,5.30,38.38,New,PayPal
ORD-26084,CUST-10434,SESS-31084,CART-28084,6/28/2025,275.68,121.97,32.73,Sports,4,Shipped,Social Media,West,P-581,SKU-1907,68.92,11.32,22.05,Returning,Debit Card
ORD-26085,CUST-10435,SESS-31085,CART-28085,2025-04-20,,227.38,49.84,Fashion,,Shipped,Web,West,P-179,SKU-2004,477.80,13.70,38.22,New,Debit Card
ORD-26086,CUST-10435,SESS-31086,CART-28086,2023-08-24,181.82,101.33,14.96,Home,4,Shipped,Web,West,P-814,SKU-4820,45.45,18.43,14.55,Returning,Debit Card
ORD-26087,CUST-10435,SESS-31087,CART-28087,1690333265610,415.72,171.88,18.02,Sports,5,Completed,Web,South,P-586,SKU-1685,83.14,19.17,33.26,Returning,Crypto
ORD-26088,CUST-10436,SESS-31088,CART-28088,2023-03-21,83.76,35.29,20.92,Beauty,NULL,Cancelled,Affiliate,East,P-870,SKU-4569,16.75,19.46,6.70,New,Crypto
ORD-26089,CUST-10436,SESS-31089,CART-28089,2024-09-17,272.70,108.60,22.12,Home,2,Cancelled,Web,West,P-71,SKU-550,136.35,4.28,21.82,VIP,Debit Card
ORD-26090,CUST-10437,SESS-31090,CART-28090,2025-07-30,234.82,113.39,31.06,Electronics,4,Returned,Web,South,P-849,SKU-1057,58.70,4.30,18.79,New,Debit Card
ORD-26091,CUST-10437,SESS-31091,CART-28091,2025-01-04,28.65,14.74,42.09,Electronics,2,Shipped,Social Media,North,P-427,SKU-994,14.32,16.25,2.29,VIP,Debit Card
ORD-26092,CUST-10437,SESS-31092,CART-28092,2023-08-07,259.83,135.60,5.37,Sports,5,Completed,Web,South,P-885,SKU-900,51.97,11.21,20.79,New,Debit Card
ORD-26093,CUST-10438,SESS-31093,CART-28093,10/27/2025,  256.33  ,86.61,39.86,  fashion  ,4,Shipped,Social Media,East,P-302,SKU-4441,64.08,5.53,20.51,New,PayPal
ORD-26094,CUST-10438,SESS-31094,CART-28094,2024-08-27,393.26,145.47,11.31,Fashion,4,Completed,Mobile App,South,P-937,SKU-4936,98.31,12.95,31.46,Returning,Credit Card
ORD-26095,CUST-10439,SESS-31095,CART-28095,2025-09-11,242.91,90.94,39.21,Home,1,Pending,Affiliate,International,P-295,SKU-4676,242.91,14.10,19.43,VIP,Crypto
ORD-26096,CUST-10439,SESS-31096,CART-28096,2024-02-02,369.14,114.98,4.82,Fashion,3,Shipped,Social Media,East,P-542,SKU-2976,123.05,14.55,29.53,Returning,Debit Card
ORD-26097,CUST-10439,SESS-31097,CART-28097,2023-04-19,213.24,124.72,21.34,Sports,5,Completed,Affiliate,South,P-144,SKU-1357,42.65,6.08,17.06,Returning,Credit Card
ORD-26098,CUST-10440,SESS-31098,CART-28098,2025-04-26,462.09,216.94,25.93,Fashion,2,Shipped,Web,West,P-643,SKU-3937,231.05,3.17,36.97,VIP,Debit Card
ORD-26099,CUST-10440,SESS-31099,CART-28099,1706686369081,186.85,69.40,27.66,Fashion,2,Completed,Mobile App,International,P-696,SKU-4374,93.42,3.12,14.95,New,Debit Card
ORD-26100,CUST-10441,SESS-31100,CART-28100,2023-03-16,136.02,48.42,20.11,Sports,2,Pending,Web,International,P-9,SKU-1279,68.01,14.79,10.88,New,Crypto
ORD-26101,CUST-10441,SESS-31101,CART-28101,2023-10-10,410.50,133.16,18.47,Beauty,5,Pending,Affiliate,South,P-244,SKU-4873,82.10,12.31,32.84,New,Debit Card
ORD-26102,CUST-10441,SESS-31102,CART-28102,2026-02-13,223.49,103.47,22.18,Home,4,Cancelled,Social Media,West,P-495,SKU-204,55.87,1.61,17.88,Returning,Debit Card
ORD-26103,CUST-10442,SESS-31103,CART-28103,2023-04-26,463.94,214.81,33.33,Fashion,1,Shipped,Social Media,East,P-401,SKU-2145,463.94,19.63,37.12,Returning,PayPal
ORD-26104,CUST-10442,SESS-31104,CART-28104,2025-02-07,17.09,6.88,32.25,Home,4,Completed,Social Media,South,P-425,SKU-4855,4.27,6.73,1.37,New,Crypto
ORD-26105,CUST-10443,SESS-31105,CART-28105,2023-01-31,486.72,246.83,36.27,Electronics,5,Pending,Web,East,P-773,SKU-1712,97.34,0.91,38.94,New,PayPal
ORD-26106,CUST-10443,SESS-31106,CART-28106,2024-01-24,135.42,53.77,14.98,Beauty,5,Returned,Affiliate,North,P-186,SKU-2239,27.08,16.30,10.83,Returning,Credit Card
ORD-26107,CUST-10443,SESS-31107,CART-28107,2025-04-15,328.24,128.21,29.56,Electronics,1,Completed,Social Media,South,P-470,SKU-2100,328.24,10.39,26.26,Returning,PayPal
ORD-26108,CUST-10444,SESS-31108,CART-28108,2023-03-24,342.22,105.64,9.47,Beauty,5,Cancelled,Web,East,P-800,SKU-949,68.44,0.10,27.38,Returning,Debit Card
ORD-26109,CUST-10444,SESS-31109,CART-28109,2026-03-12,NULL,109.83,13.69,Home,2,Completed,Social Media,South,P-2,SKU-1129,160.37,0.43,25.66,New,Debit Card
ORD-26110,CUST-10445,SESS-31110,CART-28110,2024-01-11,111.68,47.62,5.22,Beauty,1,Returned,Affiliate,East,P-415,SKU-684,111.68,11.47,8.93,VIP,Debit Card
ORD-26111,CUST-10445,SESS-31111,CART-28111,2024-11-29,437.23,250.51,43.89,NULL,3,Cancelled,Affiliate,East,P-626,SKU-1634,145.74,0.14,34.98,VIP,Debit Card
ORD-26112,CUST-10445,SESS-31112,CART-28112,1703477146302,34.98,10.92,18.09,Home,1,Completed,Affiliate,South,P-637,SKU-1562,34.98,19.90,2.80,VIP,PayPal
ORD-26113,CUST-10446,SESS-31113,CART-28113,2025-09-10,315.26,186.91,11.34,Home,2,Cancelled,Web,West,P-130,SKU-2367,157.63,15.65,25.22,New,Crypto
ORD-26114,CUST-10446,SESS-31114,CART-28114,2023-03-04,337.56,199.44,45.94,  beauty  ,4,Shipped,Affiliate,East,P-516,SKU-4947,84.39,19.03,27.01,Returning,Debit Card
ORD-26115,CUST-10447,SESS-31115,CART-28115,2024-10-08,103.43,51.35,29.48,Home,5,Shipped,Mobile App,International,P-194,SKU-3276,20.69,2.85,8.27,New,PayPal
ORD-26116,CUST-10447,SESS-31116,CART-28116,2023-09-06,395.20,163.60,28.29,Home,3,Shipped,Social Media,West,P-172,SKU-4063,131.73,1.38,31.62,VIP,PayPal
ORD-26117,CUST-10447,SESS-31117,CART-28117,2023-09-05,325.89,176.40,20.14,Fashion,4,Shipped,Web,International,P-278,SKU-1962,81.47,13.04,26.07,VIP,Debit Card
ORD-26118,CUST-10448,SESS-31118,CART-28118,2025-06-16,330.12,122.50,5.42,Fashion,1,Pending,Affiliate,North,P-930,SKU-2098,330.12,4.19,26.41,New,Credit Card
ORD-26119,CUST-10448,SESS-31119,CART-28119,2025-01-05,51.51,30.84,26.84,Electronics,3,Cancelled,Social Media,International,P-34,SKU-219,17.17,9.04,4.12,VIP,Debit Card
ORD-26120,CUST-10449,SESS-31120,CART-28120,2024-03-08,431.98,141.48,25.34,Sports,4,Returned,Web,North,P-961,SKU-3032,108.00,3.36,34.56,Returning,Crypto
ORD-26121,CUST-10449,SESS-31121,CART-28121,2024-07-01,504.03,155.99,29.24,Beauty,2,Returned,Web,International,P-123,SKU-974,252.01,1.97,40.32,VIP,PayPal
ORD-26122,CUST-10449,SESS-31122,CART-28122,2024-07-16,470.04,224.12,47.87,Home,NULL,Returned,Web,International,P-457,SKU-4531,470.04,13.24,37.60,Returning,PayPal
ORD-26123,CUST-10450,SESS-31123,CART-28123,2023-12-08,106.91,34.02,48.89,Beauty,3,Returned,Social Media,International,P-900,SKU-3577,35.64,9.46,8.55,Returning,Debit Card
ORD-26124,CUST-10450,SESS-31124,CART-28124,2025-06-15,95.18,38.32,21.78,Sports,2,Shipped,Affiliate,West,P-511,SKU-484,47.59,10.82,7.61,Returning,Credit Card
ORD-26125,CUST-10451,SESS-31125,CART-28125,2023-10-09,220.03,101.35,23.36,Fashion,3,Completed,Mobile App,West,P-556,SKU-382,73.34,7.05,17.60,Returning,Debit Card
ORD-26126,CUST-10451,SESS-31126,CART-28126,7/8/2025,271.21,93.41,26.97,Fashion,NULL,Pending,Mobile App,West,P-261,SKU-1782,54.24,17.95,21.70,Returning,Debit Card
ORD-26127,CUST-10451,SESS-31127,CART-28127,2023-06-17,181.59,86.35,28.72,Electronics,5,Shipped,Mobile App,South,P-226,SKU-113,36.32,2.22,14.53,VIP,PayPal
ORD-26128,CUST-10452,SESS-31128,CART-28128,2025-05-03,115.18,51.34,48.11,Sports,2,Completed,Web,International,P-580,SKU-2240,57.59,17.25,9.21,VIP,Debit Card
ORD-26129,CUST-10452,SESS-31129,CART-28129,2023-05-17,197.90,104.16,46.16,Sports,2,Cancelled,Social Media,South,P-413,SKU-503,98.95,12.05,15.83,Returning,Crypto
ORD-26130,CUST-10453,SESS-31130,CART-28130,2024-10-27,57.12,22.87,28.46,Electronics,1,Returned,Mobile App,North,P-575,SKU-4524,57.12,10.33,4.57,Returning,Debit Card
ORD-26131,CUST-10453,SESS-31131,CART-28131,2024-02-11,68.72,37.09,29.22,Fashion,3,Shipped,Web,East,P-20,SKU-1192,22.91,2.53,5.50,VIP,Debit Card
ORD-26132,CUST-10453,SESS-31132,CART-28132,8/13/2024,201.09,108.27,30.47,Electronics,5,Cancelled,Affiliate,North,P-431,SKU-3242,40.22,12.84,16.09,New,PayPal
ORD-26133,CUST-10454,SESS-31133,CART-28133,2023-09-16,111.19,51.28,19.03,Beauty,2,Shipped,Web,East,P-207,SKU-4680,55.60,19.70,8.90,New,Debit Card
ORD-26134,CUST-10454,SESS-31134,CART-28134,2023-09-14,216.48,128.53,11.37,Home,4,Cancelled,Social Media,North,P-100,SKU-246,54.12,13.16,17.32,New,Crypto
ORD-26135,CUST-10455,SESS-31135,CART-28135,2025-04-20,19.33,8.02,1.24,Electronics,2,Completed,Social Media,North,P-684,SKU-1231,9.66,2.43,1.55,Returning,PayPal
ORD-26136,CUST-10455,SESS-31136,CART-28136,2023-02-18,508.07,302.90,26.63,Fashion,3,Shipped,Social Media,South,P-845,SKU-3852,169.36,1.48,40.65,VIP,PayPal
ORD-26137,CUST-10455,SESS-31137,CART-28137,2023-01-29,88.23,27.99,0.15,Sports,5,Completed,Mobile App,International,P-212,SKU-2912,17.65,5.69,7.06,New,Credit Card
ORD-26138,CUST-10456,SESS-31138,CART-28138,2025-08-14,37.00,13.84,28.79,Fashion,4,Returned,Social Media,North,P-79,SKU-4910,9.25,12.92,2.96,New,PayPal
ORD-26139,CUST-10456,SESS-31139,CART-28139,9/3/2023,300.81,99.47,46.48,Fashion,4,Pending,Mobile App,East,P-189,SKU-3688,75.20,1.92,24.06,VIP,Crypto
ORD-26140,CUST-10457,SESS-31140,CART-28140,2023-11-23,270.13,152.46,5.87,Home,1,Returned,Mobile App,South,P-719,SKU-4579,270.13,3.19,21.61,Returning,Credit Card
ORD-26141,CUST-10457,SESS-31141,CART-28141,2023-11-23,154.14,78.75,21.22,Fashion,3,Cancelled,Mobile App,South,P-19,SKU-2793,51.38,0.45,12.33,Returning,Debit Card
ORD-26142,CUST-10457,SESS-31142,CART-28142,2025-06-05,42.40,14.05,6.77,Sports,3,Shipped,Mobile App,West,P-619,SKU-134,14.13,17.26,3.39,VIP,PayPal
ORD-26143,CUST-10458,SESS-31143,CART-28143,2025-08-21,429.38,241.37,7.54,Electronics,3,Pending,Social Media,International,P-111,SKU-2634,143.13,1.08,34.35,VIP,Debit Card
ORD-26144,CUST-10458,SESS-31144,CART-28144,2024-10-11,161.48,92.72,1.35,Fashion,5,Pending,Social Media,South,P-396,SKU-4863,32.30,7.10,12.92,VIP,Debit Card
ORD-26145,CUST-10459,SESS-31145,CART-28145,2025-05-06,282.34,165.90,11.66,Beauty,1,Pending,Social Media,North,P-921,SKU-4460,282.34,19.01,22.59,VIP,Credit Card
ORD-26146,CUST-10459,SESS-31146,CART-28146,2024-12-01,273.07,154.72,0.93,Fashion,3,Cancelled,Affiliate,South,P-808,SKU-1824,91.02,6.24,21.85,New,Debit Card
ORD-26147,CUST-10459,SESS-31147,CART-28147,2023-08-19,114.52,50.73,24.21,Home,3,Returned,Web,West,P-244,SKU-1756,38.17,14.83,9.16,Returning,Debit Card
ORD-26148,CUST-10460,SESS-31148,CART-28148,2025-07-31,123.43,43.84,12.72,Home,3,Shipped,Social Media,South,P-254,SKU-295,41.14,19.43,9.87,New,PayPal
ORD-26149,CUST-10460,SESS-31149,CART-28149,2023-10-15,484.04,206.85,39.56,Beauty,1,Pending,Web,West,P-471,SKU-3374,484.04,19.09,38.72,VIP,Debit Card
ORD-26150,CUST-10461,SESS-31150,CART-28150,2025-04-22,470.95,224.37,10.81,Electronics,2,Cancelled,Mobile App,South,P-929,SKU-3254,235.47,9.65,37.68,New,Credit Card
ORD-26151,CUST-10461,SESS-31151,CART-28151,2023-08-29,145.38,61.71,1.06,Beauty,2,Shipped,Affiliate,North,P-770,SKU-3153,72.69,10.75,11.63,New,Credit Card
ORD-26152,CUST-10461,SESS-31152,CART-28152,2025-10-29,204.97,86.39,39.97,Electronics,5,Cancelled,Web,East,P-41,SKU-3651,40.99,19.69,16.40,New,Crypto
ORD-26153,CUST-10462,SESS-31153,CART-28153,2023-03-17,230.13,99.55,46.50,Sports,3,Returned,Mobile App,South,P-951,SKU-3783,76.71,15.80,18.41,New,PayPal
ORD-26154,CUST-10462,SESS-31154,CART-28154,2023-06-18,371.22,189.07,8.12,Beauty,5,Cancelled,Social Media,North,P-126,SKU-2145,74.24,10.37,29.70,New,Debit Card
ORD-26155,CUST-10463,SESS-31155,CART-28155,2024-08-11,64.00,23.66,43.43,,1,Cancelled,Web,North,P-591,SKU-4557,64.00,2.20,5.12,New,Debit Card
ORD-26156,CUST-10463,SESS-31156,CART-28156,2025-12-05,243.98,102.52,9.30,Electronics,2,Pending,Social Media,East,P-288,SKU-956,121.99,3.22,19.52,VIP,Credit Card
ORD-26157,CUST-10463,SESS-31157,CART-28157,2026-01-13,422.77,159.54,43.77,Sports,1,Shipped,Mobile App,East,P-375,SKU-3389,422.77,6.85,33.82,New,Credit Card
ORD-26158,CUST-10464,SESS-31158,CART-28158,2024-04-12,110.66,62.79,10.31,Beauty,1,Cancelled,Affiliate,West,P-115,SKU-2311,110.66,14.18,8.85,New,Debit Card
ORD-26159,CUST-10464,SESS-31159,CART-28159,2024-09-14,196.44,92.62,0.29,Electronics,2,Completed,Web,South,P-535,SKU-3718,98.22,10.25,15.72,New,Crypto
ORD-26160,CUST-10465,SESS-31160,CART-28160,2024-07-26,180.78,67.29,49.60,Fashion,1,Completed,Affiliate,East,P-762,SKU-3696,180.78,4.11,14.46,New,Crypto
ORD-26161,CUST-10465,SESS-31161,CART-28161,2024-11-18,86.65,49.45,4.52,Sports,4,Cancelled,Social Media,West,P-488,SKU-1482,21.66,6.96,6.93,Returning,PayPal
ORD-26162,CUST-10465,SESS-31162,CART-28162,1700127174858,471.15,157.96,22.94,Fashion,5,Pending,Mobile App,East,P-808,SKU-3434,94.23,4.54,37.69,VIP,PayPal
ORD-26163,CUST-10466,SESS-31163,CART-28163,2025-07-17,255.53,135.06,33.94,Sports,3,Returned,Mobile App,South,P-47,SKU-2836,85.18,16.38,20.44,New,Credit Card
ORD-26164,CUST-10466,SESS-31164,CART-28164,2023-07-01,  117.92  ,63.34,6.52,Fashion,2,Cancelled,Affiliate,International,P-228,SKU-4563,58.96,10.15,9.43,Returning,PayPal
ORD-26165,CUST-10467,SESS-31165,CART-28165,2024-03-07,141.91,79.55,32.87,Beauty,4,Completed,Mobile App,International,P-938,SKU-2445,35.48,11.48,11.35,New,PayPal
ORD-26166,CUST-10467,SESS-31166,CART-28166,1/4/2026,67.29,34.77,11.24,Home,2,Returned,Social Media,East,P-851,SKU-2825,33.64,14.49,5.38,VIP,Credit Card
ORD-26167,CUST-10467,SESS-31167,CART-28167,2024-09-23,334.04,159.71,3.08,Home,4,Pending,Social Media,International,P-488,SKU-2311,83.51,3.64,26.72,New,Credit Card
ORD-26168,CUST-10468,SESS-31168,CART-28168,2023-09-09,491.82,246.32,16.42,Electronics,2,Cancelled,Affiliate,West,P-147,SKU-1551,245.91,17.15,39.35,Returning,Debit Card
ORD-26169,CUST-10468,SESS-31169,CART-28169,2024-04-21,458.83,256.71,38.48,Electronics,2,Completed,Social Media,North,P-706,SKU-4196,229.42,1.90,36.71,Returning,Credit Card
ORD-26170,CUST-10469,SESS-31170,CART-28170,2023-03-01,384.64,197.35,9.33,Electronics,1,Cancelled,Affiliate,International,P-286,SKU-1452,384.64,2.68,30.77,VIP,Debit Card
ORD-26171,CUST-10469,SESS-31171,CART-28171,5/20/2025,398.28,194.80,2.46,Beauty,2,Completed,Web,International,P-471,SKU-2242,199.14,1.93,31.86,New,Credit Card
ORD-26172,CUST-10469,SESS-31172,CART-28172,2023-06-14,184.97,82.78,45.86,Fashion,3,Shipped,Affiliate,East,P-19,SKU-56,61.66,0.89,14.80,VIP,Crypto
ORD-26173,CUST-10470,SESS-31173,CART-28173,2025-04-23,215.15,128.81,40.52,Fashion,2,Pending,Web,North,P-942,SKU-981,107.58,5.92,17.21,VIP,PayPal
ORD-26174,CUST-10470,SESS-31174,CART-28174,2023-08-21,158.01,67.93,45.16,  sports  ,2,Completed,Affiliate,International,P-750,SKU-4899,79.01,19.37,12.64,New,Credit Card
ORD-26175,CUST-10471,SESS-31175,CART-28175,2024-02-27,287.76,104.13,10.15,Beauty,NULL,Pending,Social Media,East,P-709,SKU-626,95.92,7.72,23.02,New,PayPal
ORD-26176,CUST-10471,SESS-31176,CART-28176,2024-05-26,68.16,40.50,27.27,Fashion,2,Cancelled,Affiliate,North,P-34,SKU-2421,34.08,16.78,5.45,VIP,PayPal
ORD-26177,CUST-10471,SESS-31177,CART-28177,2024-07-10,219.51,92.29,0.33,Fashion,2,Cancelled,Social Media,South,P-227,SKU-1247,109.76,3.94,17.56,New,Credit Card
ORD-26178,CUST-10472,SESS-31178,CART-28178,2023-10-17,162.41,54.74,18.72,Beauty,5,Shipped,Web,North,P-26,SKU-2656,32.48,11.01,12.99,New,Crypto
ORD-26179,CUST-10472,SESS-31179,CART-28179,2023-01-19,471.81,200.33,24.66,Fashion,1,Completed,Web,International,P-615,SKU-1494,471.81,1.53,37.74,Returning,Debit Card
ORD-26180,CUST-10473,SESS-31180,CART-28180,2025-10-13,31.97,17.84,14.72,Sports,4,Shipped,Social Media,International,P-588,SKU-4807,7.99,10.95,2.56,New,Credit Card
ORD-26181,CUST-10473,SESS-31181,CART-28181,2025-07-15,302.86,149.40,3.72,  home  ,4,Pending,Web,South,P-496,SKU-3538,75.72,15.50,24.23,Returning,Debit Card
ORD-26182,CUST-10473,SESS-31182,CART-28182,2025-01-10,21.15,11.83,28.31,NULL,4,Completed,Web,North,P-617,SKU-2602,5.29,8.46,1.69,New,PayPal
ORD-26183,CUST-10474,SESS-31183,CART-28183,2023-02-26,59.24,24.34,43.10,Beauty,4,Cancelled,Web,South,P-436,SKU-4294,14.81,13.35,4.74,Returning,Debit Card
ORD-26184,CUST-10474,SESS-31184,CART-28184,2025-10-30,447.80,181.16,5.37,Beauty,4,Cancelled,Mobile App,East,P-58,SKU-1067,111.95,9.90,35.82,New,Debit Card
ORD-26185,CUST-10475,SESS-31185,CART-28185,2023-01-25,455.55,161.32,20.20,Home,2,Shipped,Affiliate,International,P-421,SKU-4507,227.78,9.01,36.44,Returning,Credit Card
ORD-26186,CUST-10475,SESS-31186,CART-28186,3/29/2023,419.69,158.74,22.84,Beauty,1,Returned,Social Media,North,P-853,SKU-1607,419.69,5.11,33.58,VIP,Crypto
ORD-26187,CUST-10475,SESS-31187,CART-28187,2023-11-30,427.33,178.82,23.11,Home,2,Returned,Social Media,International,P-611,SKU-1549,213.66,15.47,34.19,New,PayPal
ORD-26188,CUST-10476,SESS-31188,CART-28188,2025-03-20,23.25,7.31,36.15,Sports,3,Pending,Mobile App,South,P-217,SKU-4662,7.75,16.75,1.86,Returning,Credit Card
ORD-26189,CUST-10476,SESS-31189,CART-28189,2023-11-15,176.94,103.18,35.73,Home,4,Returned,Web,International,P-863,SKU-2394,44.24,16.65,14.16,New,PayPal
ORD-26190,CUST-10477,SESS-31190,CART-28190,2024-03-17,440.78,239.59,48.92,Home,5,Shipped,Social Media,North,P-865,SKU-3052,88.16,12.74,35.26,VIP,Crypto
ORD-26191,CUST-10477,SESS-31191,CART-28191,2023-12-29,64.96,33.58,6.49,Electronics,5,Completed,Affiliate,North,P-189,SKU-1055,12.99,11.94,5.20,Returning,Credit Card
ORD-26192,CUST-10477,SESS-31192,CART-28192,2024-07-09,444.33,143.96,1.71,Beauty,4,Cancelled,Mobile App,East,P-436,SKU-990,111.08,5.08,35.55,VIP,Crypto
ORD-26193,CUST-10478,SESS-31193,CART-28193,2025-08-22,323.16,138.68,45.75,Sports,2,Pending,Social Media,East,P-185,SKU-1345,161.58,11.84,25.85,VIP,Debit Card
ORD-26194,CUST-10478,SESS-31194,CART-28194,2026-03-01,77.65,25.84,38.50,Sports,1,Completed,Mobile App,South,P-90,SKU-1397,77.65,14.10,6.21,VIP,Credit Card
ORD-26195,CUST-10479,SESS-31195,CART-28195,2024-01-25,,58.69,7.74,,2,Cancelled,Affiliate,North,P-415,SKU-493,59.84,17.27,9.58,Returning,Crypto
ORD-26196,CUST-10479,SESS-31196,CART-28196,2023-11-30,211.27,116.55,16.45,Sports,4,Cancelled,Social Media,International,P-874,SKU-1715,52.82,5.49,16.90,New,Debit Card
ORD-26197,CUST-10479,SESS-31197,CART-28197,2025-12-29,143.53,76.50,41.05,Home,5,Returned,Affiliate,North,P-591,SKU-4361,28.71,10.79,11.48,VIP,Credit Card
ORD-26198,CUST-10480,SESS-31198,CART-28198,2024-07-15,74.63,31.11,43.04,Fashion,4,Completed,Social Media,North,P-995,SKU-567,18.66,12.57,5.97,Returning,Debit Card
ORD-26199,CUST-10480,SESS-31199,CART-28199,2023-06-04,,135.55,27.34,Sports,2,Returned,Social Media,South,P-930,SKU-783,128.61,0.77,20.58,Returning,Credit Card
ORD-26200,CUST-10481,SESS-31200,CART-28200,2024-11-06,337.51,111.69,32.79,Fashion,1,Completed,Web,North,P-355,SKU-3785,337.51,16.12,27.00,Returning,Debit Card
ORD-26201,CUST-10481,SESS-31201,CART-28201,2024-05-09,411.35,225.49,16.23,Home,5,Completed,Mobile App,South,P-365,SKU-3391,82.27,4.39,32.91,Returning,Credit Card
ORD-26202,CUST-10481,SESS-31202,CART-28202,2025-07-20,250.95,106.27,21.58,Home,3,Completed,Web,East,P-803,SKU-4708,83.65,3.54,20.08,Returning,Credit Card
ORD-26203,CUST-10482,SESS-31203,CART-28203,2025-12-20,282.75,155.33,20.73,Fashion,4,Pending,Web,South,P-690,SKU-2983,70.69,6.50,22.62,New,Debit Card
ORD-26204,CUST-10482,SESS-31204,CART-28204,2026-02-23,192.59,58.75,29.83,Home,5,Cancelled,Social Media,North,P-73,SKU-1097,38.52,12.60,15.41,New,Crypto
ORD-26205,CUST-10483,SESS-31205,CART-28205,2024-05-31,211.00,85.91,4.86,Fashion,4,Completed,Mobile App,North,P-355,SKU-2328,52.75,8.22,16.88,New,PayPal
ORD-26206,CUST-10483,SESS-31206,CART-28206,2023-07-29,410.31,148.49,47.09,Beauty,4,Cancelled,Mobile App,West,P-357,SKU-4508,102.58,3.25,32.82,Returning,Debit Card
ORD-26207,CUST-10483,SESS-31207,CART-28207,2025-01-07,17.20,10.02,37.59,Home,3,Cancelled,Web,International,P-795,SKU-1083,5.73,17.94,1.38,New,Debit Card
ORD-26208,CUST-10484,SESS-31208,CART-28208,2024-08-02,190.78,92.96,31.14,Sports,4,Cancelled,Web,West,P-813,SKU-2096,47.70,17.16,15.26,Returning,Crypto
ORD-26209,CUST-10484,SESS-31209,CART-28209,9/5/2024,265.71,110.25,31.99,Electronics,3,Cancelled,Social Media,West,P-524,SKU-1594,88.57,19.81,21.26,VIP,Crypto
ORD-26210,CUST-10485,SESS-31210,CART-28210,2023-05-14,91.05,29.97,0.79,Electronics,5,Returned,Mobile App,South,P-989,SKU-4452,18.21,4.05,7.28,VIP,Debit Card
ORD-26211,CUST-10485,SESS-31211,CART-28211,2025-02-28,369.20,191.21,19.50,Home,5,Cancelled,Web,South,P-572,SKU-2469,73.84,7.03,29.54,Returning,Debit Card
ORD-26212,CUST-10485,SESS-31212,CART-28212,2024-12-13,256.00,89.22,5.17,Electronics,2,Pending,Affiliate,International,P-565,SKU-4667,128.00,2.55,20.48,VIP,PayPal
ORD-26213,CUST-10486,SESS-31213,CART-28213,2023-05-15,308.69,120.75,12.56,Beauty,1,Cancelled,Affiliate,South,P-836,SKU-1722,308.69,5.36,24.69,Returning,Debit Card
ORD-26214,CUST-10486,SESS-31214,CART-28214,2024-05-06,150.83,47.20,49.47,Beauty,3,Shipped,Affiliate,East,P-192,SKU-3212,50.28,19.15,12.07,VIP,Credit Card
ORD-26215,CUST-10487,SESS-31215,CART-28215,2024-06-15,112.17,37.25,24.89,Electronics,3,Pending,Affiliate,East,P-449,SKU-2581,37.39,11.75,8.97,Returning,Crypto
ORD-26216,CUST-10487,SESS-31216,CART-28216,2/9/2026,502.40,205.46,7.77,Beauty,,Cancelled,Mobile App,North,P-796,SKU-560,125.60,9.38,40.19,Returning,PayPal
ORD-26217,CUST-10487,SESS-31217,CART-28217,2025-01-28,349.26,112.97,32.37,Sports,2,Shipped,Mobile App,North,P-540,SKU-1975,174.63,19.57,27.94,New,Credit Card
ORD-26218,CUST-10488,SESS-31218,CART-28218,2024-02-08,502.15,199.31,31.11,Sports,2,Returned,Social Media,North,P-564,SKU-1524,251.08,5.21,40.17,New,Crypto
ORD-26219,CUST-10488,SESS-31219,CART-28219,2025-01-20,71.48,31.84,46.16,  fashion  ,4,Shipped,Web,International,P-538,SKU-4754,17.87,15.68,5.72,New,Debit Card
ORD-26220,CUST-10489,SESS-31220,CART-28220,2023-12-19,36.00,15.00,42.96,Fashion,2,Shipped,Mobile App,North,P-631,SKU-2625,18.00,2.66,2.88,VIP,Crypto
ORD-26221,CUST-10489,SESS-31221,CART-28221,2024-02-05,345.17,116.73,35.29,Beauty,1,Completed,Web,South,P-344,SKU-4029,345.17,2.72,27.61,VIP,Credit Card
ORD-26222,CUST-10489,SESS-31222,CART-28222,2025-12-26,329.64,147.13,1.07,  fashion  ,1,Completed,Affiliate,International,P-36,SKU-4548,329.64,18.75,26.37,New,PayPal
ORD-26223,CUST-10490,SESS-31223,CART-28223,11/8/2023,416.04,212.73,23.36,Fashion,3,Completed,Web,East,P-276,SKU-4604,138.68,1.44,33.28,New,Crypto
ORD-26224,CUST-10490,SESS-31224,CART-28224,2025-06-05,137.97,47.08,46.65,Beauty,5,Pending,Affiliate,East,P-831,SKU-3446,27.59,18.00,11.04,New,Debit Card
ORD-26225,CUST-10491,SESS-31225,CART-28225,2025-12-21,476.05,167.31,24.31,Home,4,Pending,Social Media,South,P-303,SKU-1748,119.01,6.53,38.08,New,Credit Card
ORD-26226,CUST-10491,SESS-31226,CART-28226,5/3/2024,309.62,136.08,2.66,Beauty,2,Shipped,Mobile App,West,P-578,SKU-3054,154.81,16.82,24.77,New,PayPal
ORD-26227,CUST-10491,SESS-31227,CART-28227,2025-08-20,133.55,41.50,41.82,Home,4,Returned,Affiliate,West,P-127,SKU-2972,33.39,1.92,10.68,Returning,Crypto
ORD-26228,CUST-10492,SESS-31228,CART-28228,2024-05-20,360.91,165.97,5.96,Home,2,Completed,Web,International,P-414,SKU-2600,180.45,6.37,28.87,Returning,PayPal
ORD-26229,CUST-10492,SESS-31229,CART-28229,2023-03-25,376.52,143.97,40.49,Home,2,Shipped,Mobile App,West,P-348,SKU-4921,188.26,13.06,30.12,New,Credit Card
ORD-26230,CUST-10493,SESS-31230,CART-28230,1737709995183,472.01,211.66,16.81,Sports,3,Pending,Mobile App,International,P-165,SKU-225,157.34,5.98,37.76,VIP,Credit Card
ORD-26231,CUST-10493,SESS-31231,CART-28231,2024-02-03,433.14,223.49,29.84,Beauty,1,Cancelled,Mobile App,East,P-616,SKU-2885,433.14,14.02,34.65,VIP,PayPal
ORD-26232,CUST-10493,SESS-31232,CART-28232,2025-10-26,165.05,97.91,15.39,Sports,3,Completed,Social Media,International,P-297,SKU-552,55.02,1.56,13.20,VIP,Crypto
ORD-26233,CUST-10494,SESS-31233,CART-28233,2023-04-07,292.50,175.13,37.35,Sports,3,Cancelled,Social Media,West,P-700,SKU-3517,97.50,0.75,23.40,Returning,PayPal
ORD-26234,CUST-10494,SESS-31234,CART-28234,2024-06-15,482.71,242.87,8.18,Beauty,3,Cancelled,Web,West,P-741,SKU-722,160.90,11.21,38.62,Returning,Debit Card
ORD-26235,CUST-10495,SESS-31235,CART-28235,2025-01-18,251.09,107.07,26.97,Electronics,1,Returned,Social Media,West,P-619,SKU-1168,251.09,3.93,20.09,VIP,Debit Card
ORD-26236,CUST-10495,SESS-31236,CART-28236,7/24/2024,210.49,76.50,36.93,  home  ,3,Cancelled,Social Media,North,P-573,SKU-3695,70.16,11.36,16.84,Returning,Credit Card
ORD-26237,CUST-10495,SESS-31237,CART-28237,2023-04-21,,24.40,26.88,Electronics,1,Returned,Social Media,International,P-288,SKU-2801,73.96,8.69,5.92,VIP,Credit Card
ORD-26238,CUST-10496,SESS-31238,CART-28238,2023-09-20,274.77,163.30,32.91,Electronics,4,Completed,Affiliate,South,P-21,SKU-3198,68.69,7.12,21.98,VIP,Credit Card
ORD-26239,CUST-10496,SESS-31239,CART-28239,2/3/2024,108.24,60.42,13.31,Fashion,1,Pending,Mobile App,North,P-551,SKU-244,108.24,15.78,8.66,Returning,Credit Card
ORD-26240,CUST-10497,SESS-31240,CART-28240,2025-02-10,18.18,8.19,7.36,Beauty,4,Shipped,Affiliate,North,P-489,SKU-4629,4.54,13.27,1.45,VIP,PayPal
ORD-26241,CUST-10497,SESS-31241,CART-28241,2025-08-20,489.80,204.39,21.69,Electronics,2,Pending,Web,International,P-352,SKU-1328,244.90,3.91,39.18,Returning,Credit Card
ORD-26242,CUST-10497,SESS-31242,CART-28242,2024-03-02,80.24,37.50,45.06,Electronics,1,Pending,Web,East,P-57,SKU-888,80.24,17.13,6.42,New,Credit Card
ORD-26243,CUST-10498,SESS-31243,CART-28243,2024-03-25,325.13,169.24,11.66,Fashion,4,Shipped,Mobile App,East,P-12,SKU-2391,81.28,6.12,26.01,VIP,Credit Card
ORD-26244,CUST-10498,SESS-31244,CART-28244,2026-02-25,21.61,12.08,40.26,  sports  ,1,Returned,Web,East,P-767,SKU-1130,21.61,19.35,1.73,VIP,Credit Card
ORD-26245,CUST-10499,SESS-31245,CART-28245,2024-03-20,38.91,19.75,8.04,Sports,2,Shipped,Mobile App,West,P-730,SKU-4742,19.46,4.41,3.11,Returning,Debit Card
ORD-26246,CUST-10499,SESS-31246,CART-28246,2026-01-16,269.64,160.33,9.77,Beauty,3,Cancelled,Social Media,West,P-219,SKU-4553,89.88,9.16,21.57,VIP,Crypto
ORD-26247,CUST-10499,SESS-31247,CART-28247,2023-06-13,  411.92  ,184.36,6.61,Sports,3,Cancelled,Affiliate,East,P-815,SKU-3546,137.31,10.54,32.95,New,Credit Card
ORD-26248,CUST-10500,SESS-31248,CART-28248,2024-11-23,121.69,64.55,3.25,Home,4,Completed,Affiliate,South,P-332,SKU-1750,30.42,16.01,9.74,New,Crypto
ORD-26249,CUST-10500,SESS-31249,CART-28249,2024-09-15,  271.22  ,125.34,18.87,Fashion,3,Returned,Social Media,West,P-230,SKU-15,90.41,14.43,21.70,VIP,Credit Card
ORD-26250,CUST-10501,SESS-31250,CART-28250,2024-10-15,245.28,142.48,48.58,Beauty,3,Pending,Affiliate,West,P-428,SKU-3710,81.76,16.84,19.62,VIP,PayPal
ORD-26251,CUST-10501,SESS-31251,CART-28251,2024-08-25,95.07,45.78,10.35,Electronics,5,Returned,Affiliate,East,P-736,SKU-978,19.01,12.66,7.61,New,Credit Card
ORD-26252,CUST-10501,SESS-31252,CART-28252,2023-08-19,215.16,106.34,6.00,Electronics,5,Pending,Web,International,P-996,SKU-4966,43.03,18.00,17.21,VIP,Crypto
ORD-26253,CUST-10502,SESS-31253,CART-28253,2025-06-19,508.41,225.75,0.32,Fashion,1,Returned,Mobile App,East,P-486,SKU-2851,508.41,14.67,40.67,VIP,PayPal
ORD-26254,CUST-10502,SESS-31254,CART-28254,2023-03-27,244.08,82.14,40.84,Electronics,5,Pending,Web,International,P-418,SKU-1488,48.82,14.59,19.53,VIP,Debit Card
ORD-26255,CUST-10503,SESS-31255,CART-28255,2025-03-04,189.14,96.52,14.01,Fashion,3,Pending,Affiliate,International,P-41,SKU-542,63.05,16.52,15.13,VIP,PayPal
ORD-26256,CUST-10503,SESS-31256,CART-28256,2026-01-10,160.93,67.81,12.23,NULL,4,Pending,Social Media,International,P-108,SKU-3826,40.23,11.59,12.87,VIP,Debit Card
ORD-26257,CUST-10503,SESS-31257,CART-28257,2024-12-29,317.96,118.09,9.61,Electronics,2,Returned,Affiliate,South,P-332,SKU-1984,158.98,9.85,25.44,VIP,PayPal
ORD-26258,CUST-10504,SESS-31258,CART-28258,3/18/2024,47.71,18.24,35.95,Fashion,5,Shipped,Social Media,East,P-789,SKU-4517,9.54,2.16,3.82,VIP,PayPal
ORD-26259,CUST-10504,SESS-31259,CART-28259,2025-02-16,486.95,290.49,48.93,Electronics,3,Cancelled,Social Media,South,P-858,SKU-4941,162.32,10.12,38.96,Returning,Credit Card
ORD-26260,CUST-10505,SESS-31260,CART-28260,2023-03-25,186.99,73.45,22.74,Sports,5,Completed,Mobile App,West,P-301,SKU-2262,37.40,3.22,14.96,New,PayPal
ORD-26261,CUST-10505,SESS-31261,CART-28261,1773198248818,,100.32,45.15,NULL,5,Returned,Mobile App,International,P-749,SKU-1639,36.92,10.33,14.77,VIP,Crypto
ORD-26262,CUST-10505,SESS-31262,CART-28262,2024-08-11,500.97,247.14,13.59,Beauty,4,Cancelled,Affiliate,South,P-148,SKU-3323,125.24,4.94,40.08,New,Credit Card
ORD-26263,CUST-10506,SESS-31263,CART-28263,2023-07-15,309.74,170.07,10.37,Fashion,3,Shipped,Web,International,P-542,SKU-4956,103.25,16.19,24.78,New,Debit Card
ORD-26264,CUST-10506,SESS-31264,CART-28264,1693749934006,401.95,214.94,21.67,Sports,1,Returned,Social Media,International,P-448,SKU-1825,401.95,17.79,32.16,Returning,PayPal
ORD-26265,CUST-10507,SESS-31265,CART-28265,2026-03-10,54.57,28.01,39.22,Beauty,2,Completed,Affiliate,West,P-886,SKU-3223,27.28,12.12,4.37,VIP,Crypto
ORD-26266,CUST-10507,SESS-31266,CART-28266,2024-11-16,69.57,28.83,41.47,Sports,3,Returned,Social Media,East,P-879,SKU-3733,23.19,7.30,5.57,VIP,PayPal
ORD-26267,CUST-10507,SESS-31267,CART-28267,1675265037015,223.73,106.37,12.26,Beauty,1,Returned,Affiliate,South,P-651,SKU-2922,223.73,17.87,17.90,New,Credit Card
ORD-26268,CUST-10508,SESS-31268,CART-28268,2023-01-13,152.08,76.52,47.83,Beauty,4,Returned,Mobile App,International,P-938,SKU-3121,38.02,16.46,12.17,VIP,PayPal
ORD-26269,CUST-10508,SESS-31269,CART-28269,2025-11-25,318.86,162.41,28.50,Home,5,Cancelled,Mobile App,International,P-499,SKU-3056,63.77,9.43,25.51,New,Credit Card
ORD-26270,CUST-10509,SESS-31270,CART-28270,2023-07-29,332.45,190.37,39.61,Home,5,Returned,Web,West,P-374,SKU-409,66.49,17.18,26.60,VIP,PayPal
ORD-26271,CUST-10509,SESS-31271,CART-28271,2023-07-29,52.17,29.27,13.73,Beauty,4,Returned,Mobile App,North,P-888,SKU-272,13.04,18.25,4.17,New,Debit Card
ORD-26272,CUST-10509,SESS-31272,CART-28272,2024-12-01,217.13,128.47,15.53,Home,2,Returned,Web,West,P-48,SKU-4945,108.56,2.45,17.37,VIP,PayPal
ORD-26273,CUST-10510,SESS-31273,CART-28273,2023-03-28,244.12,83.28,10.85,Home,2,Returned,Affiliate,West,P-71,SKU-3057,122.06,1.95,19.53,Returning,Debit Card
ORD-26274,CUST-10510,SESS-31274,CART-28274,2023-04-08,49.64,25.09,38.55,Home,4,Shipped,Affiliate,West,P-731,SKU-4093,12.41,5.52,3.97,Returning,Debit Card
ORD-26275,CUST-10511,SESS-31275,CART-28275,2023-08-06,237.61,100.48,40.97,Home,4,Completed,Social Media,International,P-646,SKU-2401,59.40,7.43,19.01,Returning,Crypto
ORD-26276,CUST-10511,SESS-31276,CART-28276,2024-05-19,188.21,70.79,9.38,Home,2,Completed,Affiliate,North,P-945,SKU-3716,94.11,13.33,15.06,Returning,Crypto
ORD-26277,CUST-10511,SESS-31277,CART-28277,2024-01-04,228.06,79.02,20.44,Sports,2,Returned,Affiliate,North,P-106,SKU-1381,114.03,5.33,18.24,Returning,Credit Card
ORD-26278,CUST-10512,SESS-31278,CART-28278,2026-02-16,393.77,118.54,16.21,Fashion,4,Pending,Mobile App,South,P-21,SKU-1060,98.44,14.74,31.50,New,Credit Card
ORD-26279,CUST-10512,SESS-31279,CART-28279,2025-11-01,327.78,189.53,12.18,Fashion,1,Completed,Affiliate,North,P-972,SKU-729,327.78,12.82,26.22,Returning,Credit Card
ORD-26280,CUST-10513,SESS-31280,CART-28280,2023-06-09,428.43,158.85,14.54,Home,2,Completed,Affiliate,East,P-876,SKU-1320,214.22,14.66,34.27,VIP,PayPal
ORD-26281,CUST-10513,SESS-31281,CART-28281,2023-07-14,125.46,67.51,8.24,Electronics,5,Pending,Mobile App,West,P-786,SKU-4793,25.09,12.32,10.04,New,Debit Card
ORD-26282,CUST-10513,SESS-31282,CART-28282,2025-03-20,505.94,297.75,28.85,Home,4,Shipped,Social Media,East,P-97,SKU-3906,126.49,10.19,40.48,New,PayPal
ORD-26283,CUST-10514,SESS-31283,CART-28283,2025-03-25,325.90,158.35,32.17,Beauty,5,Cancelled,Mobile App,International,P-597,SKU-1098,65.18,5.65,26.07,VIP,PayPal
ORD-26284,CUST-10514,SESS-31284,CART-28284,2026-01-21,14.59,8.55,23.93,Beauty,1,Pending,Web,South,P-443,SKU-2685,14.59,4.56,1.17,New,Credit Card
ORD-26285,CUST-10515,SESS-31285,CART-28285,2024-03-09,,164.20,36.10,Electronics,1,Completed,Web,International,P-873,SKU-1260,418.08,10.15,33.45,New,Crypto
ORD-26286,CUST-10515,SESS-31286,CART-28286,2023-05-04,456.08,250.19,24.18,Beauty,4,Pending,Social Media,International,P-212,SKU-668,114.02,11.46,36.49,New,Debit Card
ORD-26287,CUST-10515,SESS-31287,CART-28287,2024-07-28,145.04,52.17,32.80,Home,1,Shipped,Mobile App,West,P-830,SKU-991,145.04,19.08,11.60,New,Debit Card
ORD-26288,CUST-10516,SESS-31288,CART-28288,2024-10-03,220.37,77.60,42.07,Beauty,2,Pending,Affiliate,West,P-158,SKU-2569,110.19,5.41,17.63,New,PayPal
ORD-26289,CUST-10516,SESS-31289,CART-28289,2025-08-24,403.52,141.66,18.06,Fashion,1,Returned,Mobile App,North,P-310,SKU-2926,403.52,16.48,32.28,VIP,Debit Card
ORD-26290,CUST-10517,SESS-31290,CART-28290,2025-12-05,350.80,198.45,31.67,Beauty,4,Pending,Affiliate,North,P-839,SKU-1718,87.70,11.35,28.06,Returning,Debit Card
ORD-26291,CUST-10517,SESS-31291,CART-28291,2024-06-07,106.79,45.25,29.87,Sports,4,Shipped,Web,International,P-324,SKU-2663,26.70,3.76,8.54,Returning,Debit Card
ORD-26292,CUST-10517,SESS-31292,CART-28292,1679326292499,411.58,202.19,35.01,Fashion,4,Returned,Social Media,South,P-726,SKU-2009,102.89,4.84,32.93,New,Crypto
ORD-26293,CUST-10518,SESS-31293,CART-28293,2023-04-08,468.81,259.89,49.16,Fashion,4,Returned,Web,South,P-634,SKU-284,117.20,7.67,37.50,New,Crypto
ORD-26294,CUST-10518,SESS-31294,CART-28294,2023-10-22,356.18,211.99,17.65,Beauty,4,Cancelled,Mobile App,South,P-619,SKU-4502,89.05,6.95,28.49,New,Credit Card
ORD-26295,CUST-10519,SESS-31295,CART-28295,2023-04-02,175.44,83.21,34.44,Electronics,5,Shipped,Mobile App,South,P-819,SKU-2421,35.09,16.23,14.03,New,Debit Card
ORD-26296,CUST-10519,SESS-31296,CART-28296,2024-01-06,43.14,23.23,26.47,Fashion,,Cancelled,Web,North,P-268,SKU-1409,43.14,10.02,3.45,Returning,PayPal
ORD-26297,CUST-10519,SESS-31297,CART-28297,2024-04-07,471.28,158.19,43.20,Home,3,Returned,Social Media,South,P-187,SKU-2235,157.09,2.44,37.70,Returning,PayPal
ORD-26298,CUST-10520,SESS-31298,CART-28298,2023-06-28,362.40,210.75,28.45,Electronics,2,Pending,Web,International,P-747,SKU-2768,181.20,2.53,28.99,VIP,Credit Card
ORD-26299,CUST-10520,SESS-31299,CART-28299,11/2/2025,429.62,206.00,5.36,Home,2,Returned,Social Media,North,P-295,SKU-3839,214.81,5.38,34.37,New,Crypto
ORD-26300,CUST-10521,SESS-31300,CART-28300,2023-11-04,396.94,202.22,39.72,Electronics,5,Returned,Mobile App,West,P-284,SKU-93,79.39,0.69,31.75,Returning,Credit Card
ORD-26301,CUST-10521,SESS-31301,CART-28301,2024-10-30,289.83,147.37,8.27,Electronics,1,Cancelled,Affiliate,South,P-693,SKU-1354,289.83,15.56,23.19,Returning,Debit Card
ORD-26302,CUST-10521,SESS-31302,CART-28302,1695836285629,  485.55  ,247.05,13.22,Fashion,4,Cancelled,Affiliate,East,P-661,SKU-3209,121.39,3.85,38.84,Returning,Crypto
ORD-26303,CUST-10522,SESS-31303,CART-28303,2024-09-02,507.81,175.53,46.50,Electronics,4,Completed,Web,North,P-694,SKU-982,126.95,12.47,40.62,VIP,Credit Card
ORD-26304,CUST-10522,SESS-31304,CART-28304,2025-06-05,78.52,31.30,41.00,Sports,2,Completed,Web,International,P-325,SKU-896,39.26,12.74,6.28,Returning,Credit Card
ORD-26305,CUST-10523,SESS-31305,CART-28305,2026-01-11,466.42,188.14,41.53,Home,5,Pending,Affiliate,International,P-89,SKU-4274,93.28,19.20,37.31,VIP,PayPal
ORD-26306,CUST-10523,SESS-31306,CART-28306,2023-11-15,75.78,34.05,10.43,Home,5,Pending,Social Media,East,P-630,SKU-739,15.16,14.92,6.06,Returning,PayPal
ORD-26307,CUST-10523,SESS-31307,CART-28307,2025-10-02,214.08,85.44,35.11,Beauty,2,Completed,Mobile App,International,P-97,SKU-3881,107.04,9.41,17.13,Returning,Debit Card
ORD-26308,CUST-10524,SESS-31308,CART-28308,2024-03-17,26.28,9.04,8.28,Home,2,Shipped,Web,West,P-521,SKU-2722,13.14,10.18,2.10,VIP,Debit Card
ORD-26309,CUST-10524,SESS-31309,CART-28309,2023-09-13,258.30,154.02,34.81,Fashion,1,Cancelled,Social Media,West,P-851,SKU-3823,258.30,6.85,20.66,Returning,Crypto
ORD-26310,CUST-10525,SESS-31310,CART-28310,2023-01-14,  439.60  ,181.51,18.54,Home,4,Returned,Social Media,West,P-294,SKU-1878,109.90,13.33,35.17,Returning,PayPal
ORD-26311,CUST-10525,SESS-31311,CART-28311,2024-10-20,377.42,188.15,3.79,Home,5,Pending,Web,East,P-445,SKU-2689,75.48,12.95,30.19,New,Crypto
ORD-26312,CUST-10525,SESS-31312,CART-28312,12/22/2023,423.58,160.08,46.61,Beauty,3,Pending,Web,North,P-768,SKU-4378,141.19,15.68,33.89,New,Credit Card
ORD-26313,CUST-10526,SESS-31313,CART-28313,2024-01-25,85.12,38.56,4.63,Fashion,2,Completed,Affiliate,East,P-878,SKU-3209,42.56,11.28,6.81,New,Credit Card
ORD-26314,CUST-10526,SESS-31314,CART-28314,2023-06-23,490.55,292.60,48.91,Electronics,3,Returned,Web,North,P-682,SKU-4036,163.52,10.86,39.24,New,PayPal
ORD-26315,CUST-10527,SESS-31315,CART-28315,2023-10-30,359.03,147.01,43.07,Home,1,Shipped,Social Media,East,P-618,SKU-752,359.03,15.13,28.72,New,Debit Card
ORD-26316,CUST-10527,SESS-31316,CART-28316,2023-05-27,41.27,23.34,9.09,Fashion,4,Returned,Affiliate,International,P-875,SKU-3230,10.32,10.34,3.30,Returning,Crypto
ORD-26317,CUST-10527,SESS-31317,CART-28317,2023-12-03,261.04,130.88,45.73,Sports,4,Shipped,Web,North,P-828,SKU-4608,65.26,5.83,20.88,Returning,Debit Card
ORD-26318,CUST-10528,SESS-31318,CART-28318,2025-02-09,477.41,153.12,39.77,Home,1,Shipped,Affiliate,North,P-422,SKU-1540,477.41,8.96,38.19,VIP,Debit Card
ORD-26319,CUST-10528,SESS-31319,CART-28319,2/20/2026,319.73,120.52,47.94,Fashion,3,Cancelled,Social Media,North,P-529,SKU-3187,106.58,1.40,25.58,Returning,Crypto
ORD-26320,CUST-10529,SESS-31320,CART-28320,2025-02-26,423.16,223.44,35.13,Fashion,NULL,Pending,Mobile App,East,P-345,SKU-4675,423.16,4.89,33.85,Returning,Debit Card
ORD-26321,CUST-10529,SESS-31321,CART-28321,2023-02-25,507.80,210.97,5.73,Beauty,5,Pending,Web,West,P-609,SKU-4896,101.56,18.97,40.62,Returning,Crypto
ORD-26322,CUST-10529,SESS-31322,CART-28322,2025-06-21,242.20,124.64,18.61,Beauty,3,Cancelled,Social Media,East,P-755,SKU-594,80.73,19.65,19.38,New,Credit Card
ORD-26323,CUST-10530,SESS-31323,CART-28323,2023-02-06,73.21,32.75,7.59,Fashion,4,Shipped,Web,West,P-851,SKU-3172,18.30,0.75,5.86,VIP,PayPal
ORD-26324,CUST-10530,SESS-31324,CART-28324,2024-06-11,94.89,35.19,3.79,Home,3,Cancelled,Social Media,South,P-689,SKU-949,31.63,10.74,7.59,Returning,PayPal
ORD-26325,CUST-10531,SESS-31325,CART-28325,2023-05-01,91.91,48.00,13.72,Home,2,Returned,Affiliate,South,P-867,SKU-3602,45.95,11.63,7.35,New,Credit Card
ORD-26326,CUST-10531,SESS-31326,CART-28326,1751673779655,445.59,230.82,0.48,Fashion,2,Shipped,Mobile App,South,P-841,SKU-3162,222.80,8.92,35.65,New,Debit Card
ORD-26327,CUST-10531,SESS-31327,CART-28327,2024-05-29,403.63,187.95,34.77,Sports,2,Completed,Affiliate,North,P-52,SKU-1989,201.81,12.91,32.29,VIP,PayPal
ORD-26328,CUST-10532,SESS-31328,CART-28328,2025-03-17,247.82,108.64,2.41,Electronics,3,Completed,Mobile App,East,P-993,SKU-3674,82.61,10.25,19.83,Returning,Crypto
ORD-26329,CUST-10532,SESS-31329,CART-28329,2024-07-28,73.18,27.44,22.82,Fashion,3,Pending,Mobile App,International,P-507,SKU-462,24.39,10.27,5.85,VIP,Credit Card
ORD-26330,CUST-10533,SESS-31330,CART-28330,2024-12-10,,117.14,45.76,Sports,4,Cancelled,Affiliate,South,P-292,SKU-4088,50.22,17.83,16.07,New,Debit Card
ORD-26331,CUST-10533,SESS-31331,CART-28331,2025-07-17,301.43,129.89,16.98,Fashion,2,Completed,Affiliate,South,P-776,SKU-1501,150.72,6.27,24.11,VIP,PayPal
ORD-26332,CUST-10533,SESS-31332,CART-28332,2025-02-17,405.58,139.77,48.08,Home,1,Shipped,Mobile App,North,P-721,SKU-4137,405.58,16.23,32.45,VIP,Credit Card
ORD-26333,CUST-10534,SESS-31333,CART-28333,2024-12-15,134.01,78.53,28.47,NULL,1,Cancelled,Affiliate,East,P-693,SKU-2365,134.01,6.69,10.72,New,Debit Card
ORD-26334,CUST-10534,SESS-31334,CART-28334,1757979882740,20.14,6.86,5.12,Beauty,1,Shipped,Social Media,East,P-733,SKU-3857,20.14,1.86,1.61,New,Crypto
ORD-26335,CUST-10535,SESS-31335,CART-28335,2023-03-15,454.70,161.36,22.41,Home,2,Cancelled,Social Media,East,P-681,SKU-4863,227.35,6.89,36.38,VIP,PayPal
ORD-26336,CUST-10535,SESS-31336,CART-28336,2024-09-13,354.25,171.73,48.98,Sports,1,Shipped,Affiliate,International,P-881,SKU-3039,354.25,1.25,28.34,New,PayPal
ORD-26337,CUST-10535,SESS-31337,CART-28337,1704741665126,300.78,138.20,0.83,Fashion,2,Pending,Mobile App,West,P-690,SKU-688,150.39,8.35,24.06,VIP,Debit Card
ORD-26338,CUST-10536,SESS-31338,CART-28338,2023-09-26,478.98,227.19,38.18,Beauty,2,Completed,Mobile App,International,P-421,SKU-3950,239.49,1.38,38.32,VIP,Crypto
ORD-26339,CUST-10536,SESS-31339,CART-28339,2026-01-05,129.46,67.96,8.48,Fashion,3,Cancelled,Affiliate,East,P-132,SKU-635,43.15,11.40,10.36,VIP,Debit Card
ORD-26340,CUST-10537,SESS-31340,CART-28340,2024-11-28,122.86,39.91,22.42,Sports,3,Pending,Social Media,West,P-872,SKU-4761,40.95,19.86,9.83,VIP,Credit Card
ORD-26341,CUST-10537,SESS-31341,CART-28341,2025-08-08,321.80,186.20,16.54,Beauty,4,Returned,Mobile App,West,P-239,SKU-3345,80.45,13.45,25.74,New,Crypto
ORD-26342,CUST-10537,SESS-31342,CART-28342,2026-01-27,378.80,169.42,9.67,Sports,5,Shipped,Social Media,International,P-708,SKU-684,75.76,1.94,30.30,VIP,PayPal
ORD-26343,CUST-10538,SESS-31343,CART-28343,2024-07-21,163.45,74.23,44.44,Beauty,1,Shipped,Social Media,West,P-835,SKU-4642,163.45,14.01,13.08,New,Credit Card
ORD-26344,CUST-10538,SESS-31344,CART-28344,2024-05-03,475.15,180.44,39.98,Beauty,3,Completed,Affiliate,North,P-710,SKU-2229,158.38,10.52,38.01,New,PayPal
ORD-26345,CUST-10539,SESS-31345,CART-28345,2025-01-22,30.94,15.27,40.96,Electronics,4,Cancelled,Social Media,International,P-761,SKU-3961,7.73,13.49,2.47,Returning,PayPal
ORD-26346,CUST-10539,SESS-31346,CART-28346,2024-05-09,161.67,59.20,9.17,Beauty,4,Completed,Web,South,P-237,SKU-3290,40.42,9.58,12.93,VIP,Credit Card
ORD-26347,CUST-10539,SESS-31347,CART-28347,2024-07-30,247.31,130.03,22.24,Fashion,2,Completed,Affiliate,East,P-306,SKU-3130,123.66,2.18,19.78,New,PayPal
ORD-26348,CUST-10540,SESS-31348,CART-28348,2025-10-30,264.41,108.64,36.93,Electronics,1,Shipped,Mobile App,North,P-985,SKU-4250,264.41,14.09,21.15,New,Debit Card
ORD-26349,CUST-10540,SESS-31349,CART-28349,2025-12-21,322.75,167.25,6.29,Beauty,3,Pending,Mobile App,International,P-740,SKU-608,107.58,9.80,25.82,VIP,Debit Card
ORD-26350,CUST-10541,SESS-31350,CART-28350,1/10/2026,195.04,66.90,35.84,Home,5,Returned,Web,West,P-538,SKU-4962,39.01,19.46,15.60,Returning,Debit Card
ORD-26351,CUST-10541,SESS-31351,CART-28351,2023-11-11,309.75,128.56,39.44,Beauty,2,Pending,Social Media,International,P-777,SKU-481,154.87,9.08,24.78,VIP,Debit Card
ORD-26352,CUST-10541,SESS-31352,CART-28352,2023-01-25,258.44,88.02,2.79,Fashion,2,Returned,Web,South,P-793,SKU-4229,129.22,3.86,20.68,New,Credit Card
ORD-26353,CUST-10542,SESS-31353,CART-28353,2024-11-07,509.60,249.55,14.64,Electronics,3,Completed,Mobile App,South,P-293,SKU-582,169.87,7.03,40.77,VIP,Credit Card
ORD-26354,CUST-10542,SESS-31354,CART-28354,2024-09-29,153.44,62.40,8.42,Sports,5,Shipped,Web,North,P-138,SKU-441,30.69,8.58,12.28,New,Crypto
ORD-26355,CUST-10543,SESS-31355,CART-28355,2026-02-11,173.18,102.06,31.63,Sports,2,Completed,Affiliate,East,P-736,SKU-4012,86.59,2.07,13.85,Returning,Crypto
ORD-26356,CUST-10543,SESS-31356,CART-28356,2023-12-09,36.81,20.02,42.85,Beauty,3,Shipped,Web,North,P-841,SKU-2675,12.27,1.15,2.94,Returning,PayPal
ORD-26357,CUST-10543,SESS-31357,CART-28357,2025-10-05,96.93,51.67,49.74,Home,2,Shipped,Web,International,P-457,SKU-2808,48.46,19.29,7.75,Returning,PayPal
ORD-26358,CUST-10544,SESS-31358,CART-28358,2025-12-20,172.50,73.78,15.89,Fashion,4,Cancelled,Web,South,P-462,SKU-709,43.12,11.12,13.80,Returning,Credit Card
ORD-26359,CUST-10544,SESS-31359,CART-28359,2024-08-21,372.64,191.86,49.17,Sports,5,Completed,Affiliate,North,P-314,SKU-181,74.53,0.99,29.81,VIP,Crypto
ORD-26360,CUST-10545,SESS-31360,CART-28360,2025-06-17,429.66,232.44,13.75,  home  ,5,Completed,Web,West,P-310,SKU-941,85.93,18.65,34.37,Returning,Credit Card
ORD-26361,CUST-10545,SESS-31361,CART-28361,2024-04-17,116.74,38.22,33.68,Beauty,2,Pending,Web,West,P-900,SKU-2789,58.37,0.21,9.34,VIP,Credit Card
ORD-26362,CUST-10545,SESS-31362,CART-28362,2023-03-30,27.98,9.96,23.81,Fashion,3,Cancelled,Social Media,South,P-831,SKU-2556,9.33,7.87,2.24,New,Debit Card
ORD-26363,CUST-10546,SESS-31363,CART-28363,2025-09-08,30.68,12.23,43.99,Home,4,Shipped,Mobile App,North,P-720,SKU-1628,7.67,8.43,2.45,New,Crypto
ORD-26364,CUST-10546,SESS-31364,CART-28364,2025-09-30,508.71,285.06,49.05,Fashion,2,Cancelled,Web,International,P-124,SKU-858,254.36,1.11,40.70,New,Crypto
ORD-26365,CUST-10547,SESS-31365,CART-28365,12/13/2023,362.33,168.34,24.59,Fashion,2,Pending,Affiliate,East,P-471,SKU-2384,181.16,1.01,28.99,VIP,Debit Card
ORD-26366,CUST-10547,SESS-31366,CART-28366,2024-02-06,399.15,232.43,3.30,Electronics,5,Cancelled,Web,East,P-726,SKU-2119,79.83,12.46,31.93,VIP,Credit Card
ORD-26367,CUST-10547,SESS-31367,CART-28367,2023-06-04,420.76,131.06,30.79,Sports,3,Pending,Social Media,West,P-135,SKU-958,140.25,12.58,33.66,VIP,Credit Card
ORD-26368,CUST-10548,SESS-31368,CART-28368,2024-02-02,414.50,127.85,44.87,Fashion,2,Completed,Social Media,International,P-330,SKU-1528,207.25,4.13,33.16,New,Credit Card
ORD-26369,CUST-10548,SESS-31369,CART-28369,2026-02-22,347.69,144.06,27.64,Fashion,3,Completed,Social Media,West,P-820,SKU-2213,115.90,14.11,27.82,New,Crypto
ORD-26370,CUST-10549,SESS-31370,CART-28370,2024-05-27,385.50,145.54,21.17,Beauty,5,Cancelled,Social Media,South,P-329,SKU-3078,77.10,11.60,30.84,VIP,Debit Card
ORD-26371,CUST-10549,SESS-31371,CART-28371,2023-02-21,495.34,164.27,31.87,Home,2,Completed,Affiliate,South,P-456,SKU-189,247.67,12.36,39.63,VIP,Credit Card
ORD-26372,CUST-10549,SESS-31372,CART-28372,2024-01-01,93.56,43.17,24.26,Beauty,2,Cancelled,Social Media,West,P-522,SKU-211,46.78,12.65,7.48,Returning,Debit Card
ORD-26373,CUST-10550,SESS-31373,CART-28373,2025-12-12,190.27,81.99,23.09,NULL,3,Pending,Social Media,South,P-209,SKU-4582,63.42,17.58,15.22,New,PayPal
ORD-26374,CUST-10550,SESS-31374,CART-28374,2023-02-13,202.64,91.71,48.11,Sports,4,Cancelled,Affiliate,South,P-78,SKU-37,50.66,12.37,16.21,Returning,Credit Card
ORD-26375,CUST-10551,SESS-31375,CART-28375,2023-09-23,154.33,69.13,46.82,Fashion,1,Returned,Mobile App,International,P-701,SKU-904,154.33,7.78,12.35,New,PayPal
ORD-26376,CUST-10551,SESS-31376,CART-28376,2023-02-15,141.86,48.22,17.45,Electronics,3,Cancelled,Mobile App,West,P-497,SKU-4463,47.29,13.94,11.35,Returning,Crypto
ORD-26377,CUST-10551,SESS-31377,CART-28377,2023-08-01,121.38,54.95,1.16,Beauty,5,Cancelled,Web,South,P-905,SKU-4668,24.28,4.40,9.71,New,Debit Card
ORD-26378,CUST-10552,SESS-31378,CART-28378,2026-01-28,398.49,181.86,8.98,Home,5,Returned,Affiliate,International,P-210,SKU-64,79.70,17.82,31.88,New,Debit Card
ORD-26379,CUST-10552,SESS-31379,CART-28379,2023-06-16,241.60,125.13,41.44,Home,1,Pending,Affiliate,North,P-211,SKU-3993,241.60,11.25,19.33,VIP,Credit Card
ORD-26380,CUST-10553,SESS-31380,CART-28380,2024-05-21,371.52,212.96,45.48,Home,5,Completed,Web,North,P-423,SKU-1019,74.30,10.05,29.72,New,Crypto
ORD-26381,CUST-10553,SESS-31381,CART-28381,2024-08-16,187.37,58.75,30.73,Beauty,4,Returned,Social Media,North,P-982,SKU-541,46.84,7.91,14.99,VIP,PayPal
ORD-26382,CUST-10553,SESS-31382,CART-28382,2023-08-11,288.85,146.20,2.49,Sports,2,Cancelled,Web,South,P-733,SKU-1723,144.43,9.31,23.11,VIP,Crypto
ORD-26383,CUST-10554,SESS-31383,CART-28383,2024-06-24,429.08,237.54,10.11,Beauty,4,Completed,Web,East,P-363,SKU-3932,107.27,13.11,34.33,New,Credit Card
ORD-26384,CUST-10554,SESS-31384,CART-28384,2024-11-12,340.73,196.86,40.90,Home,5,Cancelled,Mobile App,East,P-961,SKU-45,68.15,1.13,27.26,New,Credit Card
ORD-26385,CUST-10555,SESS-31385,CART-28385,2024-05-07,332.73,116.47,42.73,Home,5,Pending,Mobile App,East,P-186,SKU-2359,66.55,8.80,26.62,Returning,Credit Card
ORD-26386,CUST-10555,SESS-31386,CART-28386,2024-05-07,175.94,72.58,27.28,Electronics,1,Returned,Affiliate,West,P-692,SKU-4160,175.94,4.84,14.08,VIP,PayPal
ORD-26387,CUST-10555,SESS-31387,CART-28387,2025-07-26,334.67,176.48,18.81,Home,1,Shipped,Affiliate,East,P-419,SKU-359,334.67,7.86,26.77,New,Credit Card
ORD-26388,CUST-10556,SESS-31388,CART-28388,2026-01-25,465.82,232.49,2.19,Fashion,3,Returned,Web,East,P-623,SKU-417,155.27,0.99,37.27,Returning,Debit Card
ORD-26389,CUST-10556,SESS-31389,CART-28389,2025-07-31,246.79,104.05,3.71,Electronics,1,Returned,Web,North,P-242,SKU-4219,246.79,4.41,19.74,VIP,Crypto
ORD-26390,CUST-10557,SESS-31390,CART-28390,2024-10-27,  210.29  ,67.62,0.45,Home,4,Returned,Web,International,P-450,SKU-1184,52.57,12.93,16.82,New,Debit Card
ORD-26391,CUST-10557,SESS-31391,CART-28391,2025-08-20,417.33,130.20,44.59,Sports,2,Cancelled,Mobile App,North,P-183,SKU-68,208.67,1.49,33.39,VIP,PayPal
ORD-26392,CUST-10557,SESS-31392,CART-28392,2023-03-15,389.12,203.97,19.05,Fashion,1,Returned,Mobile App,East,P-344,SKU-1531,389.12,3.89,31.13,VIP,Crypto
ORD-26393,CUST-10558,SESS-31393,CART-28393,2025-07-20,215.28,88.75,41.36,Electronics,4,Cancelled,Mobile App,North,P-153,SKU-1826,53.82,9.38,17.22,Returning,Debit Card
ORD-26394,CUST-10558,SESS-31394,CART-28394,2024-03-12,408.73,223.89,16.60,Home,1,Pending,Web,North,P-873,SKU-2867,408.73,0.76,32.70,VIP,PayPal
ORD-26395,CUST-10559,SESS-31395,CART-28395,2023-04-14,496.62,285.00,2.28,Home,4,Pending,Mobile App,East,P-54,SKU-2057,124.15,14.33,39.73,VIP,Crypto
ORD-26396,CUST-10559,SESS-31396,CART-28396,2023-11-30,449.35,250.46,6.39,Beauty,5,Shipped,Affiliate,East,P-796,SKU-3597,89.87,2.47,35.95,VIP,Crypto
ORD-26397,CUST-10559,SESS-31397,CART-28397,2025-11-10,307.34,178.57,40.28,Sports,2,Returned,Mobile App,International,P-827,SKU-3023,153.67,9.42,24.59,New,Debit Card
ORD-26398,CUST-10560,SESS-31398,CART-28398,2025-04-17,382.13,155.75,26.18,Home,4,Completed,Affiliate,International,P-385,SKU-2935,95.53,14.74,30.57,Returning,Credit Card
ORD-26399,CUST-10560,SESS-31399,CART-28399,2024-06-01,220.62,91.99,44.21,Beauty,1,Shipped,Affiliate,South,P-174,SKU-753,220.62,13.67,17.65,New,Crypto
ORD-26400,CUST-10561,SESS-31400,CART-28400,2024-08-20,58.92,18.69,5.55,  beauty  ,2,Completed,Social Media,North,P-737,SKU-2496,29.46,16.56,4.71,New,Crypto
ORD-26401,CUST-10561,SESS-31401,CART-28401,2023-12-11,421.59,194.10,27.02,Sports,3,Completed,Social Media,North,P-671,SKU-3240,140.53,16.76,33.73,VIP,PayPal
ORD-26402,CUST-10561,SESS-31402,CART-28402,2023-07-21,,188.96,27.16,Sports,1,Completed,Mobile App,East,P-301,SKU-540,440.86,16.23,35.27,VIP,Debit Card
ORD-26403,CUST-10562,SESS-31403,CART-28403,2023-06-30,138.46,53.04,7.19,Fashion,3,Returned,Web,West,P-936,SKU-3741,46.15,17.66,11.08,Returning,Credit Card
ORD-26404,CUST-10562,SESS-31404,CART-28404,2023-05-23,448.42,200.17,28.06,Home,4,Completed,Mobile App,North,P-256,SKU-2344,112.11,18.16,35.87,Returning,Crypto
ORD-26405,CUST-10563,SESS-31405,CART-28405,2024-10-21,308.33,142.68,6.66,Fashion,3,Pending,Web,International,P-959,SKU-507,102.78,3.63,24.67,VIP,Crypto
ORD-26406,CUST-10563,SESS-31406,CART-28406,2023-08-03,101.78,42.69,12.31,Electronics,4,Shipped,Web,International,P-666,SKU-3480,25.45,14.14,8.14,VIP,Debit Card
ORD-26407,CUST-10563,SESS-31407,CART-28407,2025-09-29,404.16,171.99,1.26,Fashion,4,Pending,Web,International,P-86,SKU-2859,101.04,16.12,32.33,Returning,Crypto
ORD-26408,CUST-10564,SESS-31408,CART-28408,2025-05-29,251.59,142.75,38.90,Sports,3,Pending,Social Media,International,P-459,SKU-1585,83.86,19.71,20.13,Returning,Debit Card
ORD-26409,CUST-10564,SESS-31409,CART-28409,2025-01-16,319.62,136.69,40.45,Fashion,4,Completed,Mobile App,East,P-217,SKU-945,79.90,7.42,25.57,Returning,Credit Card
ORD-26410,CUST-10565,SESS-31410,CART-28410,2024-09-11,15.21,7.30,28.01,Fashion,2,Returned,Social Media,South,P-715,SKU-1432,7.60,13.37,1.22,VIP,Debit Card
ORD-26411,CUST-10565,SESS-31411,CART-28411,4/15/2024,180.70,62.76,47.64,Electronics,2,Pending,Mobile App,West,P-386,SKU-166,90.35,9.85,14.46,VIP,Credit Card
ORD-26412,CUST-10565,SESS-31412,CART-28412,2025-01-10,114.01,54.70,30.21,Electronics,1,Completed,Social Media,East,P-257,SKU-3730,114.01,3.10,9.12,Returning,Credit Card
ORD-26413,CUST-10566,SESS-31413,CART-28413,2023-06-23,213.13,68.59,7.40,Home,5,Cancelled,Web,South,P-443,SKU-4991,42.63,5.21,17.05,New,Crypto
ORD-26414,CUST-10566,SESS-31414,CART-28414,2025-11-27,398.79,178.16,7.95,Electronics,3,Completed,Affiliate,South,P-722,SKU-4993,132.93,1.84,31.90,VIP,Crypto
ORD-26415,CUST-10567,SESS-31415,CART-28415,2023-09-12,180.09,54.61,11.11,Fashion,4,Completed,Affiliate,West,P-750,SKU-4386,45.02,3.37,14.41,VIP,Credit Card
ORD-26416,CUST-10567,SESS-31416,CART-28416,2023-03-31,57.83,33.46,34.76,Electronics,5,Completed,Mobile App,West,P-562,SKU-2911,11.57,3.04,4.63,VIP,Crypto
ORD-26417,CUST-10567,SESS-31417,CART-28417,2025-01-09,98.97,43.48,49.86,Electronics,4,Cancelled,Social Media,West,P-148,SKU-2983,24.74,8.91,7.92,New,Credit Card
ORD-26418,CUST-10568,SESS-31418,CART-28418,2024-02-17,305.45,115.49,5.62,Fashion,2,Cancelled,Affiliate,South,P-597,SKU-2817,152.73,7.52,24.44,VIP,Credit Card
ORD-26419,CUST-10568,SESS-31419,CART-28419,2025-06-08,414.39,207.16,39.86,Electronics,3,Cancelled,Social Media,East,P-373,SKU-1798,138.13,5.27,33.15,New,PayPal
ORD-26420,CUST-10569,SESS-31420,CART-28420,1723006514745,15.29,9.16,16.78,Sports,3,Cancelled,Social Media,East,P-837,SKU-3239,5.10,12.28,1.22,VIP,Debit Card
ORD-26421,CUST-10569,SESS-31421,CART-28421,2024-12-24,457.39,147.25,22.16,Electronics,2,Cancelled,Social Media,International,P-854,SKU-1,228.70,12.80,36.59,New,Debit Card
ORD-26422,CUST-10569,SESS-31422,CART-28422,2023-02-23,399.22,145.89,22.01,Beauty,3,Completed,Social Media,North,P-791,SKU-1358,133.07,2.52,31.94,Returning,Debit Card
ORD-26423,CUST-10570,SESS-31423,CART-28423,2023-05-07,293.11,157.04,22.81,Beauty,3,Cancelled,Web,International,P-296,SKU-4311,97.70,1.51,23.45,VIP,Debit Card
ORD-26424,CUST-10570,SESS-31424,CART-28424,2023-06-18,419.37,136.84,37.47,Beauty,3,Shipped,Social Media,East,P-6,SKU-434,139.79,15.52,33.55,New,PayPal
ORD-26425,CUST-10571,SESS-31425,CART-28425,2024-10-30,182.71,95.39,14.97,Home,5,Shipped,Affiliate,West,P-140,SKU-2982,36.54,15.51,14.62,New,Crypto
ORD-26426,CUST-10571,SESS-31426,CART-28426,2025-09-03,73.14,24.66,2.79,Beauty,3,Shipped,Mobile App,International,P-210,SKU-467,24.38,5.18,5.85,Returning,Crypto
ORD-26427,CUST-10571,SESS-31427,CART-28427,2024-02-01,318.42,155.52,22.06,Fashion,1,Pending,Web,South,P-350,SKU-603,318.42,0.10,25.47,New,Credit Card
ORD-26428,CUST-10572,SESS-31428,CART-28428,2023-06-16,243.97,87.95,4.62,Beauty,2,Shipped,Affiliate,International,P-438,SKU-663,121.99,16.18,19.52,VIP,PayPal
ORD-26429,CUST-10572,SESS-31429,CART-28429,2026-03-07,26.40,10.12,21.26,Sports,4,Pending,Affiliate,North,P-202,SKU-702,6.60,12.43,2.11,New,PayPal
ORD-26430,CUST-10573,SESS-31430,CART-28430,1673923151091,423.61,204.02,4.64,Sports,5,Cancelled,Mobile App,North,P-692,SKU-3769,84.72,1.77,33.89,New,PayPal
ORD-26431,CUST-10573,SESS-31431,CART-28431,2025-11-03,369.50,151.37,48.29,Sports,1,Cancelled,Web,West,P-713,SKU-4237,369.50,5.54,29.56,New,PayPal
ORD-26432,CUST-10573,SESS-31432,CART-28432,2023-10-13,291.05,157.74,3.95,Home,4,Returned,Social Media,International,P-349,SKU-2761,72.76,3.45,23.28,Returning,Credit Card
ORD-26433,CUST-10574,SESS-31433,CART-28433,2023-03-08,180.29,69.07,10.56,Sports,3,Shipped,Affiliate,West,P-337,SKU-157,60.10,5.96,14.42,Returning,Credit Card
ORD-26434,CUST-10574,SESS-31434,CART-28434,2024-07-30,451.08,246.48,25.40,Fashion,2,Pending,Web,North,P-45,SKU-3168,225.54,18.83,36.09,VIP,Crypto
ORD-26435,CUST-10575,SESS-31435,CART-28435,11/22/2025,470.58,265.81,41.67,Sports,3,Shipped,Mobile App,East,P-274,SKU-836,156.86,3.00,37.65,VIP,Crypto
ORD-26436,CUST-10575,SESS-31436,CART-28436,2023-10-23,260.77,130.00,34.25,Home,4,Cancelled,Social Media,South,P-164,SKU-4824,65.19,14.70,20.86,Returning,Credit Card
ORD-26437,CUST-10575,SESS-31437,CART-28437,2024-09-24,102.94,60.58,20.16,Sports,5,Completed,Web,East,P-815,SKU-4738,20.59,3.14,8.24,Returning,Crypto
ORD-26438,CUST-10576,SESS-31438,CART-28438,2026-02-16,54.22,20.80,44.48,Sports,2,Cancelled,Web,International,P-504,SKU-3557,27.11,14.73,4.34,VIP,Crypto
ORD-26439,CUST-10576,SESS-31439,CART-28439,2023-02-23,398.26,214.97,15.64,Home,1,Shipped,Social Media,International,P-905,SKU-535,398.26,15.46,31.86,Returning,PayPal
ORD-26440,CUST-10577,SESS-31440,CART-28440,2023-09-08,499.57,229.20,12.80,Sports,1,Shipped,Mobile App,International,P-479,SKU-996,499.57,16.79,39.97,VIP,Debit Card
ORD-26441,CUST-10577,SESS-31441,CART-28441,2025-12-16,92.01,37.32,38.01,Fashion,3,Pending,Mobile App,North,P-28,SKU-4228,30.67,14.53,7.36,VIP,PayPal
ORD-26442,CUST-10577,SESS-31442,CART-28442,2023-03-17,452.74,264.29,16.04,Fashion,5,Shipped,Mobile App,East,P-28,SKU-268,90.55,11.43,36.22,New,Credit Card
ORD-26443,CUST-10578,SESS-31443,CART-28443,2023-04-18,60.26,35.38,30.04,Home,3,Completed,Social Media,West,P-574,SKU-3953,20.09,12.20,4.82,Returning,Crypto
ORD-26444,CUST-10578,SESS-31444,CART-28444,2024-11-26,229.06,110.04,10.09,Home,3,Shipped,Social Media,South,P-339,SKU-1604,76.35,7.58,18.32,VIP,Debit Card
ORD-26445,CUST-10579,SESS-31445,CART-28445,1728649656053,252.49,105.07,24.97,,5,Completed,Affiliate,East,P-444,SKU-2246,50.50,10.26,20.20,Returning,Credit Card
ORD-26446,CUST-10579,SESS-31446,CART-28446,2023-06-05,386.10,152.09,28.09,Fashion,3,Completed,Social Media,South,P-985,SKU-4802,128.70,17.60,30.89,VIP,Crypto
ORD-26447,CUST-10579,SESS-31447,CART-28447,7/27/2023,320.04,130.02,34.27,Beauty,3,Returned,Affiliate,North,P-791,SKU-1268,106.68,14.76,25.60,New,Debit Card
ORD-26448,CUST-10580,SESS-31448,CART-28448,2023-07-24,333.78,141.17,26.00,Beauty,2,Cancelled,Web,North,P-308,SKU-2721,166.89,16.29,26.70,New,Credit Card
ORD-26449,CUST-10580,SESS-31449,CART-28449,2024-05-04,213.12,94.73,10.63,NULL,1,Cancelled,Social Media,South,P-199,SKU-2671,213.12,14.25,17.05,New,Credit Card
ORD-26450,CUST-10581,SESS-31450,CART-28450,2024-06-20,475.69,143.25,23.64,Electronics,NULL,Shipped,Social Media,East,P-292,SKU-246,475.69,19.03,38.06,New,PayPal
ORD-26451,CUST-10581,SESS-31451,CART-28451,8/6/2025,15.80,9.21,33.22,Home,3,Returned,Affiliate,International,P-381,SKU-4969,5.27,13.30,1.26,New,Credit Card
ORD-26452,CUST-10581,SESS-31452,CART-28452,2023-07-16,100.76,50.24,27.13,Fashion,5,Pending,Web,North,P-661,SKU-3253,20.15,17.38,8.06,VIP,Credit Card
ORD-26453,CUST-10582,SESS-31453,CART-28453,2023-04-09,97.79,45.70,43.90,Sports,4,Returned,Mobile App,East,P-271,SKU-4303,24.45,19.90,7.82,Returning,Credit Card
ORD-26454,CUST-10582,SESS-31454,CART-28454,2026-01-03,373.60,215.37,9.75,Sports,2,Cancelled,Mobile App,South,P-27,SKU-3474,186.80,10.25,29.89,Returning,Debit Card
ORD-26455,CUST-10583,SESS-31455,CART-28455,2025-03-26,431.75,248.50,34.62,Beauty,4,Returned,Web,West,P-362,SKU-4970,107.94,9.58,34.54,VIP,PayPal
ORD-26456,CUST-10583,SESS-31456,CART-28456,2025-02-08,24.22,12.74,36.31,Beauty,3,Pending,Web,East,P-73,SKU-3630,8.07,2.97,1.94,New,Crypto
ORD-26457,CUST-10583,SESS-31457,CART-28457,2025-12-19,33.45,15.16,1.47,Electronics,2,Returned,Social Media,South,P-760,SKU-4564,16.73,17.51,2.68,Returning,Crypto
ORD-26458,CUST-10584,SESS-31458,CART-28458,2024-05-12,349.92,132.49,49.99,Home,1,Cancelled,Mobile App,North,P-821,SKU-3936,349.92,3.92,27.99,New,Crypto
ORD-26459,CUST-10584,SESS-31459,CART-28459,2025-07-20,49.26,22.35,4.03,Beauty,5,Completed,Mobile App,International,P-721,SKU-4413,9.85,7.09,3.94,New,Crypto
ORD-26460,CUST-10585,SESS-31460,CART-28460,2025-09-24,251.63,127.61,42.78,  fashion  ,4,Returned,Mobile App,North,P-20,SKU-2297,62.91,8.99,20.13,Returning,Debit Card
ORD-26461,CUST-10585,SESS-31461,CART-28461,2024-10-24,36.26,15.74,16.97,Fashion,1,Cancelled,Affiliate,North,P-853,SKU-3822,36.26,18.16,2.90,New,Credit Card
ORD-26462,CUST-10585,SESS-31462,CART-28462,2025-05-12,435.78,192.06,33.13,  beauty  ,5,Shipped,Mobile App,International,P-589,SKU-4750,87.16,7.47,34.86,VIP,Crypto
ORD-26463,CUST-10586,SESS-31463,CART-28463,2025-02-13,440.24,221.89,26.82,Home,5,Shipped,Affiliate,West,P-416,SKU-1617,88.05,4.89,35.22,Returning,Debit Card
ORD-26464,CUST-10586,SESS-31464,CART-28464,2025-01-16,188.63,69.16,5.48,Sports,3,Pending,Mobile App,East,P-247,SKU-2764,62.88,14.19,15.09,New,PayPal
ORD-26465,CUST-10587,SESS-31465,CART-28465,2023-10-06,203.93,117.01,6.81,Fashion,4,Pending,Affiliate,West,P-492,SKU-1950,50.98,0.20,16.31,VIP,Debit Card
ORD-26466,CUST-10587,SESS-31466,CART-28466,2023-06-02,383.25,228.10,15.42,Beauty,1,Shipped,Social Media,East,P-677,SKU-1299,383.25,11.67,30.66,New,Credit Card
ORD-26467,CUST-10587,SESS-31467,CART-28467,2025-03-24,101.80,32.64,17.68,Fashion,4,Shipped,Affiliate,East,P-963,SKU-974,25.45,19.94,8.14,Returning,Credit Card
ORD-26468,CUST-10588,SESS-31468,CART-28468,2024-02-19,133.50,79.35,41.08,Electronics,1,Returned,Web,International,P-553,SKU-439,133.50,2.64,10.68,Returning,Crypto
ORD-26469,CUST-10588,SESS-31469,CART-28469,2023-01-09,257.97,138.66,21.45,  electronics  ,2,Cancelled,Social Media,East,P-522,SKU-3344,128.99,9.30,20.64,Returning,Debit Card
ORD-26470,CUST-10589,SESS-31470,CART-28470,2025-12-10,509.82,236.22,3.38,Electronics,4,Cancelled,Affiliate,South,P-570,SKU-4634,127.46,16.04,40.79,VIP,PayPal
ORD-26471,CUST-10589,SESS-31471,CART-28471,2025-06-05,155.38,83.90,19.76,Fashion,3,Completed,Web,North,P-474,SKU-2632,51.79,18.07,12.43,Returning,Debit Card
ORD-26472,CUST-10589,SESS-31472,CART-28472,2023-11-24,330.03,130.73,38.77,Home,1,Shipped,Mobile App,International,P-783,SKU-2313,330.03,1.63,26.40,New,Credit Card
ORD-26473,CUST-10590,SESS-31473,CART-28473,2023-08-30,348.14,108.33,21.87,Electronics,2,Shipped,Mobile App,West,P-162,SKU-1325,174.07,17.57,27.85,VIP,Credit Card
ORD-26474,CUST-10590,SESS-31474,CART-28474,2024-03-18,269.70,108.96,46.08,Sports,1,Returned,Affiliate,East,P-329,SKU-4694,269.70,19.63,21.58,VIP,Crypto
ORD-26475,CUST-10591,SESS-31475,CART-28475,2025-03-09,418.90,226.20,40.99,Electronics,1,Pending,Web,South,P-11,SKU-1663,418.90,9.12,33.51,Returning,Crypto
ORD-26476,CUST-10591,SESS-31476,CART-28476,2023-06-10,73.86,32.65,33.67,Electronics,1,Returned,Social Media,East,P-449,SKU-681,73.86,2.13,5.91,Returning,Crypto
ORD-26477,CUST-10591,SESS-31477,CART-28477,2025-09-25,32.01,16.72,9.37,Home,1,Shipped,Affiliate,North,P-972,SKU-1902,32.01,0.67,2.56,Returning,PayPal
ORD-26478,CUST-10592,SESS-31478,CART-28478,1737395190697,227.09,102.22,2.80,Home,2,Cancelled,Affiliate,International,P-173,SKU-4141,113.55,17.01,18.17,Returning,PayPal
ORD-26479,CUST-10592,SESS-31479,CART-28479,2024-02-02,390.02,180.21,27.13,Sports,2,Pending,Web,West,P-966,SKU-15,195.01,12.14,31.20,Returning,Credit Card
ORD-26480,CUST-10593,SESS-31480,CART-28480,2025-11-27,333.32,181.49,26.31,  fashion  ,3,Completed,Mobile App,West,P-65,SKU-2234,111.11,0.13,26.67,VIP,PayPal
ORD-26481,CUST-10593,SESS-31481,CART-28481,1738193946731,482.28,230.97,45.79,Sports,4,Completed,Mobile App,North,P-113,SKU-2680,120.57,17.69,38.58,Returning,Credit Card
ORD-26482,CUST-10593,SESS-31482,CART-28482,2024-02-21,412.26,209.04,29.50,Electronics,4,Completed,Mobile App,North,P-840,SKU-2768,103.06,9.38,32.98,New,Debit Card
ORD-26483,CUST-10594,SESS-31483,CART-28483,2025-01-23,280.36,106.48,14.11,Electronics,2,Pending,Affiliate,West,P-934,SKU-3325,140.18,17.77,22.43,VIP,Credit Card
ORD-26484,CUST-10594,SESS-31484,CART-28484,2024-06-13,,75.37,33.66,Beauty,3,Shipped,Web,North,P-422,SKU-3904,65.57,17.09,15.74,New,PayPal
ORD-26485,CUST-10595,SESS-31485,CART-28485,2024-10-04,473.01,219.80,24.14,Home,5,Shipped,Affiliate,East,P-342,SKU-2750,94.60,19.62,37.84,VIP,Debit Card
ORD-26486,CUST-10595,SESS-31486,CART-28486,1691022870254,405.08,237.27,32.08,Home,1,Returned,Mobile App,East,P-606,SKU-3863,405.08,14.67,32.41,New,Credit Card
ORD-26487,CUST-10595,SESS-31487,CART-28487,2025-10-16,329.84,119.09,14.31,Beauty,2,Cancelled,Affiliate,International,P-693,SKU-779,164.92,5.18,26.39,New,Credit Card
ORD-26488,CUST-10596,SESS-31488,CART-28488,2024-01-10,269.61,125.97,29.19,Home,,Shipped,Affiliate,South,P-890,SKU-2858,67.40,13.86,21.57,Returning,Debit Card
ORD-26489,CUST-10596,SESS-31489,CART-28489,2025-09-01,453.99,263.62,4.94,Sports,4,Shipped,Mobile App,East,P-748,SKU-342,113.50,8.09,36.32,VIP,Crypto
ORD-26490,CUST-10597,SESS-31490,CART-28490,2023-11-18,74.51,27.28,26.35,Fashion,3,Shipped,Affiliate,International,P-518,SKU-4601,24.84,18.92,5.96,New,Crypto
ORD-26491,CUST-10597,SESS-31491,CART-28491,2023-10-23,,172.77,15.55,  fashion  ,5,Pending,Web,South,P-260,SKU-1778,85.78,14.04,34.31,VIP,Credit Card
ORD-26492,CUST-10597,SESS-31492,CART-28492,2025-10-03,296.60,166.44,5.51,Electronics,4,Returned,Social Media,South,P-604,SKU-307,74.15,7.61,23.73,VIP,Credit Card
ORD-26493,CUST-10598,SESS-31493,CART-28493,1674981530808,478.18,184.44,11.15,Beauty,3,Shipped,Affiliate,North,P-569,SKU-4164,159.39,12.58,38.25,New,Credit Card
ORD-26494,CUST-10598,SESS-31494,CART-28494,1720912507570,158.45,69.67,49.97,Beauty,5,Shipped,Web,South,P-47,SKU-407,31.69,16.77,12.68,Returning,PayPal
ORD-26495,CUST-10599,SESS-31495,CART-28495,2024-07-07,198.86,98.47,49.79,Electronics,2,Cancelled,Social Media,East,P-527,SKU-45,99.43,12.98,15.91,VIP,Debit Card
ORD-26496,CUST-10599,SESS-31496,CART-28496,11/7/2023,288.87,102.77,49.60,Sports,3,Shipped,Social Media,South,P-271,SKU-3548,96.29,16.37,23.11,New,PayPal
ORD-26497,CUST-10599,SESS-31497,CART-28497,2025-01-31,91.38,35.27,28.96,Beauty,4,Shipped,Social Media,East,P-337,SKU-4924,22.85,19.36,7.31,VIP,Crypto
ORD-26498,CUST-10600,SESS-31498,CART-28498,8/1/2023,324.96,188.82,21.31,Beauty,4,Shipped,Affiliate,North,P-407,SKU-3454,81.24,11.53,26.00,VIP,PayPal
ORD-26499,CUST-10600,SESS-31499,CART-28499,2024-12-12,193.76,91.74,19.57,Sports,1,Shipped,Social Media,International,P-532,SKU-2577,193.76,13.43,15.50,VIP,Credit Card
ORD-26500,CUST-10601,SESS-31500,CART-28500,2023-05-17,293.24,94.05,4.16,Electronics,5,Pending,Mobile App,International,P-827,SKU-4303,58.65,11.38,23.46,VIP,Credit Card
ORD-26501,CUST-10601,SESS-31501,CART-28501,2025-02-19,38.38,22.92,13.78,Fashion,1,Pending,Web,South,P-399,SKU-301,38.38,13.91,3.07,New,Crypto
ORD-26502,CUST-10601,SESS-31502,CART-28502,2026-03-04,  243.43  ,117.63,0.36,Home,5,Completed,Social Media,South,P-535,SKU-4503,48.69,1.62,19.47,VIP,Crypto
ORD-26503,CUST-10602,SESS-31503,CART-28503,2023-06-06,387.05,212.05,48.76,Home,5,Completed,Mobile App,East,P-569,SKU-561,77.41,0.63,30.96,New,PayPal
ORD-26504,CUST-10602,SESS-31504,CART-28504,2026-03-09,378.65,132.39,42.29,,5,Completed,Mobile App,South,P-627,SKU-3231,75.73,15.58,30.29,VIP,Debit Card
ORD-26505,CUST-10603,SESS-31505,CART-28505,2023-11-19,207.42,100.16,9.64,Sports,4,Pending,Web,North,P-372,SKU-3554,51.86,4.77,16.59,VIP,Crypto
ORD-26506,CUST-10603,SESS-31506,CART-28506,2024-10-02,317.64,131.66,47.92,Beauty,1,Completed,Affiliate,West,P-491,SKU-2916,317.64,5.17,25.41,New,Debit Card
ORD-26507,CUST-10603,SESS-31507,CART-28507,2024-10-22,475.99,195.39,6.33,Electronics,2,Cancelled,Mobile App,East,P-316,SKU-1600,237.99,7.59,38.08,New,Credit Card
ORD-26508,CUST-10604,SESS-31508,CART-28508,2023-08-18,236.29,122.79,21.28,Beauty,3,Completed,Affiliate,International,P-318,SKU-725,78.76,1.10,18.90,Returning,Credit Card
ORD-26509,CUST-10604,SESS-31509,CART-28509,4/27/2023,108.48,63.63,17.80,Fashion,2,Cancelled,Mobile App,West,P-623,SKU-3304,54.24,2.39,8.68,Returning,Debit Card
ORD-26510,CUST-10605,SESS-31510,CART-28510,2024-04-21,394.48,124.81,47.67,Fashion,1,Cancelled,Mobile App,East,P-171,SKU-3835,394.48,12.16,31.56,VIP,Crypto
ORD-26511,CUST-10605,SESS-31511,CART-28511,2024-05-30,,56.14,2.71,Beauty,4,Shipped,Affiliate,North,P-203,SKU-3371,26.11,18.83,8.36,Returning,Debit Card
ORD-26512,CUST-10605,SESS-31512,CART-28512,2025-12-09,424.82,227.59,3.56,Electronics,4,Cancelled,Web,East,P-546,SKU-3609,106.20,8.26,33.99,VIP,Credit Card
ORD-26513,CUST-10606,SESS-31513,CART-28513,2023-08-23,327.01,163.29,49.83,Fashion,1,Returned,Web,South,P-524,SKU-3757,327.01,10.23,26.16,New,PayPal
ORD-26514,CUST-10606,SESS-31514,CART-28514,2025-02-18,232.19,133.28,38.71,Beauty,1,Shipped,Social Media,West,P-918,SKU-4350,232.19,6.68,18.57,Returning,Debit Card
ORD-26515,CUST-10607,SESS-31515,CART-28515,2025-12-31,379.73,150.45,5.35,  sports  ,1,Shipped,Affiliate,International,P-36,SKU-66,379.73,9.94,30.38,VIP,Crypto
ORD-26516,CUST-10607,SESS-31516,CART-28516,2023-12-24,394.51,184.51,4.70,Beauty,2,Pending,Affiliate,East,P-942,SKU-115,197.26,10.54,31.56,Returning,Crypto
ORD-26517,CUST-10607,SESS-31517,CART-28517,2024-12-06,180.70,68.83,47.34,Sports,5,Cancelled,Mobile App,South,P-464,SKU-2793,36.14,17.04,14.46,VIP,Crypto
ORD-26518,CUST-10608,SESS-31518,CART-28518,1734362598458,263.75,108.99,25.09,Beauty,5,Shipped,Social Media,International,P-695,SKU-3528,52.75,7.05,21.10,New,Debit Card
ORD-26519,CUST-10608,SESS-31519,CART-28519,2024-08-13,455.41,204.86,45.37,Sports,3,Completed,Web,International,P-223,SKU-3564,151.80,9.35,36.43,New,Crypto
ORD-26520,CUST-10609,SESS-31520,CART-28520,2024-08-26,389.27,212.34,28.48,Beauty,3,Pending,Affiliate,East,P-440,SKU-104,129.76,9.40,31.14,Returning,Credit Card
ORD-26521,CUST-10609,SESS-31521,CART-28521,2024-05-26,164.93,64.48,15.52,,5,Cancelled,Web,North,P-936,SKU-2419,32.99,12.97,13.19,VIP,Debit Card
ORD-26522,CUST-10609,SESS-31522,CART-28522,2023-04-11,43.59,24.24,49.42,Home,5,Shipped,Mobile App,North,P-697,SKU-1246,8.72,11.05,3.49,Returning,PayPal
ORD-26523,CUST-10610,SESS-31523,CART-28523,2023-03-09,404.42,130.45,30.27,Fashion,1,Pending,Affiliate,West,P-122,SKU-1201,404.42,15.52,32.35,VIP,Credit Card
ORD-26524,CUST-10610,SESS-31524,CART-28524,2023-07-19,290.86,94.27,34.02,Electronics,3,Returned,Mobile App,South,P-28,SKU-1699,96.95,0.23,23.27,Returning,Credit Card
ORD-26525,CUST-10611,SESS-31525,CART-28525,2024-02-02,416.60,176.31,27.79,,2,Returned,Social Media,South,P-946,SKU-2617,208.30,17.41,33.33,Returning,PayPal
ORD-26526,CUST-10611,SESS-31526,CART-28526,2024-02-05,475.51,270.96,25.44,Fashion,4,Completed,Web,West,P-530,SKU-1344,118.88,8.06,38.04,Returning,Credit Card
ORD-26527,CUST-10611,SESS-31527,CART-28527,2025-12-14,452.35,256.62,22.30,NULL,3,Pending,Affiliate,East,P-846,SKU-3998,150.78,9.99,36.19,Returning,Debit Card
ORD-26528,CUST-10612,SESS-31528,CART-28528,2024-09-01,428.85,205.58,30.67,Home,5,Shipped,Web,International,P-344,SKU-3484,85.77,0.57,34.31,VIP,Debit Card
ORD-26529,CUST-10612,SESS-31529,CART-28529,2025-06-22,211.78,93.82,13.50,Fashion,1,Cancelled,Social Media,West,P-605,SKU-4412,211.78,16.16,16.94,New,Debit Card
ORD-26530,CUST-10613,SESS-31530,CART-28530,2023-10-09,312.01,125.85,0.62,Home,2,Returned,Social Media,International,P-54,SKU-3578,156.00,4.43,24.96,VIP,Credit Card
ORD-26531,CUST-10613,SESS-31531,CART-28531,2024-03-27,337.31,150.26,36.78,Home,1,Returned,Mobile App,West,P-77,SKU-2712,337.31,8.50,26.98,New,Debit Card
ORD-26532,CUST-10613,SESS-31532,CART-28532,2023-01-05,390.39,229.55,26.69,Electronics,3,Completed,Web,East,P-543,SKU-2143,130.13,2.05,31.23,VIP,Debit Card
ORD-26533,CUST-10614,SESS-31533,CART-28533,2024-04-17,NULL,34.10,17.68,Electronics,1,Returned,Mobile App,South,P-199,SKU-3754,57.69,3.44,4.61,Returning,Debit Card
ORD-26534,CUST-10614,SESS-31534,CART-28534,2026-02-23,  422.86  ,134.28,29.15,Electronics,3,Returned,Social Media,West,P-383,SKU-1670,140.95,1.59,33.83,VIP,Crypto
ORD-26535,CUST-10615,SESS-31535,CART-28535,2025-02-14,296.50,156.43,37.95,Sports,1,Completed,Mobile App,North,P-346,SKU-4313,296.50,13.95,23.72,New,PayPal
ORD-26536,CUST-10615,SESS-31536,CART-28536,2024-10-19,175.25,90.78,37.12,Sports,2,Completed,Social Media,North,P-660,SKU-4204,87.62,2.85,14.02,New,Crypto
ORD-26537,CUST-10615,SESS-31537,CART-28537,2023-01-06,204.20,98.76,3.52,Electronics,3,Completed,Mobile App,East,P-806,SKU-60,68.07,8.29,16.34,VIP,PayPal
ORD-26538,CUST-10616,SESS-31538,CART-28538,2023-04-18,162.86,94.15,9.85,Sports,3,Returned,Affiliate,South,P-551,SKU-1320,54.29,5.72,13.03,New,Debit Card
ORD-26539,CUST-10616,SESS-31539,CART-28539,2023-06-03,261.25,143.44,30.48,Home,5,Cancelled,Web,South,P-314,SKU-2962,52.25,12.01,20.90,VIP,PayPal
ORD-26540,CUST-10617,SESS-31540,CART-28540,2023-10-17,491.07,227.39,33.83,Fashion,5,Completed,Web,North,P-887,SKU-3966,98.21,3.29,39.29,VIP,Debit Card
ORD-26541,CUST-10617,SESS-31541,CART-28541,2025-05-08,50.67,27.88,39.32,Beauty,4,Pending,Web,East,P-993,SKU-3597,12.67,15.61,4.05,VIP,Crypto
ORD-26542,CUST-10617,SESS-31542,CART-28542,2024-11-27,376.88,118.90,32.67,Fashion,5,Completed,Affiliate,East,P-310,SKU-1782,75.38,11.95,30.15,VIP,Crypto
ORD-26543,CUST-10618,SESS-31543,CART-28543,1682542298169,158.97,89.93,31.07,Sports,5,Cancelled,Affiliate,West,P-405,SKU-1533,31.79,17.08,12.72,New,Credit Card
ORD-26544,CUST-10618,SESS-31544,CART-28544,1697440890026,,129.47,34.92,Beauty,5,Pending,Affiliate,North,P-188,SKU-3218,45.55,13.44,18.22,VIP,Crypto
ORD-26545,CUST-10619,SESS-31545,CART-28545,2026-01-10,479.47,173.69,40.45,Electronics,3,Cancelled,Affiliate,East,P-283,SKU-1563,159.82,9.52,38.36,New,PayPal
ORD-26546,CUST-10619,SESS-31546,CART-28546,2023-01-19,154.76,81.64,14.93,Sports,2,Shipped,Web,North,P-552,SKU-267,77.38,11.21,12.38,VIP,Debit Card
ORD-26547,CUST-10619,SESS-31547,CART-28547,2024-01-13,448.84,243.27,1.46,Beauty,5,Pending,Web,North,P-289,SKU-1204,89.77,9.89,35.91,VIP,Debit Card
ORD-26548,CUST-10620,SESS-31548,CART-28548,2025-01-17,69.42,33.70,20.98,Home,1,Returned,Mobile App,International,P-292,SKU-4430,69.42,10.33,5.55,New,PayPal
ORD-26549,CUST-10620,SESS-31549,CART-28549,2024-06-17,247.88,148.47,21.45,Sports,3,Cancelled,Affiliate,East,P-32,SKU-588,82.63,8.53,19.83,VIP,Crypto
ORD-26550,CUST-10621,SESS-31550,CART-28550,2024-05-22,250.82,120.99,13.50,Electronics,5,Pending,Web,East,P-694,SKU-405,50.16,9.23,20.07,New,PayPal
ORD-26551,CUST-10621,SESS-31551,CART-28551,2023-03-15,430.84,241.02,43.25,Fashion,2,Shipped,Web,West,P-958,SKU-3066,215.42,3.11,34.47,Returning,Debit Card
ORD-26552,CUST-10621,SESS-31552,CART-28552,2/1/2026,219.23,119.63,20.85,Fashion,3,Cancelled,Web,International,P-449,SKU-2319,73.08,8.05,17.54,VIP,Debit Card
ORD-26553,CUST-10622,SESS-31553,CART-28553,2025-11-06,341.77,188.97,7.00,Sports,3,Completed,Mobile App,West,P-322,SKU-343,113.92,1.48,27.34,Returning,Credit Card
ORD-26554,CUST-10622,SESS-31554,CART-28554,1750082290242,104.26,53.05,15.41,Beauty,2,Cancelled,Mobile App,International,P-714,SKU-890,52.13,15.93,8.34,Returning,Debit Card
ORD-26555,CUST-10623,SESS-31555,CART-28555,2023-09-11,51.86,21.96,8.62,Beauty,1,Completed,Mobile App,South,P-359,SKU-3565,51.86,5.55,4.15,New,PayPal
ORD-26556,CUST-10623,SESS-31556,CART-28556,10/7/2024,122.47,47.53,8.19,Beauty,2,Cancelled,Web,North,P-730,SKU-2259,61.23,2.49,9.80,VIP,PayPal
ORD-26557,CUST-10623,SESS-31557,CART-28557,2025-10-07,174.19,95.00,32.44,Fashion,5,Returned,Mobile App,North,P-175,SKU-152,34.84,6.55,13.94,Returning,Credit Card
ORD-26558,CUST-10624,SESS-31558,CART-28558,2025-04-08,445.55,167.23,8.94,Fashion,2,Returned,Web,South,P-908,SKU-3977,222.77,2.55,35.64,VIP,Debit Card
ORD-26559,CUST-10624,SESS-31559,CART-28559,2025-03-18,258.71,125.69,36.42,Beauty,4,Cancelled,Mobile App,South,P-662,SKU-4339,64.68,15.58,20.70,Returning,Credit Card
ORD-26560,CUST-10625,SESS-31560,CART-28560,2023-09-13,481.62,242.48,34.04,Beauty,5,Shipped,Mobile App,International,P-666,SKU-1810,96.32,5.82,38.53,VIP,Crypto
ORD-26561,CUST-10625,SESS-31561,CART-28561,2023-12-07,378.68,133.13,37.91,Fashion,4,Cancelled,Web,South,P-623,SKU-3478,94.67,13.95,30.29,VIP,Crypto
ORD-26562,CUST-10625,SESS-31562,CART-28562,2025-06-30,273.15,118.36,8.45,Electronics,4,Shipped,Web,West,P-815,SKU-4995,68.29,18.05,21.85,Returning,Crypto
ORD-26563,CUST-10626,SESS-31563,CART-28563,2025-08-27,389.22,184.43,27.34,Sports,1,Returned,Affiliate,International,P-806,SKU-1586,389.22,18.49,31.14,New,PayPal
ORD-26564,CUST-10626,SESS-31564,CART-28564,2025-04-14,308.68,141.76,22.55,Beauty,2,Shipped,Web,East,P-294,SKU-4695,154.34,15.60,24.69,New,Credit Card
ORD-26565,CUST-10627,SESS-31565,CART-28565,2024-04-17,72.74,24.13,41.61,Sports,1,Pending,Web,South,P-62,SKU-3058,72.74,18.35,5.82,Returning,Debit Card
ORD-26566,CUST-10627,SESS-31566,CART-28566,2024-12-24,113.66,60.79,12.96,Fashion,2,Pending,Affiliate,East,P-555,SKU-4300,56.83,8.62,9.09,New,Credit Card
ORD-26567,CUST-10627,SESS-31567,CART-28567,2025-08-07,414.29,136.16,45.53,Electronics,5,Returned,Mobile App,South,P-941,SKU-4876,82.86,18.19,33.14,New,Credit Card
ORD-26568,CUST-10628,SESS-31568,CART-28568,2024-05-15,364.71,188.73,45.01,Sports,1,Completed,Social Media,West,P-784,SKU-257,364.71,11.13,29.18,VIP,Debit Card
ORD-26569,CUST-10628,SESS-31569,CART-28569,2024-12-23,148.01,45.35,40.62,Fashion,3,Pending,Affiliate,East,P-224,SKU-3135,49.34,1.27,11.84,Returning,Crypto
ORD-26570,CUST-10629,SESS-31570,CART-28570,2024-08-29,138.74,59.38,10.77,Fashion,5,Cancelled,Affiliate,West,P-66,SKU-3371,27.75,11.46,11.10,VIP,PayPal
ORD-26571,CUST-10629,SESS-31571,CART-28571,2023-06-20,490.60,279.22,25.57,Electronics,1,Shipped,Affiliate,West,P-440,SKU-735,490.60,7.90,39.25,VIP,Credit Card
ORD-26572,CUST-10629,SESS-31572,CART-28572,7/1/2024,66.37,29.68,46.86,Electronics,1,Completed,Social Media,International,P-879,SKU-2809,66.37,17.48,5.31,Returning,PayPal
ORD-26573,CUST-10630,SESS-31573,CART-28573,2024-12-28,99.25,32.83,36.15,Beauty,2,Shipped,Social Media,North,P-77,SKU-4769,49.62,13.02,7.94,New,Credit Card
ORD-26574,CUST-10630,SESS-31574,CART-28574,2025-08-15,341.84,160.65,14.84,Sports,1,Shipped,Affiliate,West,P-396,SKU-4312,341.84,2.60,27.35,VIP,Debit Card
ORD-26575,CUST-10631,SESS-31575,CART-28575,2025-01-15,334.12,138.53,32.78,Beauty,2,Returned,Mobile App,North,P-82,SKU-1040,167.06,9.62,26.73,Returning,Credit Card
ORD-26576,CUST-10631,SESS-31576,CART-28576,2024-07-27,396.02,150.89,32.35,Electronics,3,Shipped,Mobile App,North,P-612,SKU-563,132.01,3.91,31.68,VIP,PayPal
ORD-26577,CUST-10631,SESS-31577,CART-28577,2024-10-13,43.78,16.44,35.33,Electronics,2,Shipped,Affiliate,International,P-459,SKU-79,21.89,17.08,3.50,New,Debit Card
ORD-26578,CUST-10632,SESS-31578,CART-28578,1763325056960,470.73,264.22,47.58,Home,3,Shipped,Mobile App,South,P-941,SKU-1554,156.91,15.94,37.66,VIP,Credit Card
ORD-26579,CUST-10632,SESS-31579,CART-28579,2024-02-15,75.46,44.41,22.19,Sports,1,Cancelled,Affiliate,South,P-344,SKU-802,75.46,6.96,6.04,New,Debit Card
ORD-26580,CUST-10633,SESS-31580,CART-28580,2024-02-12,459.60,194.17,29.89,Sports,3,Cancelled,Affiliate,International,P-752,SKU-4253,153.20,3.10,36.77,New,PayPal
ORD-26581,CUST-10633,SESS-31581,CART-28581,2025-12-26,,116.61,30.33,Fashion,2,Pending,Mobile App,West,P-462,SKU-1479,113.05,15.00,18.09,Returning,PayPal
ORD-26582,CUST-10633,SESS-31582,CART-28582,2025-10-13,183.82,85.32,48.63,Fashion,1,Cancelled,Social Media,West,P-900,SKU-3914,183.82,8.78,14.71,VIP,Credit Card
ORD-26583,CUST-10634,SESS-31583,CART-28583,2026-01-26,374.76,133.12,6.62,Fashion,2,Pending,Web,East,P-486,SKU-2618,187.38,13.45,29.98,New,Crypto
ORD-26584,CUST-10634,SESS-31584,CART-28584,2025-05-16,270.12,137.27,5.69,Home,3,Cancelled,Social Media,North,P-295,SKU-533,90.04,19.34,21.61,Returning,Credit Card
ORD-26585,CUST-10635,SESS-31585,CART-28585,2025-04-29,503.23,284.71,25.32,Fashion,3,Returned,Social Media,East,P-345,SKU-1291,167.74,8.98,40.26,Returning,PayPal
ORD-26586,CUST-10635,SESS-31586,CART-28586,2026-02-12,NULL,133.38,12.87,Sports,5,Shipped,Mobile App,West,P-200,SKU-3292,56.30,11.49,22.52,New,PayPal
ORD-26587,CUST-10635,SESS-31587,CART-28587,2023-06-29,123.50,68.12,28.47,Sports,NULL,Cancelled,Affiliate,East,P-685,SKU-3966,61.75,1.65,9.88,Returning,Crypto
ORD-26588,CUST-10636,SESS-31588,CART-28588,1770109833373,168.38,90.34,29.71,Home,4,Pending,Social Media,South,P-369,SKU-2588,42.10,19.72,13.47,VIP,PayPal
ORD-26589,CUST-10636,SESS-31589,CART-28589,2023-12-29,318.53,190.36,6.59,Fashion,5,Shipped,Social Media,International,P-549,SKU-3876,63.71,17.51,25.48,VIP,Debit Card
ORD-26590,CUST-10637,SESS-31590,CART-28590,1/24/2025,213.15,103.45,15.57,Fashion,2,Pending,Social Media,International,P-195,SKU-2197,106.58,4.95,17.05,Returning,Debit Card
ORD-26591,CUST-10637,SESS-31591,CART-28591,2025-04-03,485.70,276.98,40.11,Beauty,2,Completed,Affiliate,West,P-42,SKU-4428,242.85,4.36,38.86,New,Debit Card
ORD-26592,CUST-10637,SESS-31592,CART-28592,1673850434978,396.11,140.44,42.45,Fashion,1,Returned,Social Media,West,P-121,SKU-762,396.11,1.48,31.69,Returning,Credit Card
ORD-26593,CUST-10638,SESS-31593,CART-28593,1759506449786,377.39,127.96,48.09,Beauty,1,Cancelled,Social Media,North,P-107,SKU-1106,377.39,1.50,30.19,Returning,Debit Card
ORD-26594,CUST-10638,SESS-31594,CART-28594,2023-08-24,442.88,165.59,38.00,Home,5,Pending,Web,South,P-830,SKU-1519,88.58,2.70,35.43,New,Credit Card
ORD-26595,CUST-10639,SESS-31595,CART-28595,2024-10-27,251.98,83.19,16.63,Beauty,2,Completed,Web,International,P-333,SKU-1277,125.99,4.52,20.16,New,Credit Card
ORD-26596,CUST-10639,SESS-31596,CART-28596,2023-03-11,172.48,71.43,49.42,Fashion,3,Shipped,Web,West,P-244,SKU-723,57.49,7.53,13.80,Returning,Credit Card
ORD-26597,CUST-10639,SESS-31597,CART-28597,2024-10-20,471.66,144.92,37.60,Electronics,1,Cancelled,Social Media,International,P-470,SKU-4949,471.66,4.87,37.73,New,PayPal
ORD-26598,CUST-10640,SESS-31598,CART-28598,2024-04-14,499.48,270.70,10.55,Sports,1,Pending,Social Media,South,P-23,SKU-401,499.48,14.92,39.96,VIP,Credit Card
ORD-26599,CUST-10640,SESS-31599,CART-28599,2024-06-20,283.88,86.51,31.23,Beauty,3,Pending,Web,East,P-363,SKU-4041,94.63,18.78,22.71,New,Debit Card
ORD-26600,CUST-10641,SESS-31600,CART-28600,2025-12-16,304.13,143.25,38.00,Beauty,2,Cancelled,Mobile App,South,P-315,SKU-465,152.07,17.40,24.33,Returning,Credit Card
ORD-26601,CUST-10641,SESS-31601,CART-28601,2023-12-10,268.61,118.14,4.18,Beauty,5,Completed,Web,East,P-589,SKU-4869,53.72,13.66,21.49,Returning,Crypto
ORD-26602,CUST-10641,SESS-31602,CART-28602,2025-04-11,432.73,236.37,27.98,Beauty,,Pending,Mobile App,West,P-470,SKU-2747,144.24,16.71,34.62,VIP,Debit Card
ORD-26603,CUST-10642,SESS-31603,CART-28603,2023-12-17,134.47,63.32,23.07,Fashion,5,Shipped,Social Media,North,P-814,SKU-484,26.89,18.42,10.76,New,PayPal
ORD-26604,CUST-10642,SESS-31604,CART-28604,1733962075866,,180.71,25.94,Fashion,1,Cancelled,Social Media,International,P-492,SKU-4119,484.15,15.87,38.73,New,Credit Card
ORD-26605,CUST-10643,SESS-31605,CART-28605,4/5/2023,169.96,85.08,49.14,Fashion,5,Pending,Mobile App,East,P-376,SKU-2736,33.99,0.03,13.60,Returning,Debit Card
ORD-26606,CUST-10643,SESS-31606,CART-28606,2023-12-23,343.59,123.07,0.94,Fashion,5,Cancelled,Mobile App,International,P-401,SKU-383,68.72,17.72,27.49,New,Credit Card
ORD-26607,CUST-10643,SESS-31607,CART-28607,2024-01-22,350.78,185.04,36.31,  home  ,5,Returned,Mobile App,International,P-192,SKU-4713,70.16,0.92,28.06,VIP,Debit Card
ORD-26608,CUST-10644,SESS-31608,CART-28608,2025-02-25,297.39,149.07,23.31,NULL,3,Shipped,Affiliate,South,P-31,SKU-3644,99.13,8.06,23.79,Returning,Debit Card
ORD-26609,CUST-10644,SESS-31609,CART-28609,2025-02-27,351.64,170.74,39.62,Home,4,Returned,Web,West,P-248,SKU-2628,87.91,13.68,28.13,VIP,PayPal
ORD-26610,CUST-10645,SESS-31610,CART-28610,2024-06-26,107.67,55.21,4.14,Fashion,4,Cancelled,Web,International,P-585,SKU-1026,26.92,9.78,8.61,VIP,Debit Card
ORD-26611,CUST-10645,SESS-31611,CART-28611,1732247579310,333.40,160.43,45.24,Sports,5,Shipped,Mobile App,East,P-371,SKU-2958,66.68,2.17,26.67,VIP,Credit Card
ORD-26612,CUST-10645,SESS-31612,CART-28612,2025-09-01,268.45,117.99,37.42,,3,Cancelled,Web,East,P-810,SKU-3361,89.48,8.70,21.48,New,PayPal
ORD-26613,CUST-10646,SESS-31613,CART-28613,2024-05-27,285.98,119.61,1.74,Sports,4,Pending,Affiliate,North,P-363,SKU-3023,71.50,4.10,22.88,Returning,Crypto
ORD-26614,CUST-10646,SESS-31614,CART-28614,2024-04-28,358.09,123.16,26.85,Home,3,Pending,Web,East,P-947,SKU-826,119.36,18.31,28.65,VIP,Crypto
ORD-26615,CUST-10647,SESS-31615,CART-28615,2024-12-02,423.54,210.92,20.02,Electronics,3,Cancelled,Mobile App,International,P-792,SKU-372,141.18,10.69,33.88,New,Debit Card
ORD-26616,CUST-10647,SESS-31616,CART-28616,1741142591617,444.32,187.24,26.48,Fashion,1,Shipped,Social Media,International,P-830,SKU-1229,444.32,12.50,35.55,VIP,Crypto
ORD-26617,CUST-10647,SESS-31617,CART-28617,1761593439395,488.80,203.91,7.21,Home,4,Completed,Affiliate,West,P-499,SKU-543,122.20,2.28,39.10,New,Crypto
ORD-26618,CUST-10648,SESS-31618,CART-28618,2025-07-23,316.30,144.43,9.60,Electronics,2,Returned,Mobile App,International,P-810,SKU-1154,158.15,11.13,25.30,Returning,Crypto
ORD-26619,CUST-10648,SESS-31619,CART-28619,2024-09-10,361.30,162.52,28.54,Sports,1,Shipped,Affiliate,East,P-619,SKU-3308,361.30,7.99,28.90,New,PayPal
ORD-26620,CUST-10649,SESS-31620,CART-28620,2023-04-06,316.36,147.69,32.55,Fashion,4,Returned,Web,International,P-241,SKU-260,79.09,5.16,25.31,Returning,Debit Card
ORD-26621,CUST-10649,SESS-31621,CART-28621,2024-07-10,158.25,72.13,0.97,Beauty,3,Pending,Social Media,North,P-977,SKU-615,52.75,8.73,12.66,Returning,Credit Card
ORD-26622,CUST-10649,SESS-31622,CART-28622,2023-09-10,368.99,122.13,9.72,Sports,3,Pending,Mobile App,West,P-942,SKU-2796,123.00,10.47,29.52,VIP,Crypto
ORD-26623,CUST-10650,SESS-31623,CART-28623,1765300097375,457.98,215.24,35.18,Sports,5,Returned,Affiliate,North,P-479,SKU-4585,91.60,10.36,36.64,New,PayPal
ORD-26624,CUST-10650,SESS-31624,CART-28624,2024-12-02,342.45,110.77,34.38,Electronics,4,Pending,Affiliate,International,P-334,SKU-675,85.61,13.42,27.40,New,Debit Card
ORD-26625,CUST-10651,SESS-31625,CART-28625,2025-02-17,416.53,216.96,36.24,Sports,3,Pending,Mobile App,South,P-190,SKU-3559,138.84,4.54,33.32,New,Credit Card
ORD-26626,CUST-10651,SESS-31626,CART-28626,2024-09-12,100.23,31.42,4.59,Beauty,3,Shipped,Affiliate,International,P-528,SKU-574,33.41,8.39,8.02,VIP,PayPal
ORD-26627,CUST-10651,SESS-31627,CART-28627,2024-04-01,480.19,213.92,38.17,Sports,1,Pending,Affiliate,West,P-379,SKU-1607,480.19,7.81,38.41,VIP,Crypto
ORD-26628,CUST-10652,SESS-31628,CART-28628,2024-03-19,97.45,49.45,11.17,Home,5,Completed,Social Media,North,P-189,SKU-971,19.49,9.72,7.80,VIP,Crypto
ORD-26629,CUST-10652,SESS-31629,CART-28629,2025-10-12,77.47,40.45,43.22,Sports,2,Cancelled,Web,West,P-497,SKU-4093,38.73,14.26,6.20,Returning,Credit Card
ORD-26630,CUST-10653,SESS-31630,CART-28630,2024-09-21,459.06,263.17,38.68,Fashion,1,Pending,Social Media,East,P-49,SKU-3982,459.06,9.25,36.72,Returning,Crypto
ORD-26631,CUST-10653,SESS-31631,CART-28631,2025-08-07,114.11,36.52,10.64,Beauty,4,Shipped,Web,International,P-50,SKU-3646,28.53,17.78,9.13,Returning,PayPal
ORD-26632,CUST-10653,SESS-31632,CART-28632,2024-05-30,51.29,17.12,36.88,Electronics,4,Shipped,Social Media,South,P-70,SKU-4840,12.82,0.28,4.10,VIP,PayPal
ORD-26633,CUST-10654,SESS-31633,CART-28633,2023-07-14,18.74,7.07,19.74,,3,Pending,Social Media,South,P-400,SKU-3718,6.25,14.47,1.50,VIP,Crypto
ORD-26634,CUST-10654,SESS-31634,CART-28634,2023-04-03,14.56,4.74,5.57,Fashion,4,Completed,Mobile App,East,P-794,SKU-1114,3.64,3.52,1.16,VIP,PayPal
ORD-26635,CUST-10655,SESS-31635,CART-28635,2024-10-03,240.46,113.96,32.40,Home,4,Pending,Affiliate,International,P-547,SKU-1209,60.12,10.84,19.24,New,Debit Card
ORD-26636,CUST-10655,SESS-31636,CART-28636,2024-09-01,93.66,54.38,5.63,  electronics  ,4,Pending,Affiliate,International,P-27,SKU-3790,23.41,19.13,7.49,Returning,Crypto
ORD-26637,CUST-10655,SESS-31637,CART-28637,2023-10-21,108.15,52.04,47.05,Electronics,3,Shipped,Mobile App,East,P-37,SKU-2707,36.05,7.48,8.65,New,Debit Card
ORD-26638,CUST-10656,SESS-31638,CART-28638,2023-07-02,106.25,36.43,4.30,Fashion,3,Shipped,Mobile App,International,P-795,SKU-3478,35.42,5.05,8.50,New,Crypto
ORD-26639,CUST-10656,SESS-31639,CART-28639,2026-03-09,489.08,263.27,34.89,Sports,5,Returned,Mobile App,South,P-861,SKU-2399,97.82,19.49,39.13,New,Credit Card
ORD-26640,CUST-10657,SESS-31640,CART-28640,2023-01-06,250.28,98.29,33.76,Home,3,Cancelled,Affiliate,North,P-21,SKU-345,83.43,6.37,20.02,Returning,Debit Card
ORD-26641,CUST-10657,SESS-31641,CART-28641,2024-01-27,417.09,143.05,25.56,Home,3,Completed,Affiliate,East,P-634,SKU-1208,139.03,3.36,33.37,Returning,Crypto
ORD-26642,CUST-10657,SESS-31642,CART-28642,2023-06-13,376.56,143.83,31.25,Fashion,,Cancelled,Affiliate,West,P-319,SKU-273,188.28,7.46,30.12,VIP,Credit Card
ORD-26643,CUST-10658,SESS-31643,CART-28643,2025-11-16,418.87,151.57,3.28,Electronics,2,Pending,Social Media,International,P-832,SKU-3287,209.44,11.90,33.51,VIP,Credit Card
ORD-26644,CUST-10658,SESS-31644,CART-28644,2024-12-10,285.15,108.09,16.88,NULL,3,Cancelled,Mobile App,West,P-372,SKU-2332,95.05,12.47,22.81,VIP,Credit Card
ORD-26645,CUST-10659,SESS-31645,CART-28645,2025-01-18,12.59,5.89,33.38,Electronics,5,Returned,Affiliate,West,P-68,SKU-3702,2.52,15.50,1.01,New,Crypto
ORD-26646,CUST-10659,SESS-31646,CART-28646,2025-01-28,13.83,6.34,5.05,Sports,2,Cancelled,Affiliate,North,P-400,SKU-3204,6.91,10.47,1.11,VIP,PayPal
ORD-26647,CUST-10659,SESS-31647,CART-28647,2024-05-14,86.60,37.14,26.22,Sports,5,Cancelled,Affiliate,International,P-839,SKU-1481,17.32,5.63,6.93,New,Crypto
ORD-26648,CUST-10660,SESS-31648,CART-28648,2023-04-09,51.00,30.48,27.95,Electronics,3,Returned,Web,North,P-600,SKU-69,17.00,17.28,4.08,New,Crypto
ORD-26649,CUST-10660,SESS-31649,CART-28649,2024-10-16,275.73,164.90,36.35,Beauty,1,Completed,Web,West,P-502,SKU-322,275.73,12.42,22.06,Returning,Crypto
ORD-26650,CUST-10661,SESS-31650,CART-28650,2024-06-12,345.91,177.77,7.62,Electronics,5,Cancelled,Affiliate,West,P-430,SKU-3536,69.18,13.38,27.67,New,Debit Card
ORD-26651,CUST-10661,SESS-31651,CART-28651,2/23/2024,353.81,129.52,26.60,Fashion,4,Returned,Social Media,East,P-951,SKU-2492,88.45,17.80,28.30,New,Crypto
ORD-26652,CUST-10661,SESS-31652,CART-28652,2023-02-19,118.02,55.85,19.64,Sports,5,Returned,Web,West,P-88,SKU-2212,23.60,14.46,9.44,VIP,Debit Card
ORD-26653,CUST-10662,SESS-31653,CART-28653,10/24/2023,385.54,143.26,18.29,Electronics,2,Shipped,Social Media,South,P-429,SKU-2652,192.77,16.84,30.84,New,Crypto
ORD-26654,CUST-10662,SESS-31654,CART-28654,2023-08-16,208.77,64.53,32.64,Electronics,4,Shipped,Mobile App,International,P-134,SKU-3826,52.19,19.95,16.70,Returning,Crypto
ORD-26655,CUST-10663,SESS-31655,CART-28655,2026-01-22,306.30,155.93,25.60,Fashion,2,Completed,Affiliate,International,P-732,SKU-1256,153.15,10.72,24.50,Returning,Crypto
ORD-26656,CUST-10663,SESS-31656,CART-28656,2025-10-21,359.40,212.51,27.05,Home,3,Cancelled,Web,West,P-69,SKU-3439,119.80,3.67,28.75,VIP,Debit Card
ORD-26657,CUST-10663,SESS-31657,CART-28657,2024-11-22,343.38,192.19,48.33,Fashion,5,Pending,Affiliate,East,P-469,SKU-62,68.68,11.32,27.47,New,PayPal
ORD-26658,CUST-10664,SESS-31658,CART-28658,2023-12-23,438.81,195.04,46.11,Beauty,3,Shipped,Web,North,P-990,SKU-3002,146.27,11.41,35.11,New,Debit Card
ORD-26659,CUST-10664,SESS-31659,CART-28659,2024-12-19,480.41,265.07,46.20,Home,4,Shipped,Web,North,P-305,SKU-89,120.10,3.59,38.43,VIP,Crypto
ORD-26660,CUST-10665,SESS-31660,CART-28660,2024-01-20,441.68,164.58,6.75,Sports,2,Cancelled,Social Media,North,P-684,SKU-2574,220.84,17.03,35.33,New,Debit Card
ORD-26661,CUST-10665,SESS-31661,CART-28661,2024-10-12,313.31,138.86,20.52,Fashion,1,Shipped,Social Media,South,P-619,SKU-3003,313.31,3.40,25.06,Returning,Credit Card
ORD-26662,CUST-10665,SESS-31662,CART-28662,2025-09-10,114.34,53.68,22.04,Beauty,3,Shipped,Web,North,P-518,SKU-3383,38.11,12.61,9.15,VIP,Crypto
ORD-26663,CUST-10666,SESS-31663,CART-28663,2023-07-24,16.23,8.40,45.90,Sports,3,Completed,Affiliate,East,P-321,SKU-3417,5.41,4.39,1.30,Returning,Debit Card
ORD-26664,CUST-10666,SESS-31664,CART-28664,2025-04-22,145.42,66.75,18.55,Fashion,1,Shipped,Social Media,International,P-722,SKU-604,145.42,9.28,11.63,New,Debit Card
ORD-26665,CUST-10667,SESS-31665,CART-28665,2025-06-18,250.97,150.08,35.80,Beauty,2,Returned,Affiliate,International,P-713,SKU-2125,125.49,17.94,20.08,New,PayPal
ORD-26666,CUST-10667,SESS-31666,CART-28666,2023-10-01,491.17,210.91,47.40,Fashion,5,Pending,Affiliate,North,P-448,SKU-4025,98.23,10.08,39.29,New,Debit Card
ORD-26667,CUST-10667,SESS-31667,CART-28667,2025-09-01,342.73,177.90,12.43,Electronics,4,Pending,Mobile App,International,P-724,SKU-547,85.68,5.96,27.42,VIP,Crypto
ORD-26668,CUST-10668,SESS-31668,CART-28668,2025-07-29,488.54,236.23,36.85,Electronics,3,Completed,Social Media,East,P-337,SKU-4425,162.85,3.53,39.08,VIP,Credit Card
ORD-26669,CUST-10668,SESS-31669,CART-28669,2025-03-23,136.43,70.60,42.04,Beauty,5,Pending,Mobile App,West,P-704,SKU-2720,27.29,8.12,10.91,Returning,PayPal
ORD-26670,CUST-10669,SESS-31670,CART-28670,2023-10-30,36.58,16.13,2.13,Electronics,1,Cancelled,Social Media,South,P-856,SKU-4898,36.58,7.45,2.93,New,PayPal
ORD-26671,CUST-10669,SESS-31671,CART-28671,2025-11-24,253.74,119.13,42.17,Home,3,Shipped,Web,International,P-880,SKU-2483,84.58,17.06,20.30,Returning,PayPal
ORD-26672,CUST-10669,SESS-31672,CART-28672,1728843565455,337.99,163.89,37.70,Home,3,Completed,Mobile App,North,P-375,SKU-3054,112.66,4.45,27.04,New,Debit Card
ORD-26673,CUST-10670,SESS-31673,CART-28673,2024-02-18,370.76,163.79,49.71,Electronics,2,Completed,Social Media,East,P-91,SKU-3788,185.38,14.18,29.66,Returning,PayPal
ORD-26674,CUST-10670,SESS-31674,CART-28674,2025-07-19,  220.21  ,109.08,2.80,Beauty,3,Completed,Mobile App,International,P-202,SKU-2929,73.40,12.81,17.62,Returning,PayPal
ORD-26675,CUST-10671,SESS-31675,CART-28675,2024-07-05,165.10,51.49,8.45,Electronics,1,Returned,Web,East,P-544,SKU-4932,165.10,3.86,13.21,New,PayPal
ORD-26676,CUST-10671,SESS-31676,CART-28676,2023-04-19,382.05,226.67,26.01,Fashion,2,Pending,Mobile App,North,P-158,SKU-4099,191.02,14.14,30.56,New,Debit Card
ORD-26677,CUST-10671,SESS-31677,CART-28677,2025-04-17,358.55,156.00,46.13,Home,2,Pending,Social Media,West,P-933,SKU-1361,179.28,5.59,28.68,New,Debit Card
ORD-26678,CUST-10672,SESS-31678,CART-28678,2024-12-23,216.24,97.01,46.57,Fashion,1,Completed,Affiliate,East,P-409,SKU-4919,216.24,9.89,17.30,Returning,Crypto
ORD-26679,CUST-10672,SESS-31679,CART-28679,2023-05-31,308.74,120.39,32.89,Electronics,3,Shipped,Web,South,P-87,SKU-624,102.91,4.90,24.70,Returning,Crypto
ORD-26680,CUST-10673,SESS-31680,CART-28680,2025-10-15,72.50,26.47,38.19,Fashion,4,Shipped,Affiliate,North,P-601,SKU-219,18.12,14.43,5.80,New,Credit Card
ORD-26681,CUST-10673,SESS-31681,CART-28681,2023-07-06,59.58,35.30,28.57,Home,1,Cancelled,Social Media,East,P-419,SKU-3163,59.58,7.71,4.77,New,Debit Card
ORD-26682,CUST-10673,SESS-31682,CART-28682,2023-05-25,496.89,234.97,45.76,Beauty,2,Shipped,Mobile App,East,P-287,SKU-4585,248.44,8.74,39.75,New,Debit Card
ORD-26683,CUST-10674,SESS-31683,CART-28683,2026-03-10,412.81,245.49,40.52,Home,4,Pending,Affiliate,North,P-751,SKU-3197,103.20,3.83,33.03,VIP,Credit Card
ORD-26684,CUST-10674,SESS-31684,CART-28684,1692555207636,462.81,169.58,13.38,Electronics,4,Returned,Affiliate,International,P-824,SKU-495,115.70,12.63,37.02,New,Debit Card
ORD-26685,CUST-10675,SESS-31685,CART-28685,6/18/2024,10.33,3.17,7.93,Fashion,3,Cancelled,Affiliate,North,P-524,SKU-4464,3.44,18.07,0.83,VIP,PayPal
ORD-26686,CUST-10675,SESS-31686,CART-28686,2024-08-05,  139.49  ,50.13,43.06,Electronics,5,Pending,Mobile App,South,P-468,SKU-1793,27.90,0.31,11.16,New,Debit Card
ORD-26687,CUST-10675,SESS-31687,CART-28687,2025-10-23,339.33,190.42,31.93,Sports,5,Shipped,Mobile App,International,P-766,SKU-2832,67.87,10.69,27.15,Returning,Credit Card
ORD-26688,CUST-10676,SESS-31688,CART-28688,2023-09-28,127.33,47.67,27.29,Home,1,Shipped,Web,East,P-250,SKU-3191,127.33,16.58,10.19,Returning,Crypto
ORD-26689,CUST-10676,SESS-31689,CART-28689,2023-03-02,450.47,198.35,48.55,Beauty,2,Pending,Affiliate,International,P-443,SKU-4712,225.24,14.16,36.04,New,Credit Card
ORD-26690,CUST-10677,SESS-31690,CART-28690,8/16/2025,185.90,76.46,11.00,Beauty,1,Pending,Social Media,South,P-561,SKU-3793,185.90,10.81,14.87,Returning,Crypto
ORD-26691,CUST-10677,SESS-31691,CART-28691,2025-12-01,361.07,170.65,43.25,Home,2,Returned,Affiliate,South,P-50,SKU-3830,180.53,8.27,28.89,Returning,Credit Card
ORD-26692,CUST-10677,SESS-31692,CART-28692,2025-05-27,99.65,56.02,8.54,Home,1,Returned,Mobile App,East,P-71,SKU-2314,99.65,11.36,7.97,VIP,PayPal
ORD-26693,CUST-10678,SESS-31693,CART-28693,2024-10-11,243.03,104.39,4.36,Beauty,4,Cancelled,Web,East,P-853,SKU-3516,60.76,8.49,19.44,New,Crypto
ORD-26694,CUST-10678,SESS-31694,CART-28694,2024-01-22,20.41,7.58,27.56,Sports,NULL,Pending,Web,International,P-734,SKU-822,5.10,19.66,1.63,VIP,Debit Card
ORD-26695,CUST-10679,SESS-31695,CART-28695,2024-02-01,205.21,67.98,14.14,Home,2,Cancelled,Web,West,P-443,SKU-3550,102.61,0.19,16.42,VIP,Crypto
ORD-26696,CUST-10679,SESS-31696,CART-28696,2025-10-14,376.76,189.08,43.74,Fashion,1,Completed,Web,West,P-122,SKU-2634,376.76,6.40,30.14,New,PayPal
ORD-26697,CUST-10679,SESS-31697,CART-28697,2023-10-09,295.10,118.77,26.66,Home,4,Completed,Affiliate,South,P-353,SKU-2153,73.78,4.55,23.61,VIP,PayPal
ORD-26698,CUST-10680,SESS-31698,CART-28698,2024-12-17,  32.63  ,18.27,24.60,Electronics,3,Completed,Mobile App,East,P-83,SKU-2553,10.88,13.41,2.61,VIP,Crypto
ORD-26699,CUST-10680,SESS-31699,CART-28699,2024-01-11,344.99,202.59,1.76,Electronics,1,Completed,Web,East,P-105,SKU-3968,344.99,13.96,27.60,New,Crypto
ORD-26700,CUST-10681,SESS-31700,CART-28700,2024-08-08,328.63,105.77,22.25,Home,1,Shipped,Web,International,P-652,SKU-1434,328.63,4.97,26.29,New,Crypto
ORD-26701,CUST-10681,SESS-31701,CART-28701,2025-02-22,147.42,64.85,41.81,Beauty,2,Cancelled,Web,East,P-133,SKU-3116,73.71,19.02,11.79,VIP,Debit Card
ORD-26702,CUST-10681,SESS-31702,CART-28702,2025-10-05,234.80,92.03,7.71,Sports,2,Pending,Web,International,P-615,SKU-489,117.40,5.35,18.78,Returning,PayPal
ORD-26703,CUST-10682,SESS-31703,CART-28703,2024-12-13,359.23,164.68,7.94,Fashion,5,Completed,Social Media,North,P-453,SKU-2640,71.85,3.60,28.74,New,Debit Card
ORD-26704,CUST-10682,SESS-31704,CART-28704,2025-11-02,418.03,181.26,48.04,Sports,1,Completed,Social Media,South,P-449,SKU-1780,418.03,9.05,33.44,New,Debit Card
ORD-26705,CUST-10683,SESS-31705,CART-28705,2024-04-11,91.89,53.72,36.03,Electronics,1,Shipped,Affiliate,South,P-320,SKU-2541,91.89,19.36,7.35,VIP,Crypto
ORD-26706,CUST-10683,SESS-31706,CART-28706,2023-02-08,15.39,7.11,13.98,Home,4,Returned,Web,East,P-939,SKU-4471,3.85,3.88,1.23,New,PayPal
ORD-26707,CUST-10683,SESS-31707,CART-28707,2026-02-14,260.36,120.78,10.36,  beauty  ,3,Shipped,Affiliate,North,P-396,SKU-395,86.79,12.83,20.83,VIP,Debit Card
ORD-26708,CUST-10684,SESS-31708,CART-28708,2024-06-14,80.08,24.86,44.03,Sports,4,Cancelled,Social Media,South,P-686,SKU-1521,20.02,18.42,6.41,Returning,PayPal
ORD-26709,CUST-10684,SESS-31709,CART-28709,2023-07-02,,148.33,22.51,Electronics,5,Returned,Affiliate,South,P-396,SKU-2632,81.80,15.38,32.72,VIP,PayPal
ORD-26710,CUST-10685,SESS-31710,CART-28710,2023-08-10,233.77,71.86,21.92,Sports,3,Cancelled,Social Media,West,P-569,SKU-824,77.92,15.24,18.70,VIP,Credit Card
ORD-26711,CUST-10685,SESS-31711,CART-28711,2024-10-31,337.18,175.85,22.59,Sports,4,Shipped,Web,East,P-514,SKU-4249,84.30,3.22,26.97,VIP,PayPal
ORD-26712,CUST-10685,SESS-31712,CART-28712,2024-08-04,282.21,91.25,35.21,  sports  ,5,Returned,Social Media,East,P-261,SKU-2046,56.44,3.92,22.58,VIP,PayPal
ORD-26713,CUST-10686,SESS-31713,CART-28713,2024-11-21,466.14,142.04,32.30,,2,Cancelled,Web,North,P-9,SKU-147,233.07,17.21,37.29,VIP,Debit Card
ORD-26714,CUST-10686,SESS-31714,CART-28714,2024-02-11,268.99,112.05,20.83,Fashion,4,Completed,Affiliate,North,P-351,SKU-972,67.25,3.36,21.52,VIP,Debit Card
ORD-26715,CUST-10687,SESS-31715,CART-28715,2023-04-25,411.16,174.95,4.85,Sports,1,Cancelled,Affiliate,North,P-283,SKU-586,411.16,8.08,32.89,VIP,Debit Card
ORD-26716,CUST-10687,SESS-31716,CART-28716,2026-01-19,165.46,52.96,48.98,,3,Returned,Mobile App,North,P-240,SKU-4834,55.15,15.43,13.24,Returning,PayPal
ORD-26717,CUST-10687,SESS-31717,CART-28717,2024-11-10,264.08,95.47,32.23,Beauty,1,Returned,Affiliate,West,P-200,SKU-2713,264.08,17.76,21.13,VIP,Debit Card
ORD-26718,CUST-10688,SESS-31718,CART-28718,4/30/2024,52.96,28.00,34.05,Sports,3,Returned,Social Media,West,P-42,SKU-1381,17.65,5.16,4.24,Returning,PayPal
ORD-26719,CUST-10688,SESS-31719,CART-28719,2023-05-08,48.33,27.36,15.61,Beauty,2,Pending,Social Media,East,P-901,SKU-378,24.17,16.16,3.87,New,Debit Card
ORD-26720,CUST-10689,SESS-31720,CART-28720,1729001034266,265.68,121.39,33.91,Home,2,Completed,Affiliate,International,P-224,SKU-445,132.84,1.88,21.25,Returning,Debit Card
ORD-26721,CUST-10689,SESS-31721,CART-28721,2023-07-25,293.84,151.64,31.85,Home,4,Shipped,Social Media,South,P-234,SKU-1947,73.46,14.39,23.51,VIP,Debit Card
ORD-26722,CUST-10689,SESS-31722,CART-28722,2026-02-19,218.07,99.50,44.47,Beauty,2,Pending,Social Media,South,P-178,SKU-1793,109.04,2.25,17.45,New,PayPal
ORD-26723,CUST-10690,SESS-31723,CART-28723,2026-01-28,153.74,57.16,9.74,Beauty,1,Completed,Mobile App,West,P-67,SKU-944,153.74,7.73,12.30,Returning,Crypto
ORD-26724,CUST-10690,SESS-31724,CART-28724,2025-11-12,240.96,121.39,13.78,Fashion,3,Pending,Affiliate,International,P-904,SKU-2045,80.32,17.70,19.28,New,Crypto
ORD-26725,CUST-10691,SESS-31725,CART-28725,2026-02-24,200.99,61.35,27.32,Fashion,4,Returned,Social Media,West,P-972,SKU-4116,50.25,3.26,16.08,VIP,PayPal
ORD-26726,CUST-10691,SESS-31726,CART-28726,2/12/2026,172.74,100.27,20.40,Home,3,Returned,Mobile App,West,P-657,SKU-1347,57.58,5.61,13.82,Returning,Crypto
ORD-26727,CUST-10691,SESS-31727,CART-28727,2024-06-13,434.37,134.47,21.43,  electronics  ,5,Shipped,Affiliate,North,P-112,SKU-2054,86.87,8.71,34.75,New,Debit Card
ORD-26728,CUST-10692,SESS-31728,CART-28728,2024-04-21,171.94,98.45,29.47,Beauty,2,Cancelled,Affiliate,International,P-804,SKU-3365,85.97,0.60,13.76,Returning,Credit Card
ORD-26729,CUST-10692,SESS-31729,CART-28729,2023-09-29,227.74,103.88,29.48,Sports,5,Completed,Social Media,East,P-192,SKU-3897,45.55,19.95,18.22,Returning,Crypto
ORD-26730,CUST-10693,SESS-31730,CART-28730,2024-03-19,393.48,153.96,14.58,Sports,3,Shipped,Mobile App,South,P-534,SKU-3149,131.16,17.08,31.48,Returning,PayPal
ORD-26731,CUST-10693,SESS-31731,CART-28731,2023-05-18,131.78,66.24,44.13,Electronics,1,Returned,Affiliate,East,P-853,SKU-3881,131.78,15.46,10.54,New,Debit Card
ORD-26732,CUST-10693,SESS-31732,CART-28732,2025-04-22,281.53,132.82,25.35,Electronics,5,Cancelled,Social Media,International,P-627,SKU-2670,56.31,10.28,22.52,New,Debit Card
ORD-26733,CUST-10694,SESS-31733,CART-28733,2024-07-06,377.06,185.74,42.10,Home,5,Returned,Mobile App,International,P-523,SKU-4090,75.41,16.21,30.16,VIP,Credit Card
ORD-26734,CUST-10694,SESS-31734,CART-28734,2025-10-08,282.01,155.71,26.65,Home,2,Pending,Affiliate,North,P-156,SKU-2285,141.01,1.45,22.56,Returning,Credit Card
ORD-26735,CUST-10695,SESS-31735,CART-28735,2026-02-11,275.64,153.22,3.27,Beauty,5,Cancelled,Web,East,P-385,SKU-281,55.13,1.16,22.05,New,PayPal
ORD-26736,CUST-10695,SESS-31736,CART-28736,2024-11-08,199.17,116.93,22.71,Sports,3,Pending,Social Media,West,P-693,SKU-4052,66.39,10.99,15.93,New,Debit Card
ORD-26737,CUST-10695,SESS-31737,CART-28737,2024-08-30,314.71,171.08,42.43,Home,3,Cancelled,Mobile App,North,P-413,SKU-4737,104.90,15.66,25.18,VIP,Debit Card
ORD-26738,CUST-10696,SESS-31738,CART-28738,2024-12-11,75.09,25.15,27.57,Fashion,1,Cancelled,Mobile App,International,P-359,SKU-1183,75.09,17.69,6.01,VIP,PayPal
ORD-26739,CUST-10696,SESS-31739,CART-28739,2024-11-29,133.77,46.66,10.50,Beauty,4,Completed,Web,North,P-450,SKU-3024,33.44,8.51,10.70,Returning,PayPal
ORD-26740,CUST-10697,SESS-31740,CART-28740,2025-11-12,74.45,23.77,14.03,Sports,2,Pending,Social Media,South,P-703,SKU-73,37.22,5.12,5.96,New,Credit Card
ORD-26741,CUST-10697,SESS-31741,CART-28741,2024-09-25,248.04,108.85,46.49,Fashion,5,Shipped,Web,North,P-369,SKU-4054,49.61,13.54,19.84,VIP,PayPal
ORD-26742,CUST-10697,SESS-31742,CART-28742,2024-03-14,290.25,137.04,1.57,Home,4,Completed,Social Media,North,P-680,SKU-1287,72.56,14.40,23.22,New,Credit Card
ORD-26743,CUST-10698,SESS-31743,CART-28743,2024-03-12,234.22,87.09,43.83,Sports,2,Cancelled,Social Media,East,P-279,SKU-634,117.11,2.46,18.74,Returning,Debit Card
ORD-26744,CUST-10698,SESS-31744,CART-28744,2023-08-27,42.25,22.92,47.92,Fashion,4,Returned,Mobile App,West,P-829,SKU-67,10.56,17.29,3.38,Returning,Crypto
ORD-26745,CUST-10699,SESS-31745,CART-28745,2026-01-04,170.99,73.83,8.19,Beauty,2,Completed,Web,South,P-924,SKU-2499,85.49,2.32,13.68,Returning,Crypto
ORD-26746,CUST-10699,SESS-31746,CART-28746,2023-06-24,72.15,31.73,24.66,Fashion,2,Completed,Mobile App,West,P-676,SKU-4189,36.08,13.77,5.77,New,Debit Card
ORD-26747,CUST-10699,SESS-31747,CART-28747,2025-02-03,280.42,151.53,17.17,Electronics,2,Completed,Affiliate,West,P-35,SKU-3159,140.21,3.68,22.43,Returning,PayPal
ORD-26748,CUST-10700,SESS-31748,CART-28748,2023-07-24,386.05,219.21,12.46,Beauty,5,Pending,Affiliate,West,P-540,SKU-4120,77.21,14.44,30.88,Returning,PayPal
ORD-26749,CUST-10700,SESS-31749,CART-28749,2024-05-15,259.96,110.05,29.96,Electronics,1,Pending,Social Media,North,P-444,SKU-1691,259.96,1.70,20.80,VIP,PayPal
ORD-26750,CUST-10701,SESS-31750,CART-28750,2025-08-03,218.73,124.33,9.50,Fashion,5,Returned,Affiliate,East,P-541,SKU-3521,43.75,8.45,17.50,Returning,PayPal
ORD-26751,CUST-10701,SESS-31751,CART-28751,12/25/2024,281.05,159.89,11.26,Electronics,1,Pending,Social Media,East,P-275,SKU-890,281.05,19.48,22.48,VIP,PayPal
ORD-26752,CUST-10701,SESS-31752,CART-28752,2025-11-30,204.50,114.60,5.78,  home  ,1,Returned,Social Media,North,P-189,SKU-4505,204.50,9.83,16.36,VIP,Crypto
ORD-26753,CUST-10702,SESS-31753,CART-28753,2023-02-19,287.37,93.90,24.07,Beauty,2,Returned,Social Media,West,P-947,SKU-3344,143.68,16.94,22.99,New,Debit Card
ORD-26754,CUST-10702,SESS-31754,CART-28754,2024-11-29,382.20,187.17,8.62,Beauty,5,Cancelled,Social Media,West,P-798,SKU-962,76.44,0.52,30.58,VIP,Crypto
ORD-26755,CUST-10703,SESS-31755,CART-28755,2025-11-14,154.71,68.92,34.21,,4,Shipped,Social Media,West,P-396,SKU-4707,38.68,17.15,12.38,New,Credit Card
ORD-26756,CUST-10703,SESS-31756,CART-28756,2023-10-07,227.07,90.59,22.14,Sports,2,Cancelled,Affiliate,South,P-533,SKU-2050,113.54,15.96,18.17,VIP,Credit Card
ORD-26757,CUST-10703,SESS-31757,CART-28757,2023-06-01,125.25,74.80,32.84,Electronics,2,Completed,Web,International,P-519,SKU-155,62.62,3.39,10.02,VIP,PayPal
ORD-26758,CUST-10704,SESS-31758,CART-28758,1/11/2025,42.97,23.32,1.85,Sports,5,Cancelled,Affiliate,West,P-646,SKU-531,8.59,1.99,3.44,Returning,PayPal
ORD-26759,CUST-10704,SESS-31759,CART-28759,1745952932142,145.42,59.92,7.17,Electronics,3,Cancelled,Social Media,South,P-279,SKU-1350,48.47,10.51,11.63,Returning,Credit Card
ORD-26760,CUST-10705,SESS-31760,CART-28760,1715054292957,72.28,29.07,47.52,Fashion,3,Completed,Mobile App,South,P-463,SKU-2885,24.09,15.02,5.78,New,Crypto
ORD-26761,CUST-10705,SESS-31761,CART-28761,2025-09-05,109.96,61.88,10.18,Beauty,5,Completed,Social Media,South,P-166,SKU-2468,21.99,12.14,8.80,VIP,Crypto
ORD-26762,CUST-10705,SESS-31762,CART-28762,8/10/2024,13.20,4.54,41.95,Beauty,4,Shipped,Web,North,P-523,SKU-3812,3.30,8.88,1.06,New,PayPal
ORD-26763,CUST-10706,SESS-31763,CART-28763,2023-06-03,76.86,24.85,30.38,Sports,3,Completed,Mobile App,West,P-568,SKU-4944,25.62,12.04,6.15,Returning,Debit Card
ORD-26764,CUST-10706,SESS-31764,CART-28764,2025-01-23,245.34,114.22,39.84,Sports,3,Shipped,Affiliate,North,P-530,SKU-4204,81.78,16.29,19.63,VIP,PayPal
ORD-26765,CUST-10707,SESS-31765,CART-28765,2025-01-13,87.58,48.38,11.60,Electronics,5,Completed,Mobile App,International,P-13,SKU-1482,17.52,15.92,7.01,Returning,Crypto
ORD-26766,CUST-10707,SESS-31766,CART-28766,2023-07-13,157.85,72.18,33.64,Home,3,Completed,Social Media,North,P-513,SKU-249,52.62,1.36,12.63,VIP,Credit Card
ORD-26767,CUST-10707,SESS-31767,CART-28767,2025-05-05,307.62,98.81,20.97,Sports,3,Cancelled,Affiliate,West,P-401,SKU-3129,102.54,18.59,24.61,VIP,Credit Card
ORD-26768,CUST-10708,SESS-31768,CART-28768,2025-09-18,388.03,180.84,34.52,Home,5,Shipped,Social Media,East,P-962,SKU-94,77.61,8.56,31.04,VIP,Credit Card
ORD-26769,CUST-10708,SESS-31769,CART-28769,2023-11-03,400.16,196.45,30.53,Sports,3,Returned,Affiliate,North,P-136,SKU-2616,133.39,6.38,32.01,VIP,Credit Card
ORD-26770,CUST-10709,SESS-31770,CART-28770,2023-09-27,108.31,39.42,42.21,Home,2,Pending,Mobile App,East,P-700,SKU-3463,54.15,16.36,8.66,VIP,Crypto
ORD-26771,CUST-10709,SESS-31771,CART-28771,2025-12-12,402.33,128.58,20.49,Sports,1,Cancelled,Social Media,East,P-65,SKU-556,402.33,7.64,32.19,New,PayPal
ORD-26772,CUST-10709,SESS-31772,CART-28772,2024-10-30,133.69,66.37,2.85,Beauty,2,Pending,Affiliate,East,P-172,SKU-127,66.85,9.32,10.70,Returning,Crypto
ORD-26773,CUST-10710,SESS-31773,CART-28773,2025-06-21,406.94,211.75,3.81,Beauty,1,Pending,Social Media,South,P-757,SKU-2750,406.94,5.45,32.56,VIP,Debit Card
ORD-26774,CUST-10710,SESS-31774,CART-28774,2026-01-05,154.57,47.53,2.09,Electronics,5,Pending,Social Media,West,P-5,SKU-1533,30.91,18.67,12.37,Returning,Credit Card
ORD-26775,CUST-10711,SESS-31775,CART-28775,2024-06-15,443.14,247.88,10.18,Beauty,4,Pending,Social Media,North,P-54,SKU-4206,110.78,10.23,35.45,New,Crypto
ORD-26776,CUST-10711,SESS-31776,CART-28776,2025-02-09,323.97,154.07,5.63,Electronics,5,Pending,Social Media,East,P-291,SKU-3432,64.79,16.64,25.92,Returning,Credit Card
ORD-26777,CUST-10711,SESS-31777,CART-28777,2023-08-25,355.17,110.87,12.14,Home,1,Shipped,Social Media,International,P-370,SKU-1647,355.17,14.79,28.41,New,Credit Card
ORD-26778,CUST-10712,SESS-31778,CART-28778,2024-08-18,94.40,52.46,41.44,Fashion,1,Cancelled,Social Media,West,P-2,SKU-2266,94.40,19.93,7.55,VIP,Debit Card
ORD-26779,CUST-10712,SESS-31779,CART-28779,2025-08-30,285.44,92.79,11.88,Beauty,2,Shipped,Affiliate,East,P-195,SKU-3046,142.72,15.63,22.84,New,Debit Card
ORD-26780,CUST-10713,SESS-31780,CART-28780,2024-11-25,82.34,30.69,29.41,Electronics,4,Shipped,Mobile App,West,P-883,SKU-1686,20.58,2.83,6.59,VIP,Credit Card
ORD-26781,CUST-10713,SESS-31781,CART-28781,2023-11-15,148.57,49.22,20.32,Electronics,4,Pending,Social Media,West,P-710,SKU-1675,37.14,14.26,11.89,New,Crypto
ORD-26782,CUST-10713,SESS-31782,CART-28782,2023-04-04,308.76,180.21,9.38,Fashion,1,Completed,Affiliate,North,P-523,SKU-2437,308.76,7.87,24.70,VIP,PayPal
ORD-26783,CUST-10714,SESS-31783,CART-28783,2023-07-01,69.22,36.07,35.03,Beauty,5,Pending,Social Media,South,P-785,SKU-41,13.84,18.99,5.54,Returning,Credit Card
ORD-26784,CUST-10714,SESS-31784,CART-28784,1754808301205,258.12,109.94,12.68,Home,2,Completed,Mobile App,North,P-894,SKU-4383,129.06,8.59,20.65,New,Crypto
ORD-26785,CUST-10715,SESS-31785,CART-28785,2023-10-15,15.73,7.04,27.46,Beauty,2,Cancelled,Social Media,South,P-546,SKU-680,7.86,16.90,1.26,Returning,Debit Card
ORD-26786,CUST-10715,SESS-31786,CART-28786,2026-02-13,467.10,276.92,42.08,Beauty,2,Completed,Social Media,North,P-881,SKU-1993,233.55,15.07,37.37,New,Credit Card
ORD-26787,CUST-10715,SESS-31787,CART-28787,2023-10-05,296.56,94.19,15.49,Sports,4,Cancelled,Mobile App,West,P-996,SKU-1609,74.14,3.70,23.72,VIP,Crypto
ORD-26788,CUST-10716,SESS-31788,CART-28788,2024-01-24,105.14,56.25,15.77,Electronics,1,Shipped,Web,East,P-697,SKU-1974,105.14,17.28,8.41,New,Crypto
ORD-26789,CUST-10716,SESS-31789,CART-28789,2025-09-27,284.49,150.12,4.71,Electronics,5,Completed,Affiliate,East,P-5,SKU-3620,56.90,4.61,22.76,Returning,Debit Card
ORD-26790,CUST-10717,SESS-31790,CART-28790,2024-11-18,434.80,194.50,39.64,Fashion,1,Cancelled,Affiliate,South,P-728,SKU-3652,434.80,7.30,34.78,VIP,PayPal
ORD-26791,CUST-10717,SESS-31791,CART-28791,2025-04-24,322.30,111.66,0.75,Home,4,Completed,Mobile App,North,P-890,SKU-257,80.57,7.46,25.78,New,Credit Card
ORD-26792,CUST-10717,SESS-31792,CART-28792,2024-01-09,492.14,287.90,18.18,Fashion,3,Returned,Affiliate,North,P-794,SKU-1629,164.05,19.65,39.37,Returning,Debit Card
ORD-26793,CUST-10718,SESS-31793,CART-28793,2024-07-06,382.20,160.26,2.65,Sports,2,Completed,Social Media,East,P-667,SKU-1152,191.10,9.58,30.58,New,Crypto
ORD-26794,CUST-10718,SESS-31794,CART-28794,1739451858431,362.82,151.49,3.13,Home,4,Completed,Mobile App,West,P-261,SKU-350,90.71,9.68,29.03,Returning,Credit Card
ORD-26795,CUST-10719,SESS-31795,CART-28795,2025-05-26,54.83,20.41,47.49,Fashion,2,Completed,Affiliate,West,P-391,SKU-3152,27.42,16.22,4.39,Returning,Crypto
ORD-26796,CUST-10719,SESS-31796,CART-28796,2024-10-07,191.19,70.27,1.46,Fashion,3,Cancelled,Social Media,West,P-522,SKU-1792,63.73,13.34,15.30,VIP,Crypto
ORD-26797,CUST-10719,SESS-31797,CART-28797,2025-08-27,416.36,197.55,6.20,Home,4,Shipped,Web,East,P-71,SKU-4649,104.09,18.34,33.31,VIP,Debit Card
ORD-26798,CUST-10720,SESS-31798,CART-28798,2023-06-05,450.55,210.28,25.02,Fashion,2,Cancelled,Social Media,West,P-591,SKU-4522,225.28,3.74,36.04,VIP,Crypto
ORD-26799,CUST-10720,SESS-31799,CART-28799,2024-03-27,283.39,121.53,14.21,Sports,1,Cancelled,Mobile App,East,P-581,SKU-4685,283.39,6.73,22.67,New,Crypto
ORD-26800,CUST-10721,SESS-31800,CART-28800,2023-05-09,34.40,17.75,6.33,Beauty,2,Returned,Affiliate,North,P-144,SKU-2847,17.20,3.35,2.75,New,Crypto
ORD-26801,CUST-10721,SESS-31801,CART-28801,2025-06-21,436.20,245.07,44.95,Electronics,2,Cancelled,Social Media,West,P-348,SKU-2610,218.10,16.32,34.90,VIP,Crypto
ORD-26802,CUST-10721,SESS-31802,CART-28802,2023-04-01,234.03,132.27,44.36,Home,,Shipped,Web,North,P-805,SKU-43,78.01,14.78,18.72,Returning,PayPal
ORD-26803,CUST-10722,SESS-31803,CART-28803,2025-05-26,492.19,213.66,27.62,Home,4,Completed,Social Media,East,P-976,SKU-3881,123.05,14.15,39.38,New,Debit Card
ORD-26804,CUST-10722,SESS-31804,CART-28804,2024-12-24,53.73,17.19,39.79,Beauty,2,Completed,Social Media,East,P-757,SKU-4695,26.86,14.45,4.30,New,Crypto
ORD-26805,CUST-10723,SESS-31805,CART-28805,2025-10-05,170.68,68.84,40.60,Fashion,2,Pending,Social Media,East,P-423,SKU-4604,85.34,6.77,13.65,Returning,Credit Card
ORD-26806,CUST-10723,SESS-31806,CART-28806,2023-06-06,326.53,115.61,24.72,Home,4,Pending,Web,West,P-387,SKU-2081,81.63,4.40,26.12,Returning,Crypto
ORD-26807,CUST-10723,SESS-31807,CART-28807,6/17/2023,64.02,35.17,5.22,Electronics,2,Returned,Affiliate,International,P-679,SKU-2475,32.01,8.52,5.12,Returning,Crypto
ORD-26808,CUST-10724,SESS-31808,CART-28808,2025-02-16,256.49,98.31,4.51,Home,4,Shipped,Mobile App,North,P-162,SKU-2567,64.12,6.05,20.52,Returning,Credit Card
ORD-26809,CUST-10724,SESS-31809,CART-28809,2023-05-21,459.67,208.87,13.96,Fashion,5,Shipped,Mobile App,West,P-119,SKU-2645,91.93,15.88,36.77,Returning,PayPal
ORD-26810,CUST-10725,SESS-31810,CART-28810,2024-06-30,338.90,109.28,45.77,Fashion,2,Completed,Mobile App,South,P-893,SKU-4917,169.45,16.70,27.11,VIP,Debit Card
ORD-26811,CUST-10725,SESS-31811,CART-28811,2023-07-29,117.36,63.72,5.74,Home,4,Cancelled,Mobile App,East,P-821,SKU-3993,29.34,4.32,9.39,VIP,Crypto
ORD-26812,CUST-10725,SESS-31812,CART-28812,1714492397418,29.04,14.83,10.03,Sports,3,Cancelled,Social Media,East,P-150,SKU-3985,9.68,16.48,2.32,VIP,PayPal
ORD-26813,CUST-10726,SESS-31813,CART-28813,2024-05-03,234.46,133.32,11.17,Beauty,3,Shipped,Social Media,East,P-340,SKU-757,78.15,17.38,18.76,New,Debit Card
ORD-26814,CUST-10726,SESS-31814,CART-28814,2025-01-21,33.24,16.33,10.57,Beauty,3,Shipped,Mobile App,East,P-42,SKU-1654,11.08,7.13,2.66,VIP,Debit Card
ORD-26815,CUST-10727,SESS-31815,CART-28815,2024-03-28,134.87,61.07,34.02,,2,Cancelled,Web,East,P-228,SKU-4334,67.43,2.22,10.79,New,Crypto
ORD-26816,CUST-10727,SESS-31816,CART-28816,2025-03-05,223.44,112.49,27.17,Sports,4,Pending,Mobile App,South,P-311,SKU-3558,55.86,3.61,17.88,Returning,Crypto
ORD-26817,CUST-10727,SESS-31817,CART-28817,2024-06-11,12.07,6.35,14.38,Home,1,Pending,Social Media,West,P-878,SKU-4743,12.07,9.93,0.97,Returning,Crypto
ORD-26818,CUST-10728,SESS-31818,CART-28818,1695452921382,410.37,135.76,16.93,Sports,1,Cancelled,Social Media,South,P-324,SKU-864,410.37,3.17,32.83,VIP,PayPal
ORD-26819,CUST-10728,SESS-31819,CART-28819,2024-01-31,102.43,59.77,17.56,Home,5,Completed,Affiliate,North,P-170,SKU-3463,20.49,5.34,8.19,VIP,Debit Card
ORD-26820,CUST-10729,SESS-31820,CART-28820,2025-01-10,81.67,34.33,27.21,Home,1,Pending,Mobile App,South,P-777,SKU-2689,81.67,5.86,6.53,New,Credit Card
ORD-26821,CUST-10729,SESS-31821,CART-28821,2024-09-08,427.38,166.40,16.09,  electronics  ,5,Completed,Mobile App,East,P-37,SKU-1823,85.48,3.67,34.19,Returning,Credit Card
ORD-26822,CUST-10729,SESS-31822,CART-28822,2025-01-27,225.17,122.21,0.41,Sports,1,Returned,Affiliate,East,P-284,SKU-1968,225.17,10.95,18.01,New,Debit Card
ORD-26823,CUST-10730,SESS-31823,CART-28823,2024-07-11,476.70,166.00,48.34,Electronics,2,Cancelled,Affiliate,West,P-78,SKU-1159,238.35,9.63,38.14,Returning,PayPal
ORD-26824,CUST-10730,SESS-31824,CART-28824,2024-06-01,220.03,103.30,44.62,Sports,1,Completed,Social Media,East,P-853,SKU-3784,220.03,9.43,17.60,New,Crypto
ORD-26825,CUST-10731,SESS-31825,CART-28825,2025-07-28,286.14,125.11,2.51,Electronics,5,Shipped,Affiliate,International,P-678,SKU-1582,57.23,7.08,22.89,VIP,Crypto
ORD-26826,CUST-10731,SESS-31826,CART-28826,2024-08-05,406.16,177.98,34.12,Electronics,2,Completed,Mobile App,East,P-177,SKU-4438,203.08,9.39,32.49,Returning,PayPal
ORD-26827,CUST-10731,SESS-31827,CART-28827,2026-01-17,135.16,80.28,22.10,Sports,3,Shipped,Affiliate,International,P-825,SKU-4279,45.05,16.84,10.81,Returning,Credit Card
ORD-26828,CUST-10732,SESS-31828,CART-28828,2023-11-04,279.86,114.31,4.31,Sports,2,Pending,Affiliate,East,P-843,SKU-1301,139.93,9.48,22.39,New,PayPal
ORD-26829,CUST-10732,SESS-31829,CART-28829,2023-12-29,36.97,16.13,12.87,Electronics,2,Completed,Web,East,P-418,SKU-1026,18.49,3.82,2.96,VIP,Crypto
ORD-26830,CUST-10733,SESS-31830,CART-28830,2025-06-16,471.83,182.29,44.41,Sports,3,Pending,Web,East,P-722,SKU-1923,157.28,5.89,37.75,New,PayPal
ORD-26831,CUST-10733,SESS-31831,CART-28831,2023-06-21,408.91,131.06,44.84,Sports,3,Cancelled,Web,North,P-307,SKU-1944,136.30,10.34,32.71,Returning,PayPal
ORD-26832,CUST-10733,SESS-31832,CART-28832,2023-10-24,414.99,231.29,21.27,Home,3,Shipped,Affiliate,North,P-676,SKU-33,138.33,10.15,33.20,Returning,Credit Card
ORD-26833,CUST-10734,SESS-31833,CART-28833,1/12/2025,128.28,66.28,49.96,Fashion,5,Cancelled,Social Media,North,P-230,SKU-4717,25.66,7.38,10.26,VIP,Crypto
ORD-26834,CUST-10734,SESS-31834,CART-28834,2025-10-30,263.62,94.22,47.07,Home,4,Shipped,Web,International,P-473,SKU-1570,65.90,18.86,21.09,VIP,Credit Card
ORD-26835,CUST-10735,SESS-31835,CART-28835,10/10/2024,65.20,38.18,45.71,Home,4,Returned,Social Media,West,P-437,SKU-4364,16.30,7.06,5.22,Returning,Debit Card
ORD-26836,CUST-10735,SESS-31836,CART-28836,2023-01-08,312.24,123.43,32.43,Electronics,2,Completed,Affiliate,South,P-576,SKU-1304,156.12,0.98,24.98,Returning,Crypto
ORD-26837,CUST-10735,SESS-31837,CART-28837,2023-07-19,206.21,100.25,6.34,Electronics,1,Returned,Social Media,East,P-97,SKU-1203,206.21,0.25,16.50,Returning,Debit Card
ORD-26838,CUST-10736,SESS-31838,CART-28838,2026-01-25,148.01,87.10,35.70,Electronics,4,Cancelled,Mobile App,International,P-866,SKU-2190,37.00,12.81,11.84,VIP,Crypto
ORD-26839,CUST-10736,SESS-31839,CART-28839,2024-08-21,358.36,202.01,17.33,Fashion,3,Returned,Mobile App,North,P-827,SKU-552,119.45,18.05,28.67,New,PayPal
ORD-26840,CUST-10737,SESS-31840,CART-28840,2024-06-24,137.45,51.01,18.64,Electronics,3,Completed,Social Media,International,P-443,SKU-1514,45.82,12.02,11.00,New,PayPal
ORD-26841,CUST-10737,SESS-31841,CART-28841,2023-12-22,367.47,216.02,9.10,Home,1,Cancelled,Social Media,West,P-521,SKU-1439,367.47,14.75,29.40,New,PayPal
ORD-26842,CUST-10737,SESS-31842,CART-28842,2024-03-12,459.49,241.33,27.83,Fashion,5,Pending,Affiliate,International,P-433,SKU-2548,91.90,5.09,36.76,New,Debit Card
ORD-26843,CUST-10738,SESS-31843,CART-28843,1750517498660,147.44,49.38,20.05,Sports,5,Pending,Web,East,P-197,SKU-445,29.49,4.90,11.80,Returning,PayPal
ORD-26844,CUST-10738,SESS-31844,CART-28844,2026-01-06,184.08,61.93,29.61,Home,1,Cancelled,Social Media,International,P-159,SKU-308,184.08,14.15,14.73,Returning,Debit Card
ORD-26845,CUST-10739,SESS-31845,CART-28845,2026-01-29,204.38,95.03,10.80,Fashion,2,Pending,Mobile App,North,P-173,SKU-373,102.19,15.20,16.35,New,Credit Card
ORD-26846,CUST-10739,SESS-31846,CART-28846,2025-10-10,233.78,88.39,39.21,Sports,1,Cancelled,Social Media,North,P-414,SKU-1058,233.78,14.90,18.70,VIP,Credit Card
ORD-26847,CUST-10739,SESS-31847,CART-28847,2025-09-06,103.50,59.14,34.74,Electronics,5,Pending,Mobile App,South,P-900,SKU-1740,20.70,14.48,8.28,New,Debit Card
ORD-26848,CUST-10740,SESS-31848,CART-28848,2024-10-31,466.36,264.32,33.96,Electronics,1,Cancelled,Mobile App,South,P-415,SKU-12,466.36,18.15,37.31,VIP,Debit Card
ORD-26849,CUST-10740,SESS-31849,CART-28849,2024-07-01,84.20,37.88,7.68,Sports,5,Returned,Mobile App,East,P-281,SKU-2508,16.84,10.23,6.74,VIP,PayPal
ORD-26850,CUST-10741,SESS-31850,CART-28850,2026-01-06,,36.42,30.17,Sports,1,Shipped,Affiliate,South,P-94,SKU-2896,94.34,10.27,7.55,New,PayPal
ORD-26851,CUST-10741,SESS-31851,CART-28851,2023-02-02,73.62,27.80,17.70,Sports,1,Completed,Affiliate,West,P-280,SKU-3980,73.62,17.60,5.89,Returning,Crypto
ORD-26852,CUST-10741,SESS-31852,CART-28852,2023-11-04,488.07,259.77,8.85,Fashion,1,Completed,Affiliate,East,P-479,SKU-1178,488.07,11.10,39.05,Returning,PayPal
ORD-26853,CUST-10742,SESS-31853,CART-28853,2025-10-12,490.13,243.02,26.10,Home,4,Returned,Web,North,P-374,SKU-1747,122.53,3.05,39.21,New,Debit Card
ORD-26854,CUST-10742,SESS-31854,CART-28854,2024-02-29,47.92,19.83,46.66,Sports,3,Pending,Mobile App,International,P-467,SKU-4617,15.97,7.18,3.83,Returning,Credit Card
ORD-26855,CUST-10743,SESS-31855,CART-28855,2025-12-09,318.96,144.44,29.58,Fashion,4,Pending,Mobile App,South,P-947,SKU-1941,79.74,11.56,25.52,New,Crypto
ORD-26856,CUST-10743,SESS-31856,CART-28856,10/9/2023,117.22,59.36,30.08,Beauty,3,Pending,Social Media,East,P-402,SKU-1931,39.07,5.01,9.38,VIP,Debit Card
ORD-26857,CUST-10743,SESS-31857,CART-28857,7/9/2024,143.72,51.52,21.62,Sports,3,Returned,Web,International,P-242,SKU-2709,47.91,3.55,11.50,Returning,PayPal
ORD-26858,CUST-10744,SESS-31858,CART-28858,2024-03-31,500.86,256.95,32.38,Beauty,4,Pending,Affiliate,International,P-962,SKU-340,125.21,1.39,40.07,VIP,Crypto
ORD-26859,CUST-10744,SESS-31859,CART-28859,2023-03-17,483.82,269.34,27.13,Electronics,3,Returned,Web,South,P-29,SKU-2554,161.27,19.93,38.71,Returning,Crypto
ORD-26860,CUST-10745,SESS-31860,CART-28860,2026-01-22,124.69,38.46,18.37,Electronics,5,Cancelled,Web,South,P-694,SKU-4694,24.94,5.45,9.98,New,PayPal
ORD-26861,CUST-10745,SESS-31861,CART-28861,2025-03-20,59.67,26.76,36.07,Electronics,5,Cancelled,Affiliate,North,P-415,SKU-3750,11.93,3.49,4.77,New,PayPal
ORD-26862,CUST-10745,SESS-31862,CART-28862,1694837850573,168.97,80.77,15.33,Sports,1,Shipped,Social Media,West,P-959,SKU-918,168.97,0.30,13.52,VIP,Debit Card
ORD-26863,CUST-10746,SESS-31863,CART-28863,2023-08-24,21.24,6.85,3.70,Sports,5,Pending,Social Media,East,P-592,SKU-900,4.25,17.44,1.70,VIP,Crypto
ORD-26864,CUST-10746,SESS-31864,CART-28864,2024-03-13,270.33,129.49,37.75,Home,5,Cancelled,Web,North,P-75,SKU-2726,54.07,0.01,21.63,New,Debit Card
ORD-26865,CUST-10747,SESS-31865,CART-28865,2024-01-17,380.62,150.03,19.11,Electronics,2,Cancelled,Mobile App,West,P-663,SKU-2811,190.31,7.26,30.45,New,PayPal
ORD-26866,CUST-10747,SESS-31866,CART-28866,2023-08-10,270.43,85.25,16.48,Fashion,3,Pending,Social Media,International,P-972,SKU-910,90.14,10.86,21.63,New,PayPal
ORD-26867,CUST-10747,SESS-31867,CART-28867,2024-02-16,502.50,157.37,6.47,Sports,1,Returned,Mobile App,North,P-739,SKU-2527,502.50,15.37,40.20,New,Crypto
ORD-26868,CUST-10748,SESS-31868,CART-28868,2024-07-22,266.56,95.12,6.38,Fashion,5,Completed,Mobile App,International,P-337,SKU-2516,53.31,6.58,21.32,VIP,Credit Card
ORD-26869,CUST-10748,SESS-31869,CART-28869,2023-11-21,435.88,197.38,4.51,Home,1,Pending,Affiliate,East,P-644,SKU-1330,435.88,0.86,34.87,Returning,PayPal
ORD-26870,CUST-10749,SESS-31870,CART-28870,2024-05-24,393.35,163.74,18.13,Fashion,2,Pending,Social Media,East,P-37,SKU-2951,196.68,17.01,31.47,VIP,Crypto
ORD-26871,CUST-10749,SESS-31871,CART-28871,2025-03-30,242.67,135.49,31.01,Electronics,4,Cancelled,Web,North,P-905,SKU-948,60.67,15.42,19.41,New,Credit Card
ORD-26872,CUST-10749,SESS-31872,CART-28872,2023-10-31,256.09,85.76,35.34,Beauty,1,Cancelled,Web,South,P-922,SKU-673,256.09,7.54,20.49,Returning,PayPal
ORD-26873,CUST-10750,SESS-31873,CART-28873,2/2/2026,285.81,141.11,10.57,Beauty,3,Completed,Social Media,East,P-979,SKU-234,95.27,6.63,22.86,New,Credit Card
ORD-26874,CUST-10750,SESS-31874,CART-28874,2025-08-10,140.37,56.89,31.88,Sports,2,Completed,Mobile App,West,P-672,SKU-3742,70.18,1.95,11.23,VIP,Crypto
ORD-26875,CUST-10751,SESS-31875,CART-28875,2025-01-10,302.68,148.24,30.25,Electronics,3,Pending,Web,North,P-545,SKU-3037,100.89,12.67,24.21,VIP,Debit Card
ORD-26876,CUST-10751,SESS-31876,CART-28876,2023-06-22,191.52,112.28,42.33,Home,4,Pending,Mobile App,West,P-345,SKU-848,47.88,4.52,15.32,Returning,Crypto
ORD-26877,CUST-10751,SESS-31877,CART-28877,2023-03-01,125.69,74.27,20.09,Electronics,3,Shipped,Mobile App,International,P-546,SKU-231,41.90,18.16,10.06,VIP,PayPal
ORD-26878,CUST-10752,SESS-31878,CART-28878,6/24/2023,303.58,161.84,49.75,Home,3,Returned,Web,North,P-115,SKU-477,101.19,3.35,24.29,VIP,Debit Card
ORD-26879,CUST-10752,SESS-31879,CART-28879,2024-07-26,301.61,151.91,16.30,Beauty,5,Returned,Web,North,P-483,SKU-986,60.32,19.87,24.13,New,Credit Card
ORD-26880,CUST-10753,SESS-31880,CART-28880,2024-12-19,397.16,171.60,9.34,Sports,3,Completed,Mobile App,International,P-537,SKU-3675,132.39,18.19,31.77,VIP,PayPal
ORD-26881,CUST-10753,SESS-31881,CART-28881,2023-10-15,195.11,80.54,2.24,Sports,2,Cancelled,Web,North,P-407,SKU-1048,97.56,7.92,15.61,Returning,Crypto
ORD-26882,CUST-10753,SESS-31882,CART-28882,2024-02-10,348.98,153.03,0.52,Electronics,5,Shipped,Affiliate,North,P-955,SKU-1073,69.80,14.55,27.92,New,PayPal
ORD-26883,CUST-10754,SESS-31883,CART-28883,2024-02-21,37.93,18.44,16.32,Electronics,2,Cancelled,Mobile App,South,P-174,SKU-3493,18.96,11.27,3.03,VIP,Debit Card
ORD-26884,CUST-10754,SESS-31884,CART-28884,2023-03-20,189.98,73.84,17.45,Fashion,5,Completed,Social Media,East,P-124,SKU-326,38.00,16.59,15.20,VIP,Crypto
ORD-26885,CUST-10755,SESS-31885,CART-28885,2025-04-19,271.02,137.71,48.00,Fashion,3,Cancelled,Social Media,South,P-456,SKU-3705,90.34,6.65,21.68,VIP,PayPal
ORD-26886,CUST-10755,SESS-31886,CART-28886,2023-01-01,176.38,94.48,23.05,Fashion,2,Returned,Web,East,P-160,SKU-3702,88.19,2.22,14.11,New,Credit Card
ORD-26887,CUST-10755,SESS-31887,CART-28887,2025-08-14,356.57,177.03,9.52,Electronics,4,Shipped,Social Media,South,P-1000,SKU-2456,89.14,18.02,28.53,New,Crypto
ORD-26888,CUST-10756,SESS-31888,CART-28888,2025-10-31,103.68,47.24,47.37,Home,5,Completed,Affiliate,East,P-871,SKU-3415,20.74,15.93,8.29,Returning,PayPal
ORD-26889,CUST-10756,SESS-31889,CART-28889,1741453655883,378.82,128.36,44.14,Home,4,Completed,Affiliate,International,P-38,SKU-1423,94.71,6.37,30.31,Returning,Crypto
ORD-26890,CUST-10757,SESS-31890,CART-28890,2025-07-19,177.15,90.05,39.55,Home,3,Completed,Affiliate,North,P-276,SKU-4394,59.05,2.71,14.17,Returning,Crypto
ORD-26891,CUST-10757,SESS-31891,CART-28891,2025-03-25,501.53,233.45,18.43,Electronics,5,Pending,Social Media,North,P-354,SKU-999,100.31,0.12,40.12,New,Credit Card
ORD-26892,CUST-10757,SESS-31892,CART-28892,2025-05-05,18.72,11.01,6.80,Home,3,Pending,Web,International,P-376,SKU-1895,6.24,1.44,1.50,New,Crypto
ORD-26893,CUST-10758,SESS-31893,CART-28893,2025-02-04,276.79,124.25,44.93,Sports,3,Completed,Affiliate,North,P-754,SKU-4437,92.26,11.91,22.14,Returning,PayPal
ORD-26894,CUST-10758,SESS-31894,CART-28894,2025-12-12,55.55,22.12,9.15,Sports,1,Shipped,Affiliate,South,P-88,SKU-3507,55.55,18.68,4.44,Returning,Crypto
ORD-26895,CUST-10759,SESS-31895,CART-28895,2024-08-18,169.88,93.79,36.52,Home,3,Completed,Social Media,International,P-504,SKU-2694,56.63,1.75,13.59,Returning,Debit Card
ORD-26896,CUST-10759,SESS-31896,CART-28896,2025-12-19,430.95,176.88,16.57,Fashion,2,Cancelled,Affiliate,North,P-576,SKU-4380,215.47,7.18,34.48,New,Credit Card
ORD-26897,CUST-10759,SESS-31897,CART-28897,6/23/2023,25.04,14.85,39.42,Fashion,2,Cancelled,Affiliate,East,P-9,SKU-2814,12.52,14.33,2.00,Returning,Credit Card
ORD-26898,CUST-10760,SESS-31898,CART-28898,2025-10-04,305.69,162.20,13.54,Beauty,3,Completed,Social Media,East,P-208,SKU-1779,101.90,18.98,24.46,New,Credit Card
ORD-26899,CUST-10760,SESS-31899,CART-28899,2025-06-08,24.79,10.10,22.37,Home,2,Completed,Affiliate,North,P-513,SKU-2669,12.39,4.00,1.98,Returning,Credit Card
ORD-26900,CUST-10761,SESS-31900,CART-28900,2024-07-13,486.88,233.93,33.57,Electronics,1,Shipped,Web,West,P-60,SKU-4319,486.88,18.95,38.95,VIP,Debit Card
ORD-26901,CUST-10761,SESS-31901,CART-28901,2025-07-18,68.71,30.39,15.98,Electronics,5,Cancelled,Social Media,International,P-774,SKU-3987,13.74,1.73,5.50,New,Debit Card
ORD-26902,CUST-10761,SESS-31902,CART-28902,2023-03-14,290.47,121.73,13.78,Beauty,3,Completed,Social Media,West,P-617,SKU-169,96.82,17.92,23.24,Returning,Credit Card
ORD-26903,CUST-10762,SESS-31903,CART-28903,2024-07-04,502.87,254.39,2.67,Fashion,1,Shipped,Affiliate,West,P-151,SKU-2749,502.87,16.23,40.23,VIP,PayPal
ORD-26904,CUST-10762,SESS-31904,CART-28904,2025-03-04,183.16,90.48,20.81,NULL,4,Completed,Affiliate,International,P-295,SKU-3975,45.79,15.77,14.65,New,Crypto
ORD-26905,CUST-10763,SESS-31905,CART-28905,10/21/2023,144.97,66.06,35.70,Beauty,2,Completed,Affiliate,East,P-242,SKU-2781,72.49,13.16,11.60,Returning,Crypto
ORD-26906,CUST-10763,SESS-31906,CART-28906,1692586584440,11.44,4.96,16.31,  sports  ,4,Returned,Mobile App,International,P-934,SKU-3066,2.86,8.40,0.91,New,PayPal
ORD-26907,CUST-10763,SESS-31907,CART-28907,2023-01-19,365.40,202.78,36.58,Home,2,Completed,Social Media,North,P-488,SKU-2064,182.70,9.49,29.23,Returning,Credit Card
ORD-26908,CUST-10764,SESS-31908,CART-28908,2023-12-02,390.40,122.63,41.37,Fashion,NULL,Completed,Affiliate,South,P-811,SKU-4067,78.08,13.52,31.23,Returning,Crypto
ORD-26909,CUST-10764,SESS-31909,CART-28909,2025-03-04,212.49,119.95,2.35,Fashion,2,Pending,Web,East,P-17,SKU-2083,106.25,1.08,17.00,Returning,PayPal
ORD-26910,CUST-10765,SESS-31910,CART-28910,2025-12-06,303.21,175.91,44.32,Fashion,4,Cancelled,Social Media,West,P-680,SKU-222,75.80,17.83,24.26,Returning,Debit Card
ORD-26911,CUST-10765,SESS-31911,CART-28911,2023-08-14,11.95,6.05,24.33,Electronics,2,Completed,Mobile App,South,P-681,SKU-1594,5.97,5.20,0.96,Returning,PayPal
ORD-26912,CUST-10765,SESS-31912,CART-28912,2025-05-06,380.69,135.10,33.55,Fashion,5,Completed,Mobile App,South,P-890,SKU-4346,76.14,5.63,30.45,Returning,PayPal
ORD-26913,CUST-10766,SESS-31913,CART-28913,2024-07-02,55.60,24.49,1.04,Home,2,Shipped,Mobile App,South,P-572,SKU-95,27.80,11.93,4.45,New,Crypto
ORD-26914,CUST-10766,SESS-31914,CART-28914,12/24/2025,418.97,249.44,45.54,Sports,5,Cancelled,Web,International,P-353,SKU-2626,83.79,14.62,33.52,New,Crypto
ORD-26915,CUST-10767,SESS-31915,CART-28915,2023-09-17,74.14,27.09,25.29,Fashion,5,Cancelled,Social Media,West,P-522,SKU-324,14.83,0.57,5.93,New,Debit Card
ORD-26916,CUST-10767,SESS-31916,CART-28916,2023-12-08,301.90,94.06,26.37,Home,4,Shipped,Social Media,West,P-991,SKU-3483,75.48,14.93,24.15,New,Debit Card
ORD-26917,CUST-10767,SESS-31917,CART-28917,2025-10-03,284.28,143.56,29.68,Sports,5,Returned,Mobile App,East,P-123,SKU-2324,56.86,3.88,22.74,VIP,Credit Card
ORD-26918,CUST-10768,SESS-31918,CART-28918,2023-05-14,387.72,215.67,30.58,Home,3,Cancelled,Social Media,East,P-844,SKU-2936,129.24,7.65,31.02,VIP,Crypto
ORD-26919,CUST-10768,SESS-31919,CART-28919,2026-02-08,500.28,199.05,30.70,Electronics,3,Shipped,Mobile App,International,P-533,SKU-1932,166.76,8.02,40.02,New,Credit Card
ORD-26920,CUST-10769,SESS-31920,CART-28920,2024-03-12,280.44,97.81,34.58,Home,3,Completed,Web,South,P-933,SKU-804,93.48,2.73,22.43,New,Debit Card
ORD-26921,CUST-10769,SESS-31921,CART-28921,2024-11-18,141.49,73.39,14.70,Sports,4,Shipped,Affiliate,East,P-991,SKU-1402,35.37,13.68,11.32,New,Credit Card
ORD-26922,CUST-10769,SESS-31922,CART-28922,2/10/2024,269.05,117.19,42.94,Fashion,2,Cancelled,Affiliate,International,P-806,SKU-3261,134.52,2.67,21.52,Returning,Debit Card
ORD-26923,CUST-10770,SESS-31923,CART-28923,1755221479795,36.62,17.19,29.42,Beauty,3,Returned,Web,North,P-224,SKU-2033,12.21,15.15,2.93,Returning,Crypto
ORD-26924,CUST-10770,SESS-31924,CART-28924,2024-08-05,421.29,130.81,14.76,Sports,4,Returned,Mobile App,South,P-613,SKU-1259,105.32,6.49,33.70,Returning,PayPal
ORD-26925,CUST-10771,SESS-31925,CART-28925,2023-03-01,490.43,285.60,38.29,Home,1,Returned,Mobile App,International,P-443,SKU-356,490.43,16.35,39.23,New,Credit Card
ORD-26926,CUST-10771,SESS-31926,CART-28926,2025-02-18,136.39,80.52,43.25,Home,,Completed,Web,West,P-679,SKU-2624,136.39,16.60,10.91,VIP,Credit Card
ORD-26927,CUST-10771,SESS-31927,CART-28927,2023-09-24,244.00,113.16,17.14,Electronics,1,Completed,Web,North,P-249,SKU-1095,244.00,12.03,19.52,New,Credit Card
ORD-26928,CUST-10772,SESS-31928,CART-28928,4/23/2024,21.20,11.50,44.88,Sports,3,Completed,Affiliate,West,P-484,SKU-3662,7.07,1.47,1.70,New,Credit Card
ORD-26929,CUST-10772,SESS-31929,CART-28929,2024-12-07,266.10,149.42,22.68,Home,4,Returned,Mobile App,West,P-670,SKU-3547,66.53,8.34,21.29,New,PayPal
ORD-26930,CUST-10773,SESS-31930,CART-28930,2024-01-08,349.71,111.51,12.96,Home,3,Completed,Affiliate,East,P-204,SKU-892,116.57,18.77,27.98,New,Credit Card
ORD-26931,CUST-10773,SESS-31931,CART-28931,2026-02-10,74.17,35.79,18.57,Fashion,,Pending,Affiliate,South,P-991,SKU-3253,24.72,8.00,5.93,New,Debit Card
ORD-26932,CUST-10773,SESS-31932,CART-28932,2024-08-09,211.77,99.20,9.74,Fashion,2,Completed,Social Media,South,P-832,SKU-38,105.88,12.47,16.94,New,PayPal
ORD-26933,CUST-10774,SESS-31933,CART-28933,2023-04-01,110.61,64.64,21.44,Beauty,5,Returned,Affiliate,East,P-345,SKU-790,22.12,4.45,8.85,New,Debit Card
ORD-26934,CUST-10774,SESS-31934,CART-28934,2025-02-08,41.15,22.97,20.75,Beauty,5,Completed,Mobile App,East,P-372,SKU-2170,8.23,10.72,3.29,New,PayPal
ORD-26935,CUST-10775,SESS-31935,CART-28935,2025-03-11,212.00,75.22,24.37,Electronics,5,Completed,Social Media,West,P-904,SKU-4762,42.40,9.01,16.96,VIP,Crypto
ORD-26936,CUST-10775,SESS-31936,CART-28936,2024-10-22,,81.26,6.70,Beauty,2,Returned,Social Media,East,P-176,SKU-2200,76.92,11.10,12.31,New,PayPal
ORD-26937,CUST-10775,SESS-31937,CART-28937,2023-10-29,361.02,194.68,44.59,Electronics,3,Returned,Social Media,International,P-218,SKU-3669,120.34,5.93,28.88,VIP,Debit Card
ORD-26938,CUST-10776,SESS-31938,CART-28938,2023-01-09,448.25,156.72,16.60,Home,3,Cancelled,Social Media,West,P-146,SKU-599,149.42,14.94,35.86,Returning,PayPal
ORD-26939,CUST-10776,SESS-31939,CART-28939,2025-08-05,111.02,57.30,14.13,Home,5,Returned,Mobile App,North,P-319,SKU-3031,22.20,9.95,8.88,Returning,Crypto
ORD-26940,CUST-10777,SESS-31940,CART-28940,2025-12-11,494.82,246.11,46.19,Home,2,Pending,Mobile App,International,P-989,SKU-20,247.41,11.94,39.59,New,Debit Card
ORD-26941,CUST-10777,SESS-31941,CART-28941,2023-05-30,  205.84  ,89.26,30.14,Beauty,2,Pending,Web,West,P-555,SKU-4443,102.92,6.68,16.47,Returning,PayPal
ORD-26942,CUST-10777,SESS-31942,CART-28942,2023-07-03,341.52,128.86,1.85,Sports,2,Cancelled,Social Media,West,P-644,SKU-4059,170.76,8.76,27.32,New,Credit Card
ORD-26943,CUST-10778,SESS-31943,CART-28943,2025-11-29,376.21,165.40,18.05,Electronics,5,Cancelled,Affiliate,East,P-944,SKU-1310,75.24,3.27,30.10,New,Crypto
ORD-26944,CUST-10778,SESS-31944,CART-28944,2023-11-15,,77.52,2.60,Beauty,1,Pending,Affiliate,North,P-126,SKU-456,203.99,6.37,16.32,Returning,PayPal
ORD-26945,CUST-10779,SESS-31945,CART-28945,2023-05-21,309.59,153.51,19.98,Fashion,,Completed,Affiliate,East,P-793,SKU-3904,77.40,18.43,24.77,VIP,PayPal
ORD-26946,CUST-10779,SESS-31946,CART-28946,2026-02-15,174.27,82.51,45.01,Electronics,2,Completed,Web,West,P-975,SKU-2590,87.14,13.82,13.94,Returning,Crypto
ORD-26947,CUST-10779,SESS-31947,CART-28947,2025-04-30,306.80,96.34,46.20,Electronics,2,Cancelled,Social Media,South,P-163,SKU-2480,153.40,9.13,24.54,VIP,PayPal
ORD-26948,CUST-10780,SESS-31948,CART-28948,2023-06-28,288.80,137.87,12.13,Electronics,4,Cancelled,Web,South,P-78,SKU-1508,72.20,13.62,23.10,Returning,Crypto
ORD-26949,CUST-10780,SESS-31949,CART-28949,2025-10-09,245.66,86.11,6.59,Fashion,2,Shipped,Social Media,South,P-22,SKU-791,122.83,4.97,19.65,VIP,Crypto
ORD-26950,CUST-10781,SESS-31950,CART-28950,2025-04-27,290.93,90.01,32.43,Home,4,Pending,Social Media,West,P-736,SKU-3339,72.73,7.88,23.27,VIP,Credit Card
ORD-26951,CUST-10781,SESS-31951,CART-28951,2025-02-26,268.28,147.64,37.34,Beauty,2,Returned,Web,International,P-338,SKU-216,134.14,19.40,21.46,New,Credit Card
ORD-26952,CUST-10781,SESS-31952,CART-28952,2025-10-05,186.22,67.85,4.19,Home,2,Shipped,Affiliate,South,P-941,SKU-1333,93.11,3.63,14.90,Returning,PayPal
ORD-26953,CUST-10782,SESS-31953,CART-28953,2025-01-04,72.82,34.24,30.91,Sports,5,Pending,Mobile App,West,P-834,SKU-4032,14.56,8.21,5.83,New,PayPal
ORD-26954,CUST-10782,SESS-31954,CART-28954,2024-05-02,420.69,225.76,36.16,Home,4,Completed,Web,North,P-62,SKU-4900,105.17,17.53,33.66,VIP,PayPal
ORD-26955,CUST-10783,SESS-31955,CART-28955,2025-09-11,61.68,36.63,46.06,Home,4,Completed,Affiliate,West,P-107,SKU-3475,15.42,15.97,4.93,VIP,Debit Card
ORD-26956,CUST-10783,SESS-31956,CART-28956,2023-12-30,261.47,107.77,45.24,Beauty,4,Pending,Social Media,South,P-907,SKU-4516,65.37,10.07,20.92,Returning,Credit Card
ORD-26957,CUST-10783,SESS-31957,CART-28957,2023-01-24,193.13,113.01,36.89,Electronics,1,Completed,Social Media,International,P-194,SKU-2844,193.13,17.82,15.45,Returning,PayPal
ORD-26958,CUST-10784,SESS-31958,CART-28958,2023-03-28,208.62,65.06,0.72,Beauty,2,Pending,Web,East,P-916,SKU-3503,104.31,5.90,16.69,New,PayPal
ORD-26959,CUST-10784,SESS-31959,CART-28959,2024-06-07,130.97,51.30,14.16,Beauty,3,Pending,Web,North,P-395,SKU-1663,43.66,16.60,10.48,Returning,Debit Card
ORD-26960,CUST-10785,SESS-31960,CART-28960,2025-08-26,67.90,23.12,16.46,Electronics,4,Shipped,Social Media,North,P-867,SKU-3573,16.98,11.27,5.43,VIP,PayPal
ORD-26961,CUST-10785,SESS-31961,CART-28961,2025-12-12,304.88,102.14,26.26,Home,,Returned,Social Media,International,P-723,SKU-479,76.22,19.81,24.39,New,Credit Card
ORD-26962,CUST-10785,SESS-31962,CART-28962,2024-02-14,259.95,117.42,1.97,Beauty,4,Shipped,Affiliate,West,P-165,SKU-4187,64.99,5.34,20.80,New,Credit Card
ORD-26963,CUST-10786,SESS-31963,CART-28963,2023-05-05,396.33,163.36,16.72,Sports,5,Cancelled,Web,South,P-903,SKU-450,79.27,3.35,31.71,Returning,Debit Card
ORD-26964,CUST-10786,SESS-31964,CART-28964,2023-12-17,302.37,169.17,30.79,Beauty,1,Cancelled,Mobile App,International,P-845,SKU-1806,302.37,0.59,24.19,Returning,Credit Card
ORD-26965,CUST-10787,SESS-31965,CART-28965,1741216312898,156.97,68.71,11.75,Electronics,1,Shipped,Affiliate,South,P-605,SKU-4370,156.97,12.51,12.56,Returning,Crypto
ORD-26966,CUST-10787,SESS-31966,CART-28966,2023-06-21,11.24,4.25,16.57,Fashion,4,Pending,Mobile App,North,P-923,SKU-4386,2.81,8.26,0.90,New,Debit Card
ORD-26967,CUST-10787,SESS-31967,CART-28967,1689679631580,211.73,109.21,35.54,Electronics,5,Shipped,Web,International,P-383,SKU-1240,42.35,9.44,16.94,VIP,Credit Card
ORD-26968,CUST-10788,SESS-31968,CART-28968,2023-02-26,412.69,165.73,21.23,Sports,4,Completed,Mobile App,International,P-52,SKU-1483,103.17,15.60,33.02,New,Crypto
ORD-26969,CUST-10788,SESS-31969,CART-28969,2023-04-20,220.16,104.58,40.02,Electronics,3,Pending,Mobile App,International,P-653,SKU-2225,73.39,19.52,17.61,Returning,Debit Card
ORD-26970,CUST-10789,SESS-31970,CART-28970,2024-01-13,185.37,87.67,48.05,,5,Cancelled,Web,International,P-686,SKU-3906,37.07,14.24,14.83,Returning,Debit Card
ORD-26971,CUST-10789,SESS-31971,CART-28971,2026-02-28,160.91,84.36,16.28,Electronics,1,Pending,Affiliate,South,P-963,SKU-594,160.91,17.56,12.87,New,PayPal
ORD-26972,CUST-10789,SESS-31972,CART-28972,2025-04-03,421.49,242.42,23.43,Electronics,1,Completed,Mobile App,South,P-878,SKU-964,421.49,17.81,33.72,Returning,PayPal
ORD-26973,CUST-10790,SESS-31973,CART-28973,2023-04-11,171.54,94.79,31.14,Beauty,2,Shipped,Mobile App,West,P-771,SKU-4197,85.77,1.55,13.72,VIP,PayPal
ORD-26974,CUST-10790,SESS-31974,CART-28974,2024-12-16,95.79,36.52,48.87,  beauty  ,3,Completed,Mobile App,East,P-416,SKU-1052,31.93,2.34,7.66,New,PayPal
ORD-26975,CUST-10791,SESS-31975,CART-28975,1695736739159,NULL,135.09,19.85,Beauty,4,Completed,Affiliate,West,P-315,SKU-3538,110.89,1.64,35.48,New,Crypto
ORD-26976,CUST-10791,SESS-31976,CART-28976,7/29/2023,99.59,43.66,40.41,Home,4,Cancelled,Web,North,P-769,SKU-1031,24.90,8.46,7.97,New,Crypto
ORD-26977,CUST-10791,SESS-31977,CART-28977,2024-08-15,317.94,114.91,38.85,NULL,5,Pending,Web,South,P-863,SKU-1898,63.59,6.59,25.43,Returning,Crypto
ORD-26978,CUST-10792,SESS-31978,CART-28978,2025-09-01,120.64,54.74,26.73,Sports,5,Returned,Affiliate,North,P-29,SKU-4402,24.13,0.98,9.65,New,PayPal
ORD-26979,CUST-10792,SESS-31979,CART-28979,2024-07-11,438.59,187.63,37.52,Sports,4,Cancelled,Web,International,P-504,SKU-2370,109.65,12.49,35.09,New,Credit Card
ORD-26980,CUST-10793,SESS-31980,CART-28980,2024-03-02,485.14,147.00,35.27,Fashion,3,Shipped,Web,North,P-646,SKU-4136,161.71,19.22,38.81,New,Crypto
ORD-26981,CUST-10793,SESS-31981,CART-28981,2024-03-26,416.68,198.00,10.69,Fashion,5,Completed,Web,North,P-422,SKU-123,83.34,17.75,33.33,Returning,Credit Card
ORD-26982,CUST-10793,SESS-31982,CART-28982,2026-02-15,52.12,20.33,19.30,Home,3,Returned,Web,South,P-522,SKU-3858,17.37,8.34,4.17,Returning,Debit Card
ORD-26983,CUST-10794,SESS-31983,CART-28983,2025-06-19,319.92,130.89,49.04,Electronics,4,Completed,Affiliate,East,P-670,SKU-3988,79.98,11.80,25.59,New,Credit Card
ORD-26984,CUST-10794,SESS-31984,CART-28984,2025-03-23,456.34,207.75,8.91,Electronics,3,Cancelled,Affiliate,International,P-154,SKU-3988,152.11,16.37,36.51,VIP,Crypto
ORD-26985,CUST-10795,SESS-31985,CART-28985,2024-08-27,475.99,276.58,14.88,Sports,4,Shipped,Mobile App,South,P-164,SKU-2796,119.00,16.45,38.08,VIP,Debit Card
ORD-26986,CUST-10795,SESS-31986,CART-28986,2024-11-25,,20.06,42.48,Home,1,Cancelled,Mobile App,East,P-237,SKU-1252,60.34,1.13,4.83,New,Credit Card
ORD-26987,CUST-10795,SESS-31987,CART-28987,2023-02-23,391.72,151.34,0.74,Fashion,1,Cancelled,Affiliate,International,P-566,SKU-3120,391.72,2.51,31.34,VIP,Credit Card
ORD-26988,CUST-10796,SESS-31988,CART-28988,2025-04-20,117.92,61.40,41.24,Fashion,3,Completed,Affiliate,South,P-477,SKU-3,39.31,14.50,9.43,VIP,Crypto
ORD-26989,CUST-10796,SESS-31989,CART-28989,2023-07-09,347.39,128.32,41.82,Beauty,1,Pending,Web,International,P-248,SKU-2644,347.39,18.58,27.79,VIP,PayPal
ORD-26990,CUST-10797,SESS-31990,CART-28990,2024-06-12,364.59,151.20,4.07,Home,2,Pending,Web,North,P-562,SKU-3582,182.29,11.43,29.17,Returning,Credit Card
ORD-26991,CUST-10797,SESS-31991,CART-28991,2025-11-27,495.26,280.77,6.28,Sports,5,Pending,Social Media,East,P-108,SKU-3277,99.05,2.81,39.62,Returning,Debit Card
ORD-26992,CUST-10797,SESS-31992,CART-28992,9/29/2025,235.99,102.70,9.33,Sports,1,Shipped,Affiliate,West,P-402,SKU-3314,235.99,4.01,18.88,VIP,PayPal
ORD-26993,CUST-10798,SESS-31993,CART-28993,2024-01-11,116.00,49.91,10.09,Electronics,1,Returned,Affiliate,North,P-404,SKU-2549,116.00,12.08,9.28,New,Debit Card
ORD-26994,CUST-10798,SESS-31994,CART-28994,2024-01-07,314.20,114.40,3.12,Fashion,5,Completed,Affiliate,North,P-878,SKU-3339,62.84,5.31,25.14,Returning,Credit Card
ORD-26995,CUST-10799,SESS-31995,CART-28995,2025-11-24,462.95,202.16,0.00,Electronics,5,Pending,Social Media,East,P-707,SKU-4559,92.59,16.51,37.04,VIP,PayPal
ORD-26996,CUST-10799,SESS-31996,CART-28996,2023-01-21,98.47,51.96,47.79,Home,5,Returned,Affiliate,East,P-113,SKU-3259,19.69,4.45,7.88,Returning,Crypto
ORD-26997,CUST-10799,SESS-31997,CART-28997,2025-11-08,313.49,97.31,33.20,Sports,1,Pending,Mobile App,East,P-853,SKU-4532,313.49,2.19,25.08,VIP,PayPal
ORD-26998,CUST-10800,SESS-31998,CART-28998,2024-11-29,95.64,47.31,23.27,Fashion,4,Cancelled,Affiliate,South,P-608,SKU-2814,23.91,14.76,7.65,VIP,Credit Card
ORD-26999,CUST-10800,SESS-31999,CART-28999,2023-07-11,,55.59,33.36,Sports,,Completed,Affiliate,East,P-417,SKU-297,21.60,0.84,8.64,New,PayPal
ORD-27000,CUST-10801,SESS-32000,CART-29000,2025-02-17,230.31,129.08,32.41,NULL,4,Completed,Affiliate,East,P-40,SKU-2402,57.58,10.73,18.42,New,Credit Card
ORD-27001,CUST-10801,SESS-32001,CART-29001,2025-11-23,192.99,108.47,48.52,Electronics,3,Pending,Web,South,P-183,SKU-737,64.33,16.41,15.44,Returning,Debit Card
ORD-27002,CUST-10801,SESS-32002,CART-29002,1734940038299,342.69,116.44,34.56,Home,5,Completed,Affiliate,International,P-261,SKU-2677,68.54,16.50,27.42,New,Credit Card
ORD-27003,CUST-10802,SESS-32003,CART-29003,2023-07-02,232.70,99.59,27.84,Beauty,4,Shipped,Web,South,P-318,SKU-4000,58.17,12.23,18.62,VIP,Debit Card
ORD-27004,CUST-10802,SESS-32004,CART-29004,2023-01-07,137.15,53.60,43.78,Home,3,Shipped,Web,South,P-165,SKU-1989,45.72,3.60,10.97,Returning,Crypto
ORD-27005,CUST-10803,SESS-32005,CART-29005,2024-02-22,342.91,160.93,17.16,Fashion,5,Pending,Affiliate,East,P-580,SKU-2666,68.58,3.71,27.43,New,Crypto
ORD-27006,CUST-10803,SESS-32006,CART-29006,2023-07-27,314.04,188.32,7.31,Electronics,5,Pending,Mobile App,West,P-171,SKU-3447,62.81,3.29,25.12,New,Debit Card
ORD-27007,CUST-10803,SESS-32007,CART-29007,2024-08-28,73.82,39.98,0.54,Sports,4,Shipped,Mobile App,South,P-926,SKU-4885,18.45,7.80,5.91,Returning,Crypto
ORD-27008,CUST-10804,SESS-32008,CART-29008,2024-12-12,172.65,76.41,9.53,Sports,4,Shipped,Social Media,South,P-692,SKU-454,43.16,19.56,13.81,New,Credit Card
ORD-27009,CUST-10804,SESS-32009,CART-29009,2024-04-13,279.49,148.19,7.44,Home,4,Shipped,Affiliate,North,P-593,SKU-869,69.87,14.61,22.36,New,Credit Card
ORD-27010,CUST-10805,SESS-32010,CART-29010,2024-01-02,311.48,121.12,0.18,Sports,2,Returned,Social Media,South,P-177,SKU-4035,155.74,6.13,24.92,Returning,Credit Card
ORD-27011,CUST-10805,SESS-32011,CART-29011,2024-04-13,245.22,122.07,46.65,Electronics,2,Returned,Mobile App,South,P-813,SKU-2715,122.61,9.65,19.62,New,PayPal
ORD-27012,CUST-10805,SESS-32012,CART-29012,2024-11-26,38.46,20.57,25.14,,5,Shipped,Mobile App,East,P-427,SKU-777,7.69,12.99,3.08,VIP,Credit Card
ORD-27013,CUST-10806,SESS-32013,CART-29013,2024-12-28,233.78,137.42,35.57,Home,,Pending,Affiliate,North,P-518,SKU-2110,116.89,10.79,18.70,VIP,PayPal
ORD-27014,CUST-10806,SESS-32014,CART-29014,2023-10-19,12.28,7.19,10.12,Beauty,5,Returned,Web,International,P-61,SKU-4206,2.46,4.69,0.98,New,PayPal
ORD-27015,CUST-10807,SESS-32015,CART-29015,2024-05-24,  414.68  ,150.36,42.82,NULL,3,Shipped,Social Media,East,P-739,SKU-3909,138.23,15.21,33.17,Returning,PayPal
ORD-27016,CUST-10807,SESS-32016,CART-29016,2025-09-07,180.12,93.22,19.06,Sports,4,Pending,Mobile App,International,P-82,SKU-3966,45.03,8.11,14.41,Returning,Credit Card
ORD-27017,CUST-10807,SESS-32017,CART-29017,2024-08-12,227.79,110.65,39.11,Sports,4,Pending,Web,East,P-995,SKU-2771,56.95,11.69,18.22,Returning,Credit Card
ORD-27018,CUST-10808,SESS-32018,CART-29018,2024-08-26,451.58,154.44,35.50,Sports,4,Shipped,Mobile App,International,P-884,SKU-4208,112.89,6.71,36.13,Returning,Debit Card
ORD-27019,CUST-10808,SESS-32019,CART-29019,2025-09-08,470.51,192.96,26.39,Home,1,Completed,Social Media,East,P-929,SKU-4482,470.51,6.04,37.64,New,Crypto
ORD-27020,CUST-10809,SESS-32020,CART-29020,2023-07-12,167.05,81.74,29.98,Fashion,3,Returned,Social Media,South,P-343,SKU-39,55.68,9.87,13.36,New,Crypto
ORD-27021,CUST-10809,SESS-32021,CART-29021,2026-03-09,72.91,43.64,20.38,Home,4,Returned,Mobile App,North,P-943,SKU-1796,18.23,10.00,5.83,VIP,PayPal
ORD-27022,CUST-10809,SESS-32022,CART-29022,2025-11-22,354.69,210.62,32.76,Electronics,4,Cancelled,Social Media,East,P-242,SKU-4750,88.67,7.11,28.37,Returning,Crypto
ORD-27023,CUST-10810,SESS-32023,CART-29023,2025-08-06,475.60,156.59,46.83,Fashion,1,Cancelled,Affiliate,South,P-613,SKU-4266,475.60,1.50,38.05,Returning,Crypto
ORD-27024,CUST-10810,SESS-32024,CART-29024,2024-07-10,293.11,97.67,4.48,Beauty,1,Completed,Affiliate,East,P-465,SKU-3883,293.11,5.07,23.45,New,PayPal
ORD-27025,CUST-10811,SESS-32025,CART-29025,2025-01-20,203.44,98.16,42.48,Home,1,Completed,Social Media,North,P-301,SKU-1219,203.44,14.63,16.28,New,PayPal
ORD-27026,CUST-10811,SESS-32026,CART-29026,2023-06-24,485.38,233.18,4.54,Home,4,Pending,Web,North,P-891,SKU-911,121.35,17.43,38.83,New,PayPal
ORD-27027,CUST-10811,SESS-32027,CART-29027,2024-05-15,412.09,151.00,49.99,Home,1,Returned,Social Media,West,P-449,SKU-3360,412.09,13.83,32.97,VIP,Crypto
ORD-27028,CUST-10812,SESS-32028,CART-29028,2023-10-25,260.88,86.83,19.18,Fashion,3,Completed,Mobile App,North,P-686,SKU-1721,86.96,17.03,20.87,Returning,Credit Card
ORD-27029,CUST-10812,SESS-32029,CART-29029,6/14/2025,  343.65  ,200.27,33.57,Home,3,Cancelled,Social Media,East,P-928,SKU-2574,114.55,5.94,27.49,VIP,PayPal
ORD-27030,CUST-10813,SESS-32030,CART-29030,2023-10-05,226.55,110.97,13.00,Fashion,4,Pending,Affiliate,East,P-169,SKU-3388,56.64,10.42,18.12,Returning,Credit Card
ORD-27031,CUST-10813,SESS-32031,CART-29031,2025-12-02,61.79,19.11,41.44,Home,5,Shipped,Mobile App,West,P-60,SKU-4905,12.36,8.81,4.94,Returning,PayPal
ORD-27032,CUST-10813,SESS-32032,CART-29032,2023-09-21,135.03,71.12,46.02,Beauty,1,Pending,Affiliate,West,P-767,SKU-1395,135.03,5.02,10.80,Returning,Debit Card
ORD-27033,CUST-10814,SESS-32033,CART-29033,2023-08-17,82.94,45.32,8.00,  sports  ,5,Cancelled,Mobile App,North,P-340,SKU-4546,16.59,1.82,6.64,New,Crypto
ORD-27034,CUST-10814,SESS-32034,CART-29034,2023-10-20,494.27,208.41,47.04,Fashion,2,Cancelled,Social Media,South,P-688,SKU-4210,247.13,9.38,39.54,Returning,Crypto
ORD-27035,CUST-10815,SESS-32035,CART-29035,2023-03-10,477.15,177.60,34.03,Home,5,Completed,Social Media,West,P-765,SKU-2746,95.43,5.11,38.17,New,Crypto
ORD-27036,CUST-10815,SESS-32036,CART-29036,2023-04-10,288.57,115.58,12.67,Beauty,2,Completed,Affiliate,North,P-606,SKU-1582,144.29,9.72,23.09,VIP,Crypto
ORD-27037,CUST-10815,SESS-32037,CART-29037,2025-07-11,198.23,87.08,2.92,Electronics,1,Pending,Social Media,International,P-906,SKU-1114,198.23,3.65,15.86,Returning,Debit Card
ORD-27038,CUST-10816,SESS-32038,CART-29038,10/20/2025,221.71,110.17,29.74,Beauty,5,Cancelled,Web,North,P-380,SKU-4981,44.34,6.80,17.74,New,Debit Card
ORD-27039,CUST-10816,SESS-32039,CART-29039,2023-06-06,494.18,242.97,44.77,Fashion,1,Completed,Mobile App,West,P-605,SKU-262,494.18,8.32,39.53,VIP,Credit Card
ORD-27040,CUST-10817,SESS-32040,CART-29040,2024-07-27,369.62,165.75,45.54,Electronics,5,Returned,Affiliate,West,P-680,SKU-2027,73.92,2.36,29.57,New,Crypto
ORD-27041,CUST-10817,SESS-32041,CART-29041,2025-04-06,414.94,195.89,42.96,Sports,1,Pending,Web,International,P-913,SKU-3562,414.94,17.61,33.19,VIP,Crypto
ORD-27042,CUST-10817,SESS-32042,CART-29042,2025-04-03,34.46,16.28,23.83,Fashion,2,Cancelled,Mobile App,West,P-803,SKU-3673,17.23,14.81,2.76,VIP,PayPal
ORD-27043,CUST-10818,SESS-32043,CART-29043,2025-04-20,368.60,111.03,14.63,,5,Cancelled,Web,East,P-684,SKU-2633,73.72,8.95,29.49,New,PayPal
ORD-27044,CUST-10818,SESS-32044,CART-29044,2025-02-26,65.88,23.39,25.96,Fashion,2,Completed,Social Media,East,P-62,SKU-3474,32.94,9.10,5.27,Returning,PayPal
ORD-27045,CUST-10819,SESS-32045,CART-29045,2023-01-23,392.45,224.67,14.30,Sports,4,Shipped,Web,West,P-530,SKU-2490,98.11,13.04,31.40,VIP,PayPal
ORD-27046,CUST-10819,SESS-32046,CART-29046,2023-04-17,191.18,75.61,36.03,Beauty,1,Cancelled,Web,North,P-684,SKU-425,191.18,14.74,15.29,Returning,Debit Card
ORD-27047,CUST-10819,SESS-32047,CART-29047,2023-03-04,382.60,127.24,8.39,Fashion,5,Shipped,Web,West,P-751,SKU-4968,76.52,14.01,30.61,Returning,Credit Card
ORD-27048,CUST-10820,SESS-32048,CART-29048,2025-12-25,11.60,3.64,48.09,Home,2,Pending,Mobile App,East,P-47,SKU-3488,5.80,14.97,0.93,New,Crypto
ORD-27049,CUST-10820,SESS-32049,CART-29049,9/25/2025,458.22,212.50,25.82,Home,,Completed,Social Media,South,P-715,SKU-139,152.74,0.35,36.66,New,Crypto
ORD-27050,CUST-10821,SESS-32050,CART-29050,2024-03-16,,158.67,15.44,  sports  ,5,Returned,Social Media,West,P-944,SKU-2772,86.18,14.98,34.47,Returning,PayPal
ORD-27051,CUST-10821,SESS-32051,CART-29051,2024-10-21,227.71,90.60,37.62,Home,3,Cancelled,Affiliate,International,P-549,SKU-1011,75.90,6.58,18.22,Returning,Crypto
ORD-27052,CUST-10821,SESS-32052,CART-29052,2025-07-29,312.91,129.33,18.37,Electronics,5,Cancelled,Web,West,P-209,SKU-1832,62.58,13.51,25.03,New,Credit Card
ORD-27053,CUST-10822,SESS-32053,CART-29053,2025-12-14,68.08,24.32,1.07,Beauty,4,Returned,Social Media,South,P-790,SKU-4932,17.02,19.12,5.45,VIP,Debit Card
ORD-27054,CUST-10822,SESS-32054,CART-29054,2025-01-01,316.79,166.31,35.89,Electronics,5,Pending,Social Media,South,P-101,SKU-3201,63.36,12.90,25.34,New,Credit Card
ORD-27055,CUST-10823,SESS-32055,CART-29055,11/23/2024,151.22,86.36,16.76,Beauty,4,Cancelled,Web,West,P-485,SKU-499,37.81,19.23,12.10,VIP,PayPal
ORD-27056,CUST-10823,SESS-32056,CART-29056,2024-01-27,,22.18,8.56,Electronics,1,Completed,Web,East,P-47,SKU-2187,41.25,10.76,3.30,Returning,PayPal
ORD-27057,CUST-10823,SESS-32057,CART-29057,2023-07-29,173.26,55.46,17.69,Sports,2,Pending,Social Media,South,P-519,SKU-2987,86.63,13.63,13.86,New,PayPal
ORD-27058,CUST-10824,SESS-32058,CART-29058,2023-07-28,211.40,106.76,44.21,Home,3,Cancelled,Mobile App,North,P-520,SKU-499,70.47,16.31,16.91,Returning,PayPal
ORD-27059,CUST-10824,SESS-32059,CART-29059,11/4/2024,247.13,141.76,48.33,Electronics,3,Shipped,Affiliate,International,P-400,SKU-3132,82.38,10.00,19.77,New,Debit Card
ORD-27060,CUST-10825,SESS-32060,CART-29060,2023-03-28,190.70,78.39,24.31,Sports,2,Returned,Mobile App,West,P-939,SKU-3992,95.35,19.84,15.26,Returning,Crypto
ORD-27061,CUST-10825,SESS-32061,CART-29061,2025-03-22,126.31,70.10,46.86,Home,5,Pending,Affiliate,East,P-116,SKU-4245,25.26,13.34,10.10,Returning,Credit Card
ORD-27062,CUST-10825,SESS-32062,CART-29062,2025-03-07,189.09,108.79,35.58,Electronics,5,Returned,Web,East,P-862,SKU-2066,37.82,10.90,15.13,New,Credit Card
ORD-27063,CUST-10826,SESS-32063,CART-29063,1708404780032,223.54,84.93,27.37,Electronics,3,Returned,Mobile App,South,P-900,SKU-945,74.51,6.20,17.88,VIP,Crypto
ORD-27064,CUST-10826,SESS-32064,CART-29064,2024-10-13,367.12,173.38,13.55,Sports,4,Shipped,Mobile App,North,P-330,SKU-4137,91.78,1.83,29.37,VIP,Debit Card
ORD-27065,CUST-10827,SESS-32065,CART-29065,2024-05-12,227.13,86.94,9.72,Home,2,Completed,Mobile App,South,P-149,SKU-3168,113.56,13.44,18.17,New,Crypto
ORD-27066,CUST-10827,SESS-32066,CART-29066,2025-08-14,379.48,171.42,39.59,Fashion,3,Cancelled,Mobile App,East,P-297,SKU-4538,126.49,2.42,30.36,New,Crypto
ORD-27067,CUST-10827,SESS-32067,CART-29067,2024-01-30,89.65,32.25,22.94,Home,3,Pending,Affiliate,South,P-367,SKU-361,29.88,7.16,7.17,Returning,Crypto
ORD-27068,CUST-10828,SESS-32068,CART-29068,2024-04-13,476.70,178.00,8.00,Fashion,2,Shipped,Social Media,North,P-416,SKU-4137,238.35,3.19,38.14,New,Crypto
ORD-27069,CUST-10828,SESS-32069,CART-29069,2024-06-12,264.38,144.38,46.17,Beauty,4,Completed,Web,South,P-290,SKU-817,66.09,11.28,21.15,VIP,Debit Card
ORD-27070,CUST-10829,SESS-32070,CART-29070,2025-04-04,68.71,36.54,39.58,Electronics,4,Completed,Affiliate,South,P-773,SKU-2378,17.18,16.22,5.50,Returning,Debit Card
ORD-27071,CUST-10829,SESS-32071,CART-29071,2024-05-07,116.95,60.53,20.19,Electronics,1,Returned,Mobile App,South,P-595,SKU-1876,116.95,1.96,9.36,New,Crypto
ORD-27072,CUST-10829,SESS-32072,CART-29072,2025-08-23,130.66,53.94,36.35,Electronics,4,Completed,Social Media,East,P-466,SKU-4141,32.67,8.53,10.45,New,Crypto
ORD-27073,CUST-10830,SESS-32073,CART-29073,2024-01-20,480.17,286.35,44.63,Home,1,Completed,Mobile App,South,P-890,SKU-55,480.17,10.45,38.41,New,Debit Card
ORD-27074,CUST-10830,SESS-32074,CART-29074,2025-09-24,490.78,281.37,45.31,Electronics,1,Completed,Mobile App,International,P-23,SKU-614,490.78,2.16,39.26,New,Debit Card
ORD-27075,CUST-10831,SESS-32075,CART-29075,2023-02-28,386.23,149.16,16.17,Fashion,4,Returned,Web,South,P-183,SKU-3175,96.56,8.53,30.90,Returning,Crypto
ORD-27076,CUST-10831,SESS-32076,CART-29076,2024-05-11,260.76,98.93,24.90,Sports,4,Completed,Affiliate,West,P-824,SKU-1941,65.19,17.89,20.86,New,PayPal
ORD-27077,CUST-10831,SESS-32077,CART-29077,2023-11-11,364.49,140.85,48.54,Home,4,Cancelled,Mobile App,North,P-713,SKU-1369,91.12,7.59,29.16,Returning,Crypto
ORD-27078,CUST-10832,SESS-32078,CART-29078,2023-03-30,485.28,225.35,28.82,Home,NULL,Returned,Mobile App,East,P-753,SKU-3004,242.64,12.03,38.82,Returning,Crypto
ORD-27079,CUST-10832,SESS-32079,CART-29079,1732722126922,301.88,175.01,11.98,Electronics,5,Pending,Mobile App,South,P-955,SKU-3177,60.38,19.79,24.15,VIP,Crypto
ORD-27080,CUST-10833,SESS-32080,CART-29080,2023-10-19,361.48,152.07,18.63,Electronics,2,Completed,Affiliate,International,P-642,SKU-3113,180.74,19.67,28.92,VIP,Debit Card
ORD-27081,CUST-10833,SESS-32081,CART-29081,2024-12-05,107.45,46.71,25.17,Electronics,2,Shipped,Web,West,P-174,SKU-476,53.73,14.71,8.60,VIP,PayPal
ORD-27082,CUST-10833,SESS-32082,CART-29082,2025-09-01,161.46,88.39,28.78,Sports,2,Shipped,Affiliate,International,P-87,SKU-3896,80.73,17.42,12.92,VIP,Credit Card
ORD-27083,CUST-10834,SESS-32083,CART-29083,2025-08-17,105.20,56.12,35.43,Home,5,Shipped,Web,North,P-533,SKU-2267,21.04,3.37,8.42,VIP,Credit Card
ORD-27084,CUST-10834,SESS-32084,CART-29084,2024-10-28,324.04,186.11,6.35,Fashion,1,Cancelled,Web,East,P-897,SKU-4023,324.04,2.96,25.92,New,Debit Card
ORD-27085,CUST-10835,SESS-32085,CART-29085,2023-12-09,265.45,129.40,33.72,  sports  ,2,Returned,Affiliate,South,P-63,SKU-958,132.72,19.36,21.24,Returning,PayPal
ORD-27086,CUST-10835,SESS-32086,CART-29086,2025-08-10,NULL,39.41,17.34,Sports,2,Cancelled,Affiliate,South,P-563,SKU-4197,51.76,0.17,8.28,VIP,Debit Card
ORD-27087,CUST-10835,SESS-32087,CART-29087,2025-08-16,145.84,44.03,6.65,Beauty,2,Shipped,Affiliate,East,P-811,SKU-3268,72.92,16.63,11.67,New,PayPal
ORD-27088,CUST-10836,SESS-32088,CART-29088,2023-04-21,165.98,62.28,36.73,Beauty,5,Completed,Mobile App,International,P-323,SKU-3235,33.20,0.40,13.28,New,Debit Card
ORD-27089,CUST-10836,SESS-32089,CART-29089,2023-12-18,349.31,127.51,11.82,Sports,3,Shipped,Affiliate,East,P-203,SKU-1751,116.44,6.57,27.95,Returning,PayPal
ORD-27090,CUST-10837,SESS-32090,CART-29090,2024-02-04,281.35,102.74,2.93,NULL,4,Pending,Social Media,International,P-687,SKU-3214,70.34,12.58,22.51,New,Crypto
ORD-27091,CUST-10837,SESS-32091,CART-29091,2023-07-28,103.71,52.26,16.24,Fashion,4,Returned,Social Media,West,P-82,SKU-2128,25.93,8.52,8.30,VIP,PayPal
ORD-27092,CUST-10837,SESS-32092,CART-29092,2024-06-10,474.69,257.80,20.61,Fashion,3,Shipped,Mobile App,East,P-44,SKU-3523,158.23,1.60,37.98,Returning,Debit Card
ORD-27093,CUST-10838,SESS-32093,CART-29093,2024-01-07,328.76,138.94,9.06,Electronics,1,Shipped,Mobile App,International,P-238,SKU-3893,328.76,1.18,26.30,VIP,Debit Card
ORD-27094,CUST-10838,SESS-32094,CART-29094,2023-05-12,311.13,137.26,16.45,Sports,2,Cancelled,Web,West,P-259,SKU-807,155.56,7.53,24.89,Returning,Crypto
ORD-27095,CUST-10839,SESS-32095,CART-29095,2023-05-21,374.65,201.84,12.80,Electronics,4,Cancelled,Mobile App,International,P-339,SKU-4259,93.66,10.89,29.97,Returning,PayPal
ORD-27096,CUST-10839,SESS-32096,CART-29096,2023-09-27,260.82,102.67,48.07,Sports,4,Shipped,Affiliate,International,P-927,SKU-2874,65.21,10.98,20.87,New,Crypto
ORD-27097,CUST-10839,SESS-32097,CART-29097,2025-10-27,400.43,206.46,35.68,Electronics,5,Cancelled,Web,West,P-904,SKU-535,80.09,8.96,32.03,New,Crypto
ORD-27098,CUST-10840,SESS-32098,CART-29098,2023-08-19,457.56,204.48,27.90,Beauty,5,Shipped,Social Media,International,P-392,SKU-3837,91.51,9.38,36.61,Returning,PayPal
ORD-27099,CUST-10840,SESS-32099,CART-29099,2026-03-04,419.57,136.48,1.94,Fashion,3,Returned,Social Media,South,P-860,SKU-4944,139.86,9.41,33.57,New,PayPal
ORD-27100,CUST-10841,SESS-32100,CART-29100,2023-11-10,10.65,3.53,12.11,Electronics,,Returned,Web,East,P-738,SKU-1023,10.65,10.27,0.85,Returning,Debit Card
ORD-27101,CUST-10841,SESS-32101,CART-29101,2025-04-24,105.83,48.51,28.22,Fashion,1,Completed,Mobile App,East,P-903,SKU-2662,105.83,5.48,8.47,VIP,Debit Card
ORD-27102,CUST-10841,SESS-32102,CART-29102,2024-11-06,385.67,124.54,21.68,Fashion,4,Pending,Web,International,P-837,SKU-839,96.42,6.43,30.85,Returning,Crypto
ORD-27103,CUST-10842,SESS-32103,CART-29103,2023-04-13,100.80,56.29,13.78,Fashion,1,Completed,Mobile App,South,P-532,SKU-1395,100.80,4.86,8.06,VIP,Crypto
ORD-27104,CUST-10842,SESS-32104,CART-29104,2023-05-11,337.30,155.17,8.91,Home,4,Pending,Mobile App,West,P-939,SKU-2265,84.32,11.84,26.98,New,PayPal
ORD-27105,CUST-10843,SESS-32105,CART-29105,2023-07-24,58.18,22.27,8.40,Home,1,Completed,Social Media,South,P-560,SKU-3486,58.18,8.82,4.65,VIP,Crypto
ORD-27106,CUST-10843,SESS-32106,CART-29106,1748468231864,211.59,119.40,46.35,Fashion,5,Shipped,Social Media,North,P-652,SKU-4958,42.32,6.01,16.93,New,PayPal
ORD-27107,CUST-10843,SESS-32107,CART-29107,2025-08-20,17.71,9.66,10.53,Home,5,Returned,Mobile App,East,P-603,SKU-302,3.54,9.16,1.42,Returning,Credit Card
ORD-27108,CUST-10844,SESS-32108,CART-29108,2024-06-25,321.86,162.93,31.58,Sports,5,Shipped,Web,North,P-883,SKU-1977,64.37,17.55,25.75,New,Crypto
ORD-27109,CUST-10844,SESS-32109,CART-29109,2023-08-27,NULL,68.28,33.27,Sports,1,Cancelled,Affiliate,West,P-243,SKU-3424,142.15,4.01,11.37,Returning,Credit Card
ORD-27110,CUST-10845,SESS-32110,CART-29110,2025-03-07,290.67,156.79,32.42,Electronics,2,Completed,Social Media,West,P-130,SKU-3832,145.33,6.81,23.25,New,PayPal
ORD-27111,CUST-10845,SESS-32111,CART-29111,2024-08-12,381.36,211.46,12.73,Sports,1,Cancelled,Social Media,East,P-437,SKU-3581,381.36,17.62,30.51,VIP,Crypto
ORD-27112,CUST-10845,SESS-32112,CART-29112,2024-09-16,398.15,154.77,41.75,Sports,3,Returned,Affiliate,West,P-888,SKU-4227,132.72,16.77,31.85,New,Debit Card
ORD-27113,CUST-10846,SESS-32113,CART-29113,2026-03-04,NULL,222.01,39.95,Fashion,5,Pending,Social Media,International,P-421,SKU-2078,101.91,14.95,40.77,New,Debit Card
ORD-27114,CUST-10846,SESS-32114,CART-29114,2/2/2024,69.55,23.86,42.61,Fashion,4,Completed,Web,South,P-686,SKU-2078,17.39,7.18,5.56,VIP,Crypto
ORD-27115,CUST-10847,SESS-32115,CART-29115,2023-09-02,257.07,122.33,1.39,Fashion,5,Completed,Mobile App,North,P-754,SKU-2874,51.41,13.07,20.57,Returning,Debit Card
ORD-27116,CUST-10847,SESS-32116,CART-29116,1739197856808,  256.47  ,108.15,8.27,Beauty,2,Cancelled,Web,International,P-791,SKU-1504,128.24,14.49,20.52,VIP,Credit Card
ORD-27117,CUST-10847,SESS-32117,CART-29117,2026-02-10,94.98,37.15,36.33,Electronics,3,Returned,Web,West,P-687,SKU-4257,31.66,9.28,7.60,New,Debit Card
ORD-27118,CUST-10848,SESS-32118,CART-29118,1673191199207,320.53,113.30,0.86,Home,2,Cancelled,Affiliate,East,P-837,SKU-2434,160.27,7.39,25.64,New,PayPal
ORD-27119,CUST-10848,SESS-32119,CART-29119,2023-05-18,346.88,186.47,10.38,Sports,5,Pending,Social Media,East,P-195,SKU-3847,69.38,3.71,27.75,Returning,Crypto
ORD-27120,CUST-10849,SESS-32120,CART-29120,2024-12-16,428.91,256.81,15.40,Beauty,5,Completed,Social Media,West,P-642,SKU-848,85.78,10.48,34.31,Returning,Debit Card
ORD-27121,CUST-10849,SESS-32121,CART-29121,2023-03-04,81.10,26.61,5.29,Sports,2,Returned,Affiliate,West,P-810,SKU-3068,40.55,8.91,6.49,VIP,Debit Card
ORD-27122,CUST-10849,SESS-32122,CART-29122,2023-08-23,,52.26,22.82,Beauty,2,Returned,Web,North,P-661,SKU-1202,69.72,18.61,11.15,VIP,Debit Card
ORD-27123,CUST-10850,SESS-32123,CART-29123,2025-11-07,305.41,175.78,2.35,Home,4,Returned,Web,West,P-670,SKU-626,76.35,4.54,24.43,Returning,Crypto
ORD-27124,CUST-10850,SESS-32124,CART-29124,6/27/2024,29.36,10.53,23.54,Beauty,2,Shipped,Mobile App,West,P-553,SKU-518,14.68,8.49,2.35,New,Credit Card
ORD-27125,CUST-10851,SESS-32125,CART-29125,2026-02-02,277.74,151.15,25.20,Home,4,Cancelled,Social Media,South,P-153,SKU-3490,69.43,0.35,22.22,Returning,Debit Card
ORD-27126,CUST-10851,SESS-32126,CART-29126,11/28/2024,95.54,48.83,22.66,Fashion,1,Returned,Mobile App,North,P-733,SKU-762,95.54,11.07,7.64,Returning,PayPal
ORD-27127,CUST-10851,SESS-32127,CART-29127,2024-08-31,197.66,79.39,9.76,Sports,1,Cancelled,Mobile App,South,P-426,SKU-1199,197.66,19.55,15.81,Returning,PayPal
ORD-27128,CUST-10852,SESS-32128,CART-29128,2023-07-18,463.53,150.29,39.92,Electronics,1,Returned,Mobile App,International,P-97,SKU-3576,463.53,12.96,37.08,New,PayPal
ORD-27129,CUST-10852,SESS-32129,CART-29129,5/22/2024,57.40,20.44,21.20,Sports,3,Shipped,Social Media,West,P-115,SKU-1576,19.13,14.12,4.59,New,Credit Card
ORD-27130,CUST-10853,SESS-32130,CART-29130,1/28/2023,377.24,135.81,25.13,Sports,4,Shipped,Social Media,International,P-164,SKU-3351,94.31,1.97,30.18,VIP,Crypto
ORD-27131,CUST-10853,SESS-32131,CART-29131,2024-05-02,36.98,13.63,34.50,Beauty,3,Completed,Social Media,South,P-785,SKU-4564,12.33,5.92,2.96,Returning,Credit Card
ORD-27132,CUST-10853,SESS-32132,CART-29132,2024-05-09,138.31,71.65,38.43,Electronics,1,Cancelled,Affiliate,North,P-961,SKU-3875,138.31,1.22,11.06,Returning,Debit Card
ORD-27133,CUST-10854,SESS-32133,CART-29133,2023-03-01,472.61,276.42,43.25,Beauty,1,Returned,Social Media,North,P-108,SKU-1161,472.61,6.33,37.81,VIP,Debit Card
ORD-27134,CUST-10854,SESS-32134,CART-29134,2024-06-25,207.13,96.73,34.91,  sports  ,5,Cancelled,Web,West,P-203,SKU-3084,41.43,16.97,16.57,Returning,PayPal
ORD-27135,CUST-10855,SESS-32135,CART-29135,2024-11-14,486.61,253.75,25.66,Electronics,5,Completed,Social Media,West,P-142,SKU-4327,97.32,12.06,38.93,VIP,Credit Card
ORD-27136,CUST-10855,SESS-32136,CART-29136,2023-11-01,353.44,204.15,41.87,Fashion,1,Shipped,Social Media,South,P-832,SKU-855,353.44,18.91,28.27,New,PayPal
ORD-27137,CUST-10855,SESS-32137,CART-29137,2025-01-20,484.71,280.37,29.96,Beauty,3,Pending,Mobile App,East,P-349,SKU-4766,161.57,18.24,38.78,VIP,Crypto
ORD-27138,CUST-10856,SESS-32138,CART-29138,2024-06-19,303.22,110.32,24.00,Electronics,2,Pending,Affiliate,North,P-759,SKU-2453,151.61,6.74,24.26,New,Debit Card
ORD-27139,CUST-10856,SESS-32139,CART-29139,2025-08-15,271.55,101.87,0.24,Electronics,5,Completed,Web,South,P-123,SKU-21,54.31,6.41,21.72,VIP,PayPal
ORD-27140,CUST-10857,SESS-32140,CART-29140,2024-07-18,39.64,22.83,36.39,Electronics,,Shipped,Social Media,South,P-545,SKU-536,9.91,9.58,3.17,New,Debit Card
ORD-27141,CUST-10857,SESS-32141,CART-29141,2023-02-01,344.76,194.52,48.18,Fashion,5,Pending,Mobile App,North,P-906,SKU-2511,68.95,2.00,27.58,New,PayPal
ORD-27142,CUST-10857,SESS-32142,CART-29142,2023-12-15,148.29,76.08,39.72,Beauty,3,Completed,Social Media,South,P-504,SKU-1743,49.43,19.22,11.86,New,PayPal
ORD-27143,CUST-10858,SESS-32143,CART-29143,2024-09-17,251.61,76.92,33.04,Home,5,Pending,Mobile App,East,P-995,SKU-998,50.32,11.48,20.13,Returning,Crypto
ORD-27144,CUST-10858,SESS-32144,CART-29144,2025-12-10,175.35,65.65,21.59,Electronics,5,Completed,Mobile App,North,P-436,SKU-2971,35.07,3.98,14.03,Returning,Crypto
ORD-27145,CUST-10859,SESS-32145,CART-29145,2023-06-01,298.14,157.67,27.39,Sports,3,Shipped,Mobile App,International,P-44,SKU-2229,99.38,6.54,23.85,VIP,Crypto
ORD-27146,CUST-10859,SESS-32146,CART-29146,2025-06-01,450.46,142.86,31.89,Electronics,3,Completed,Mobile App,East,P-591,SKU-4231,150.15,9.84,36.04,Returning,Credit Card
ORD-27147,CUST-10859,SESS-32147,CART-29147,2023-10-13,211.99,105.44,15.37,Electronics,4,Shipped,Social Media,International,P-75,SKU-4295,53.00,15.30,16.96,Returning,Crypto
ORD-27148,CUST-10860,SESS-32148,CART-29148,8/24/2023,357.26,169.09,9.35,Beauty,2,Pending,Affiliate,West,P-867,SKU-208,178.63,1.43,28.58,Returning,Credit Card
ORD-27149,CUST-10860,SESS-32149,CART-29149,1710166638372,194.39,100.62,25.12,Electronics,3,Completed,Mobile App,West,P-968,SKU-2982,64.80,8.69,15.55,Returning,Debit Card
ORD-27150,CUST-10861,SESS-32150,CART-29150,2023-08-19,282.57,128.80,21.25,Sports,3,Completed,Web,North,P-211,SKU-724,94.19,14.12,22.61,VIP,Crypto
ORD-27151,CUST-10861,SESS-32151,CART-29151,2023-09-28,309.95,133.79,3.72,Electronics,4,Pending,Web,South,P-551,SKU-4747,77.49,9.61,24.80,Returning,PayPal
ORD-27152,CUST-10861,SESS-32152,CART-29152,2024-03-02,145.66,84.79,45.62,Home,3,Completed,Affiliate,North,P-426,SKU-4831,48.55,13.51,11.65,New,Crypto
ORD-27153,CUST-10862,SESS-32153,CART-29153,2024-04-16,173.13,62.11,40.76,Fashion,4,Returned,Mobile App,West,P-195,SKU-943,43.28,18.18,13.85,Returning,Debit Card
ORD-27154,CUST-10862,SESS-32154,CART-29154,2023-07-28,,135.49,10.90,Fashion,2,Completed,Social Media,South,P-227,SKU-2644,183.51,1.44,29.36,VIP,PayPal
ORD-27155,CUST-10863,SESS-32155,CART-29155,2023-03-19,316.01,168.13,42.19,Beauty,2,Shipped,Social Media,South,P-195,SKU-3360,158.01,6.41,25.28,VIP,Credit Card
ORD-27156,CUST-10863,SESS-32156,CART-29156,2023-10-25,235.44,109.10,28.56,Electronics,4,Completed,Social Media,North,P-710,SKU-3163,58.86,5.62,18.84,Returning,Credit Card
ORD-27157,CUST-10863,SESS-32157,CART-29157,2025-07-17,509.52,217.73,32.98,Fashion,5,Cancelled,Social Media,West,P-394,SKU-1312,101.90,11.25,40.76,Returning,Crypto
ORD-27158,CUST-10864,SESS-32158,CART-29158,2024-12-09,234.11,128.05,48.86,Beauty,3,Pending,Mobile App,International,P-274,SKU-2298,78.04,0.75,18.73,New,PayPal
ORD-27159,CUST-10864,SESS-32159,CART-29159,1734344158078,371.58,178.94,46.60,Beauty,1,Returned,Affiliate,West,P-826,SKU-2257,371.58,12.04,29.73,VIP,Credit Card
ORD-27160,CUST-10865,SESS-32160,CART-29160,2024-10-16,268.85,117.52,1.48,Electronics,3,Shipped,Affiliate,North,P-440,SKU-1338,89.62,19.03,21.51,New,PayPal
ORD-27161,CUST-10865,SESS-32161,CART-29161,2024-08-21,328.73,106.56,24.60,Electronics,1,Pending,Web,East,P-354,SKU-3638,328.73,10.30,26.30,Returning,PayPal
ORD-27162,CUST-10865,SESS-32162,CART-29162,2024-02-12,500.35,292.37,26.89,Home,2,Shipped,Mobile App,North,P-2,SKU-4571,250.17,17.15,40.03,VIP,Credit Card
ORD-27163,CUST-10866,SESS-32163,CART-29163,2023-03-06,48.55,28.11,42.19,Home,3,Pending,Mobile App,North,P-105,SKU-4653,16.18,3.23,3.88,Returning,PayPal
ORD-27164,CUST-10866,SESS-32164,CART-29164,2025-05-18,506.71,216.81,30.32,Beauty,5,Returned,Mobile App,International,P-52,SKU-3970,101.34,6.68,40.54,New,Debit Card
ORD-27165,CUST-10867,SESS-32165,CART-29165,2025-10-09,403.77,154.60,45.43,Home,1,Shipped,Affiliate,East,P-909,SKU-2044,403.77,15.06,32.30,Returning,Debit Card
ORD-27166,CUST-10867,SESS-32166,CART-29166,2025-08-19,,97.31,49.32,Fashion,5,Completed,Affiliate,South,P-447,SKU-4465,41.13,16.45,16.45,VIP,Crypto
ORD-27167,CUST-10867,SESS-32167,CART-29167,2024-11-13,261.89,101.19,47.56,Electronics,5,Completed,Mobile App,West,P-55,SKU-970,52.38,0.91,20.95,New,Credit Card
ORD-27168,CUST-10868,SESS-32168,CART-29168,2024-09-29,180.36,74.84,4.60,Sports,3,Shipped,Web,International,P-91,SKU-339,60.12,15.69,14.43,New,Credit Card
ORD-27169,CUST-10868,SESS-32169,CART-29169,2025-02-09,499.83,175.08,5.92,Electronics,1,Returned,Mobile App,West,P-205,SKU-2354,499.83,15.18,39.99,VIP,Crypto
ORD-27170,CUST-10869,SESS-32170,CART-29170,2023-11-06,397.45,130.59,19.35,Fashion,1,Pending,Mobile App,South,P-97,SKU-1638,397.45,9.95,31.80,VIP,Crypto
ORD-27171,CUST-10869,SESS-32171,CART-29171,2023-08-27,,123.94,29.29,Fashion,5,Cancelled,Mobile App,International,P-975,SKU-631,74.88,17.41,29.95,New,Crypto
ORD-27172,CUST-10869,SESS-32172,CART-29172,2024-04-15,412.84,247.10,28.00,Beauty,4,Returned,Social Media,East,P-174,SKU-2312,103.21,16.68,33.03,VIP,PayPal
ORD-27173,CUST-10870,SESS-32173,CART-29173,2024-08-07,497.51,220.73,30.48,Electronics,5,Pending,Affiliate,West,P-574,SKU-2017,99.50,16.61,39.80,VIP,Credit Card
ORD-27174,CUST-10870,SESS-32174,CART-29174,2024-03-30,21.36,10.22,15.93,Fashion,3,Cancelled,Affiliate,South,P-679,SKU-2155,7.12,13.52,1.71,New,Debit Card
ORD-27175,CUST-10871,SESS-32175,CART-29175,2025-04-25,156.33,68.76,11.24,Electronics,3,Shipped,Web,West,P-817,SKU-511,52.11,14.33,12.51,Returning,Debit Card
ORD-27176,CUST-10871,SESS-32176,CART-29176,2024-11-15,295.75,91.07,28.95,Home,5,Completed,Web,International,P-996,SKU-2841,59.15,17.25,23.66,VIP,Credit Card
ORD-27177,CUST-10871,SESS-32177,CART-29177,2025-11-21,183.26,59.64,12.26,Sports,5,Completed,Mobile App,South,P-317,SKU-2485,36.65,1.39,14.66,VIP,Credit Card
ORD-27178,CUST-10872,SESS-32178,CART-29178,1715341909517,  360.99  ,163.17,25.61,Home,3,Completed,Social Media,North,P-983,SKU-4347,120.33,2.76,28.88,New,PayPal
ORD-27179,CUST-10872,SESS-32179,CART-29179,2024-02-07,217.59,71.06,23.09,Beauty,4,Completed,Affiliate,International,P-725,SKU-4637,54.40,11.23,17.41,VIP,PayPal
ORD-27180,CUST-10873,SESS-32180,CART-29180,2024-06-25,  417.07  ,236.06,47.52,Fashion,1,Cancelled,Web,North,P-786,SKU-4517,417.07,9.74,33.37,VIP,PayPal
ORD-27181,CUST-10873,SESS-32181,CART-29181,2024-06-26,312.10,125.83,25.93,Electronics,3,Shipped,Mobile App,South,P-386,SKU-2813,104.03,16.81,24.97,New,Crypto
ORD-27182,CUST-10873,SESS-32182,CART-29182,2024-02-01,13.80,4.80,5.10,Fashion,1,Shipped,Mobile App,East,P-21,SKU-2686,13.80,11.68,1.10,Returning,PayPal
ORD-27183,CUST-10874,SESS-32183,CART-29183,2026-02-01,280.62,113.26,8.52,Home,5,Pending,Affiliate,North,P-607,SKU-4169,56.12,0.60,22.45,New,Crypto
ORD-27184,CUST-10874,SESS-32184,CART-29184,2023-09-12,17.06,9.96,38.97,Home,1,Cancelled,Affiliate,North,P-747,SKU-2775,17.06,0.77,1.36,VIP,Crypto
ORD-27185,CUST-10875,SESS-32185,CART-29185,2024-01-10,478.98,211.02,24.72,Home,1,Shipped,Affiliate,South,P-89,SKU-1422,478.98,5.05,38.32,VIP,Debit Card
ORD-27186,CUST-10875,SESS-32186,CART-29186,2024-03-31,153.98,78.75,2.21,Beauty,5,Returned,Affiliate,International,P-66,SKU-743,30.80,11.59,12.32,New,PayPal
ORD-27187,CUST-10875,SESS-32187,CART-29187,1748090220191,464.41,214.19,15.34,Sports,1,Returned,Web,International,P-115,SKU-923,464.41,7.40,37.15,New,PayPal
ORD-27188,CUST-10876,SESS-32188,CART-29188,2023-12-02,186.82,90.18,31.97,Sports,5,Shipped,Affiliate,International,P-553,SKU-1398,37.36,12.08,14.95,New,Crypto
ORD-27189,CUST-10876,SESS-32189,CART-29189,1/26/2025,381.50,219.76,7.28,Beauty,3,Shipped,Affiliate,West,P-500,SKU-4351,127.17,1.33,30.52,Returning,Crypto
ORD-27190,CUST-10877,SESS-32190,CART-29190,1675706550766,227.11,92.19,22.26,Electronics,3,Pending,Web,South,P-652,SKU-4613,75.70,14.94,18.17,VIP,Crypto
ORD-27191,CUST-10877,SESS-32191,CART-29191,2024-10-05,501.59,171.24,8.05,Beauty,4,Shipped,Social Media,West,P-552,SKU-4726,125.40,3.40,40.13,Returning,Credit Card
ORD-27192,CUST-10877,SESS-32192,CART-29192,2023-01-03,263.00,117.06,45.13,Home,4,Completed,Web,South,P-855,SKU-2004,65.75,18.73,21.04,Returning,PayPal
ORD-27193,CUST-10878,SESS-32193,CART-29193,2023-05-24,113.71,39.63,14.22,  home  ,3,Completed,Affiliate,West,P-918,SKU-3423,37.90,12.73,9.10,VIP,Credit Card
ORD-27194,CUST-10878,SESS-32194,CART-29194,2023-06-30,388.58,119.02,16.45,Sports,4,Completed,Mobile App,International,P-223,SKU-2025,97.14,5.76,31.09,Returning,Credit Card
ORD-27195,CUST-10879,SESS-32195,CART-29195,6/23/2023,173.06,59.01,45.16,Sports,1,Cancelled,Affiliate,International,P-488,SKU-2602,173.06,2.82,13.85,VIP,Debit Card
ORD-27196,CUST-10879,SESS-32196,CART-29196,2023-09-08,266.24,114.74,21.88,Electronics,1,Cancelled,Affiliate,West,P-524,SKU-2015,266.24,2.54,21.30,VIP,PayPal
ORD-27197,CUST-10879,SESS-32197,CART-29197,2024-04-16,414.16,126.44,38.94,Electronics,3,Returned,Web,West,P-818,SKU-4962,138.05,0.86,33.13,New,Credit Card
ORD-27198,CUST-10880,SESS-32198,CART-29198,2023-07-28,184.41,63.07,44.63,Fashion,4,Returned,Mobile App,International,P-784,SKU-2117,46.10,5.53,14.75,Returning,Debit Card
ORD-27199,CUST-10880,SESS-32199,CART-29199,2026-02-07,353.65,210.56,29.47,Home,4,Completed,Affiliate,International,P-512,SKU-4989,88.41,5.05,28.29,New,Debit Card
ORD-27200,CUST-10881,SESS-32200,CART-29200,2024-04-12,266.07,146.13,30.89,Fashion,3,Cancelled,Affiliate,South,P-705,SKU-4993,88.69,17.16,21.29,VIP,Debit Card
ORD-27201,CUST-10881,SESS-32201,CART-29201,2025-04-16,91.43,35.53,23.13,Electronics,1,Completed,Social Media,East,P-435,SKU-3938,91.43,9.03,7.31,VIP,Credit Card
ORD-27202,CUST-10881,SESS-32202,CART-29202,11/21/2025,397.52,201.82,43.57,Sports,1,Cancelled,Social Media,South,P-541,SKU-2360,397.52,15.74,31.80,VIP,Debit Card
ORD-27203,CUST-10882,SESS-32203,CART-29203,2023-06-29,27.39,13.08,45.09,  home  ,4,Cancelled,Social Media,West,P-835,SKU-3164,6.85,5.88,2.19,Returning,Credit Card
ORD-27204,CUST-10882,SESS-32204,CART-29204,2024-10-25,418.81,224.81,39.66,Electronics,4,Pending,Web,South,P-491,SKU-4172,104.70,13.58,33.50,Returning,Credit Card
ORD-27205,CUST-10883,SESS-32205,CART-29205,2024-09-06,106.44,49.75,23.94,Electronics,5,Shipped,Web,East,P-412,SKU-3596,21.29,2.78,8.52,New,Debit Card
ORD-27206,CUST-10883,SESS-32206,CART-29206,2026-02-13,250.21,124.44,1.80,Home,4,Pending,Mobile App,South,P-781,SKU-4211,62.55,10.25,20.02,New,Debit Card
ORD-27207,CUST-10883,SESS-32207,CART-29207,2023-06-01,135.85,69.91,0.58,Home,3,Completed,Affiliate,South,P-416,SKU-44,45.28,11.05,10.87,VIP,Debit Card
ORD-27208,CUST-10884,SESS-32208,CART-29208,2023-03-18,88.99,31.55,42.79,Home,4,Shipped,Social Media,South,P-416,SKU-3390,22.25,4.63,7.12,Returning,Crypto
ORD-27209,CUST-10884,SESS-32209,CART-29209,2024-12-26,173.68,65.02,36.05,Beauty,5,Shipped,Social Media,South,P-244,SKU-4045,34.74,7.52,13.89,Returning,Credit Card
ORD-27210,CUST-10885,SESS-32210,CART-29210,2024-07-07,72.32,23.16,36.16,Beauty,3,Returned,Web,East,P-649,SKU-3787,24.11,18.57,5.79,Returning,Debit Card
ORD-27211,CUST-10885,SESS-32211,CART-29211,2023-03-08,124.25,53.10,42.97,Beauty,2,Pending,Affiliate,International,P-997,SKU-2807,62.12,1.49,9.94,VIP,Credit Card
ORD-27212,CUST-10885,SESS-32212,CART-29212,2024-01-02,388.36,118.81,19.88,Electronics,1,Completed,Affiliate,International,P-128,SKU-2452,388.36,9.76,31.07,VIP,Credit Card
ORD-27213,CUST-10886,SESS-32213,CART-29213,1673893827502,393.25,204.43,15.33,Sports,2,Completed,Web,West,P-552,SKU-1829,196.62,6.71,31.46,VIP,Credit Card
ORD-27214,CUST-10886,SESS-32214,CART-29214,2024-09-20,57.05,32.06,0.19,Electronics,1,Cancelled,Social Media,East,P-88,SKU-3804,57.05,9.67,4.56,Returning,Credit Card
ORD-27215,CUST-10887,SESS-32215,CART-29215,2023-05-31,182.68,89.88,14.01,Sports,4,Cancelled,Social Media,South,P-280,SKU-1002,45.67,3.69,14.61,Returning,Credit Card
ORD-27216,CUST-10887,SESS-32216,CART-29216,2024-07-15,215.74,67.89,45.21,Electronics,2,Completed,Web,West,P-608,SKU-3790,107.87,1.81,17.26,Returning,PayPal
ORD-27217,CUST-10887,SESS-32217,CART-29217,2023-12-08,185.40,93.88,1.83,Fashion,1,Pending,Affiliate,North,P-405,SKU-1947,185.40,18.94,14.83,VIP,Credit Card
ORD-27218,CUST-10888,SESS-32218,CART-29218,2024-02-26,66.62,35.71,29.80,Sports,2,Completed,Mobile App,North,P-4,SKU-481,33.31,14.47,5.33,VIP,Credit Card
ORD-27219,CUST-10888,SESS-32219,CART-29219,2024-06-23,89.63,40.99,41.92,Sports,5,Pending,Affiliate,North,P-877,SKU-721,17.93,18.09,7.17,VIP,Crypto
ORD-27220,CUST-10889,SESS-32220,CART-29220,2024-08-17,390.36,139.34,17.40,Beauty,5,Cancelled,Web,West,P-822,SKU-2852,78.07,3.49,31.23,Returning,Crypto
ORD-27221,CUST-10889,SESS-32221,CART-29221,2024-08-08,472.81,221.86,44.07,Electronics,3,Pending,Web,West,P-314,SKU-2425,157.60,19.20,37.82,VIP,PayPal
ORD-27222,CUST-10889,SESS-32222,CART-29222,2025-08-31,235.07,116.30,13.10,Beauty,3,Returned,Affiliate,North,P-750,SKU-4611,78.36,4.63,18.81,VIP,Debit Card
ORD-27223,CUST-10890,SESS-32223,CART-29223,2025-05-03,70.68,22.59,45.96,Home,4,Cancelled,Web,North,P-83,SKU-4851,17.67,11.66,5.65,VIP,Debit Card
ORD-27224,CUST-10890,SESS-32224,CART-29224,2024-03-09,199.46,95.75,24.53,Home,4,Cancelled,Mobile App,East,P-800,SKU-1152,49.87,5.47,15.96,VIP,Debit Card
ORD-27225,CUST-10891,SESS-32225,CART-29225,2023-03-09,461.08,245.23,37.03,Sports,3,Shipped,Mobile App,South,P-281,SKU-1034,153.69,15.35,36.89,New,Debit Card
ORD-27226,CUST-10891,SESS-32226,CART-29226,2025-08-08,99.59,43.66,14.54,NULL,3,Pending,Web,South,P-222,SKU-3190,33.20,3.69,7.97,Returning,Debit Card
ORD-27227,CUST-10891,SESS-32227,CART-29227,2026-03-01,101.21,56.14,5.65,Home,2,Returned,Web,North,P-188,SKU-4365,50.61,18.22,8.10,Returning,Debit Card
ORD-27228,CUST-10892,SESS-32228,CART-29228,2024-08-22,430.83,142.50,45.07,Sports,3,Shipped,Mobile App,North,P-331,SKU-1634,143.61,4.92,34.47,VIP,Credit Card
ORD-27229,CUST-10892,SESS-32229,CART-29229,2024-09-14,471.36,246.34,18.82,Electronics,2,Pending,Affiliate,West,P-559,SKU-2338,235.68,5.08,37.71,VIP,Debit Card
ORD-27230,CUST-10893,SESS-32230,CART-29230,2025-10-24,324.83,179.18,6.36,Home,2,Cancelled,Mobile App,East,P-133,SKU-1922,162.41,6.30,25.99,VIP,Debit Card
ORD-27231,CUST-10893,SESS-32231,CART-29231,2025-04-25,175.44,90.89,20.33,NULL,5,Completed,Web,West,P-891,SKU-3872,35.09,4.70,14.04,VIP,Crypto
ORD-27232,CUST-10893,SESS-32232,CART-29232,2024-03-24,384.16,162.73,15.80,Home,3,Returned,Mobile App,East,P-590,SKU-1470,128.05,8.77,30.73,Returning,Credit Card
ORD-27233,CUST-10894,SESS-32233,CART-29233,2023-03-12,176.07,65.70,19.33,Electronics,2,Cancelled,Affiliate,South,P-286,SKU-1942,88.03,4.98,14.09,Returning,Debit Card
ORD-27234,CUST-10894,SESS-32234,CART-29234,2024-12-31,296.69,159.56,16.01,Electronics,4,Cancelled,Affiliate,International,P-714,SKU-1879,74.17,15.01,23.74,New,Credit Card
ORD-27235,CUST-10895,SESS-32235,CART-29235,2025-07-15,  347.52  ,183.98,23.13,Fashion,4,Completed,Mobile App,International,P-449,SKU-2880,86.88,14.57,27.80,New,Crypto
ORD-27236,CUST-10895,SESS-32236,CART-29236,2023-12-01,472.47,231.26,25.56,Sports,5,Pending,Mobile App,East,P-917,SKU-607,94.49,9.41,37.80,New,Debit Card
ORD-27237,CUST-10895,SESS-32237,CART-29237,2025-07-03,68.59,29.91,11.16,Electronics,5,Pending,Web,South,P-134,SKU-3096,13.72,1.43,5.49,New,Debit Card
ORD-27238,CUST-10896,SESS-32238,CART-29238,2023-08-03,287.19,113.39,9.72,Electronics,3,Shipped,Mobile App,International,P-248,SKU-1823,95.73,9.67,22.98,New,PayPal
ORD-27239,CUST-10896,SESS-32239,CART-29239,1688538254127,203.77,110.58,28.59,Beauty,1,Pending,Mobile App,East,P-18,SKU-721,203.77,16.18,16.30,New,Debit Card
ORD-27240,CUST-10897,SESS-32240,CART-29240,2025-10-11,130.85,49.46,27.37,Home,3,Pending,Web,International,P-199,SKU-1361,43.62,2.74,10.47,Returning,PayPal
ORD-27241,CUST-10897,SESS-32241,CART-29241,2023-02-03,301.35,161.41,19.67,Home,4,Cancelled,Social Media,South,P-629,SKU-3105,75.34,15.32,24.11,New,Debit Card
ORD-27242,CUST-10897,SESS-32242,CART-29242,1675362272012,63.34,20.05,34.92,Home,4,Completed,Web,North,P-259,SKU-510,15.83,11.35,5.07,Returning,Credit Card
ORD-27243,CUST-10898,SESS-32243,CART-29243,2025-01-15,191.84,61.56,48.03,Fashion,1,Shipped,Mobile App,International,P-552,SKU-2116,191.84,17.32,15.35,Returning,Debit Card
ORD-27244,CUST-10898,SESS-32244,CART-29244,2023-06-19,364.16,135.84,35.52,Electronics,2,Completed,Social Media,South,P-793,SKU-4745,182.08,15.85,29.13,VIP,PayPal
ORD-27245,CUST-10899,SESS-32245,CART-29245,2025-02-07,404.98,162.07,9.68,Home,2,Returned,Affiliate,South,P-191,SKU-2536,202.49,16.39,32.40,New,PayPal
ORD-27246,CUST-10899,SESS-32246,CART-29246,2025-12-24,232.42,121.99,34.93,Home,3,Returned,Mobile App,International,P-563,SKU-3124,77.47,9.27,18.59,Returning,Debit Card
ORD-27247,CUST-10899,SESS-32247,CART-29247,2024-07-06,191.93,68.74,6.90,Electronics,2,Shipped,Web,International,P-658,SKU-274,95.96,6.89,15.35,Returning,Credit Card
ORD-27248,CUST-10900,SESS-32248,CART-29248,10/3/2025,235.02,131.15,30.15,Sports,3,Pending,Social Media,South,P-895,SKU-4063,78.34,19.84,18.80,Returning,Credit Card
ORD-27249,CUST-10900,SESS-32249,CART-29249,2025-09-04,187.00,86.59,4.40,Electronics,5,Pending,Mobile App,International,P-884,SKU-1895,37.40,2.53,14.96,Returning,PayPal
ORD-27250,CUST-10901,SESS-32250,CART-29250,2023-07-19,206.41,114.71,36.97,Beauty,5,Pending,Mobile App,West,P-140,SKU-2765,41.28,10.10,16.51,New,Debit Card
ORD-27251,CUST-10901,SESS-32251,CART-29251,2023-03-23,44.67,16.27,44.19,Sports,1,Returned,Mobile App,International,P-890,SKU-2989,44.67,14.50,3.57,VIP,Credit Card
ORD-27252,CUST-10901,SESS-32252,CART-29252,2025-11-14,497.15,297.28,13.74,Fashion,1,Cancelled,Affiliate,West,P-128,SKU-1132,497.15,19.66,39.77,VIP,Debit Card
ORD-27253,CUST-10902,SESS-32253,CART-29253,2023-07-14,471.39,165.24,7.39,Home,1,Shipped,Web,International,P-947,SKU-1859,471.39,10.32,37.71,VIP,Credit Card
ORD-27254,CUST-10902,SESS-32254,CART-29254,2024-04-30,137.81,72.63,49.49,Fashion,1,Cancelled,Affiliate,South,P-948,SKU-3296,137.81,10.91,11.02,Returning,Crypto
ORD-27255,CUST-10903,SESS-32255,CART-29255,2024-01-20,50.24,23.31,28.63,Sports,4,Cancelled,Affiliate,West,P-867,SKU-3787,12.56,6.47,4.02,Returning,Credit Card
ORD-27256,CUST-10903,SESS-32256,CART-29256,2025-09-14,167.57,93.41,7.15,Home,1,Pending,Affiliate,East,P-785,SKU-467,167.57,6.99,13.41,New,PayPal
ORD-27257,CUST-10903,SESS-32257,CART-29257,2025-11-18,363.88,185.77,21.48,Electronics,4,Completed,Affiliate,South,P-719,SKU-2943,90.97,7.70,29.11,VIP,Credit Card
ORD-27258,CUST-10904,SESS-32258,CART-29258,2026-01-21,35.96,12.49,41.18,Home,2,Returned,Social Media,International,P-258,SKU-3937,17.98,3.91,2.88,VIP,Credit Card
ORD-27259,CUST-10904,SESS-32259,CART-29259,2023-07-05,350.33,164.99,35.26,Sports,3,Pending,Mobile App,South,P-849,SKU-1422,116.78,12.29,28.03,New,Credit Card
ORD-27260,CUST-10905,SESS-32260,CART-29260,2024-07-21,  29.29  ,8.79,34.16,Sports,1,Pending,Affiliate,International,P-791,SKU-1445,29.29,17.18,2.34,VIP,PayPal
ORD-27261,CUST-10905,SESS-32261,CART-29261,2023-08-10,198.57,67.27,28.95,Beauty,5,Returned,Mobile App,West,P-454,SKU-943,39.71,3.77,15.89,VIP,Credit Card
ORD-27262,CUST-10905,SESS-32262,CART-29262,2023-01-06,  74.21  ,32.87,5.34,Fashion,2,Returned,Mobile App,International,P-22,SKU-1303,37.10,14.84,5.94,Returning,Debit Card
ORD-27263,CUST-10906,SESS-32263,CART-29263,2023-07-17,117.82,38.31,42.81,Beauty,5,Completed,Web,International,P-848,SKU-2692,23.56,10.46,9.43,Returning,Credit Card
ORD-27264,CUST-10906,SESS-32264,CART-29264,2025-02-27,153.56,75.11,39.91,Electronics,5,Pending,Web,International,P-92,SKU-4996,30.71,17.67,12.29,New,Debit Card
ORD-27265,CUST-10907,SESS-32265,CART-29265,2024-02-23,89.42,42.79,2.37,Electronics,5,Shipped,Mobile App,West,P-412,SKU-935,17.88,2.09,7.15,Returning,Crypto
ORD-27266,CUST-10907,SESS-32266,CART-29266,3/22/2023,495.52,237.72,17.18,Sports,3,Cancelled,Mobile App,North,P-71,SKU-3276,165.17,19.89,39.64,VIP,Debit Card
ORD-27267,CUST-10907,SESS-32267,CART-29267,2025-09-14,441.55,179.12,35.69,Sports,2,Returned,Affiliate,International,P-331,SKU-3705,220.78,7.52,35.32,VIP,Debit Card
ORD-27268,CUST-10908,SESS-32268,CART-29268,2023-05-27,154.24,74.95,1.98,Fashion,3,Cancelled,Social Media,East,P-733,SKU-2447,51.41,11.31,12.34,New,Credit Card
ORD-27269,CUST-10908,SESS-32269,CART-29269,1764101835594,110.92,34.92,32.75,Fashion,3,Shipped,Affiliate,South,P-254,SKU-1570,36.97,5.64,8.87,New,PayPal
ORD-27270,CUST-10909,SESS-32270,CART-29270,2024-06-18,358.38,188.97,42.72,Electronics,5,Completed,Mobile App,East,P-403,SKU-3579,71.68,11.42,28.67,New,Debit Card
ORD-27271,CUST-10909,SESS-32271,CART-29271,2023-01-07,424.86,244.64,11.71,Fashion,2,Returned,Web,East,P-707,SKU-1893,212.43,17.98,33.99,VIP,Crypto
ORD-27272,CUST-10909,SESS-32272,CART-29272,2023-06-01,372.34,118.72,25.65,Home,4,Completed,Web,International,P-194,SKU-2400,93.08,15.14,29.79,New,Crypto
ORD-27273,CUST-10910,SESS-32273,CART-29273,2026-03-03,365.43,121.21,31.96,Beauty,4,Completed,Web,West,P-519,SKU-973,91.36,10.23,29.23,VIP,Crypto
ORD-27274,CUST-10910,SESS-32274,CART-29274,2024-04-18,140.81,68.12,11.63,Home,NULL,Pending,Social Media,North,P-242,SKU-1680,46.94,14.09,11.26,New,Debit Card
ORD-27275,CUST-10911,SESS-32275,CART-29275,2025-09-12,10.77,3.66,7.06,Sports,2,Cancelled,Social Media,International,P-326,SKU-3761,5.38,7.73,0.86,VIP,PayPal
ORD-27276,CUST-10911,SESS-32276,CART-29276,2023-12-09,480.86,238.83,19.53,Electronics,3,Completed,Affiliate,East,P-133,SKU-2718,160.29,2.92,38.47,VIP,Crypto
ORD-27277,CUST-10911,SESS-32277,CART-29277,2024-03-31,103.14,54.06,29.44,Electronics,1,Pending,Mobile App,South,P-319,SKU-1910,103.14,11.04,8.25,VIP,Crypto
ORD-27278,CUST-10912,SESS-32278,CART-29278,2023-01-28,277.80,160.20,18.06,Electronics,5,Cancelled,Affiliate,North,P-744,SKU-12,55.56,3.89,22.22,VIP,Debit Card
ORD-27279,CUST-10912,SESS-32279,CART-29279,2023-01-03,25.38,8.49,31.56,Sports,2,Pending,Affiliate,International,P-576,SKU-954,12.69,12.23,2.03,VIP,PayPal
ORD-27280,CUST-10913,SESS-32280,CART-29280,2025-02-06,123.05,73.21,26.29,Sports,4,Cancelled,Mobile App,East,P-624,SKU-4982,30.76,11.32,9.84,New,Debit Card
ORD-27281,CUST-10913,SESS-32281,CART-29281,1730439714603,298.84,149.32,0.81,Beauty,4,Pending,Mobile App,West,P-998,SKU-2028,74.71,2.40,23.91,VIP,PayPal
ORD-27282,CUST-10913,SESS-32282,CART-29282,2024-08-13,459.68,259.77,31.37,Sports,2,Cancelled,Affiliate,West,P-187,SKU-2088,229.84,12.91,36.77,New,Credit Card
ORD-27283,CUST-10914,SESS-32283,CART-29283,2023-10-26,505.20,216.82,29.32,Sports,3,Completed,Affiliate,South,P-459,SKU-4356,168.40,8.96,40.42,New,Crypto
ORD-27284,CUST-10914,SESS-32284,CART-29284,11/7/2023,359.98,184.37,34.03,Home,3,Cancelled,Mobile App,South,P-685,SKU-4066,119.99,5.63,28.80,VIP,Credit Card
ORD-27285,CUST-10915,SESS-32285,CART-29285,7/5/2024,279.04,126.76,40.72,Beauty,1,Completed,Social Media,International,P-690,SKU-3297,279.04,11.95,22.32,Returning,Debit Card
ORD-27286,CUST-10915,SESS-32286,CART-29286,2025-10-02,78.67,32.42,11.88,  home  ,4,Returned,Affiliate,International,P-391,SKU-1622,19.67,9.58,6.29,Returning,Crypto
ORD-27287,CUST-10915,SESS-32287,CART-29287,2026-01-27,369.05,157.87,32.13,Fashion,2,Shipped,Affiliate,East,P-665,SKU-3609,184.52,5.58,29.52,Returning,PayPal
ORD-27288,CUST-10916,SESS-32288,CART-29288,2024-08-22,222.09,121.99,5.31,Home,3,Pending,Affiliate,East,P-802,SKU-1140,74.03,18.90,17.77,VIP,Credit Card
ORD-27289,CUST-10916,SESS-32289,CART-29289,2024-11-26,160.05,61.44,28.61,Sports,3,Shipped,Affiliate,International,P-106,SKU-489,53.35,10.96,12.80,New,Credit Card
ORD-27290,CUST-10917,SESS-32290,CART-29290,2025-04-18,360.04,169.48,8.83,Electronics,5,Pending,Web,West,P-65,SKU-133,72.01,9.34,28.80,VIP,Crypto
ORD-27291,CUST-10917,SESS-32291,CART-29291,2026-02-18,34.42,18.43,26.97,Fashion,5,Completed,Social Media,International,P-67,SKU-3935,6.88,12.31,2.75,Returning,Debit Card
ORD-27292,CUST-10917,SESS-32292,CART-29292,2023-09-05,NULL,60.25,21.77,Sports,3,Returned,Mobile App,North,P-183,SKU-508,58.61,7.71,14.07,Returning,Credit Card
ORD-27293,CUST-10918,SESS-32293,CART-29293,2/8/2025,315.58,126.43,41.21,Fashion,4,Completed,Mobile App,North,P-734,SKU-2275,78.89,2.16,25.25,Returning,PayPal
ORD-27294,CUST-10918,SESS-32294,CART-29294,2026-01-16,62.00,30.54,29.63,Beauty,1,Pending,Affiliate,East,P-344,SKU-194,62.00,15.61,4.96,Returning,Crypto
ORD-27295,CUST-10919,SESS-32295,CART-29295,2023-05-16,303.61,139.43,34.76,Electronics,4,Completed,Mobile App,North,P-322,SKU-1362,75.90,4.98,24.29,New,Credit Card
ORD-27296,CUST-10919,SESS-32296,CART-29296,2024-07-30,185.89,82.11,27.54,Home,3,Pending,Social Media,North,P-847,SKU-874,61.96,4.35,14.87,New,Crypto
ORD-27297,CUST-10919,SESS-32297,CART-29297,2025-05-25,424.88,191.79,2.87,Home,NULL,Pending,Web,East,P-563,SKU-3302,106.22,8.50,33.99,Returning,Debit Card
ORD-27298,CUST-10920,SESS-32298,CART-29298,2024-01-10,11.94,5.80,34.03,Fashion,1,Shipped,Mobile App,West,P-65,SKU-4081,11.94,6.48,0.95,Returning,Debit Card
ORD-27299,CUST-10920,SESS-32299,CART-29299,2025-02-23,93.84,29.23,30.29,Electronics,1,Cancelled,Affiliate,International,P-961,SKU-498,93.84,9.89,7.51,New,PayPal
ORD-27300,CUST-10921,SESS-32300,CART-29300,1678599321129,148.84,46.39,18.33,Beauty,2,Completed,Mobile App,International,P-653,SKU-793,74.42,15.42,11.91,VIP,Crypto
ORD-27301,CUST-10921,SESS-32301,CART-29301,2023-05-03,40.39,16.50,23.17,Home,2,Returned,Affiliate,East,P-65,SKU-323,20.20,18.29,3.23,Returning,Credit Card
ORD-27302,CUST-10921,SESS-32302,CART-29302,2024-10-22,  356.76  ,110.87,18.13,Sports,1,Pending,Affiliate,South,P-844,SKU-1595,356.76,16.81,28.54,Returning,Crypto
ORD-27303,CUST-10922,SESS-32303,CART-29303,2024-02-21,424.51,165.85,47.66,Electronics,5,Returned,Mobile App,North,P-382,SKU-2955,84.90,1.77,33.96,Returning,Crypto
ORD-27304,CUST-10922,SESS-32304,CART-29304,2024-12-15,347.24,206.45,28.51,Home,5,Completed,Social Media,West,P-163,SKU-1433,69.45,18.93,27.78,VIP,Crypto
ORD-27305,CUST-10923,SESS-32305,CART-29305,2026-01-26,206.29,89.23,41.14,Beauty,5,Pending,Web,South,P-112,SKU-2474,41.26,12.07,16.50,VIP,Crypto
ORD-27306,CUST-10923,SESS-32306,CART-29306,2024-08-23,482.18,234.38,21.65,Electronics,2,Cancelled,Web,West,P-149,SKU-1727,241.09,2.97,38.57,Returning,Crypto
ORD-27307,CUST-10923,SESS-32307,CART-29307,2024-04-24,30.87,16.99,21.41,Home,3,Pending,Web,North,P-439,SKU-3184,10.29,6.27,2.47,New,PayPal
ORD-27308,CUST-10924,SESS-32308,CART-29308,2026-02-02,114.00,53.70,12.13,,3,Shipped,Mobile App,International,P-806,SKU-1422,38.00,5.78,9.12,New,PayPal
ORD-27309,CUST-10924,SESS-32309,CART-29309,2024-09-01,387.25,127.70,40.47,Fashion,5,Shipped,Social Media,South,P-304,SKU-881,77.45,11.14,30.98,VIP,Debit Card
ORD-27310,CUST-10925,SESS-32310,CART-29310,2023-09-14,421.45,215.87,4.85,Fashion,4,Cancelled,Social Media,East,P-631,SKU-2252,105.36,7.77,33.72,Returning,PayPal
ORD-27311,CUST-10925,SESS-32311,CART-29311,2023-10-14,249.10,95.72,23.31,Electronics,1,Cancelled,Web,South,P-308,SKU-1472,249.10,17.93,19.93,Returning,PayPal
ORD-27312,CUST-10925,SESS-32312,CART-29312,2024-09-10,153.18,73.57,14.72,Sports,2,Returned,Affiliate,International,P-108,SKU-2439,76.59,18.69,12.25,New,Credit Card
ORD-27313,CUST-10926,SESS-32313,CART-29313,2023-02-17,387.02,213.48,5.65,,2,Completed,Affiliate,West,P-616,SKU-1361,193.51,6.23,30.96,New,Credit Card
ORD-27314,CUST-10926,SESS-32314,CART-29314,2023-09-25,509.91,184.28,21.21,Beauty,3,Cancelled,Social Media,South,P-629,SKU-4828,169.97,2.62,40.79,Returning,Credit Card
ORD-27315,CUST-10927,SESS-32315,CART-29315,2025-08-24,407.31,140.76,41.79,Beauty,5,Pending,Web,South,P-267,SKU-402,81.46,6.37,32.58,New,PayPal
ORD-27316,CUST-10927,SESS-32316,CART-29316,2025-12-07,316.42,178.59,6.24,Home,5,Shipped,Affiliate,North,P-913,SKU-762,63.28,4.59,25.31,New,Crypto
ORD-27317,CUST-10927,SESS-32317,CART-29317,2024-12-09,176.54,66.27,26.96,Fashion,5,Cancelled,Affiliate,International,P-874,SKU-2709,35.31,15.91,14.12,New,Credit Card
ORD-27318,CUST-10928,SESS-32318,CART-29318,2023-07-24,437.67,178.96,16.08,Fashion,3,Returned,Mobile App,International,P-649,SKU-1,145.89,0.59,35.01,VIP,Crypto
ORD-27319,CUST-10928,SESS-32319,CART-29319,2025-01-02,283.11,124.90,31.78,Fashion,3,Returned,Affiliate,North,P-32,SKU-4896,94.37,12.05,22.65,New,Credit Card
ORD-27320,CUST-10929,SESS-32320,CART-29320,2025-09-21,352.16,203.51,17.54,Electronics,5,Cancelled,Web,North,P-561,SKU-1915,70.43,4.81,28.17,New,Credit Card
ORD-27321,CUST-10929,SESS-32321,CART-29321,2026-02-20,285.33,121.46,39.62,Home,2,Cancelled,Web,South,P-744,SKU-1692,142.67,12.28,22.83,New,PayPal
ORD-27322,CUST-10929,SESS-32322,CART-29322,2024-05-26,187.59,111.59,25.03,Sports,4,Cancelled,Mobile App,East,P-442,SKU-4567,46.90,1.63,15.01,Returning,Debit Card
ORD-27323,CUST-10930,SESS-32323,CART-29323,2024-03-14,111.75,59.32,32.37,Electronics,2,Shipped,Web,West,P-936,SKU-711,55.87,14.89,8.94,New,Credit Card
ORD-27324,CUST-10930,SESS-32324,CART-29324,2024-03-23,34.63,18.48,34.59,Home,3,Pending,Social Media,North,P-416,SKU-1912,11.54,15.75,2.77,VIP,Credit Card
ORD-27325,CUST-10931,SESS-32325,CART-29325,2023-10-13,453.60,139.24,44.53,Home,2,Shipped,Mobile App,South,P-97,SKU-4709,226.80,11.96,36.29,Returning,Credit Card
ORD-27326,CUST-10931,SESS-32326,CART-29326,2023-05-07,202.11,115.68,25.99,Electronics,2,Returned,Web,International,P-395,SKU-473,101.05,14.37,16.17,Returning,Credit Card
ORD-27327,CUST-10931,SESS-32327,CART-29327,1712532093735,33.34,15.56,43.58,Electronics,4,Completed,Social Media,International,P-142,SKU-4777,8.33,5.83,2.67,VIP,Debit Card
ORD-27328,CUST-10932,SESS-32328,CART-29328,1750189733343,59.48,33.12,6.02,Electronics,3,Cancelled,Mobile App,West,P-675,SKU-1570,19.83,5.40,4.76,New,PayPal
ORD-27329,CUST-10932,SESS-32329,CART-29329,2023-09-01,111.80,37.96,19.53,Beauty,1,Shipped,Social Media,East,P-956,SKU-2184,111.80,13.33,8.94,Returning,Debit Card
ORD-27330,CUST-10933,SESS-32330,CART-29330,1741551567112,229.14,98.48,2.29,Electronics,2,Returned,Affiliate,South,P-638,SKU-3877,114.57,16.42,18.33,VIP,Credit Card
ORD-27331,CUST-10933,SESS-32331,CART-29331,2025-05-10,486.28,230.82,9.16,Beauty,1,Shipped,Mobile App,South,P-231,SKU-2675,486.28,5.80,38.90,VIP,Crypto
ORD-27332,CUST-10933,SESS-32332,CART-29332,2025-02-25,418.97,164.56,11.93,Home,3,Returned,Social Media,West,P-364,SKU-3245,139.66,5.97,33.52,Returning,Credit Card
ORD-27333,CUST-10934,SESS-32333,CART-29333,2026-03-08,,66.37,43.30,Electronics,3,Cancelled,Mobile App,International,P-769,SKU-4149,70.37,2.61,16.89,VIP,PayPal
ORD-27334,CUST-10934,SESS-32334,CART-29334,2024-03-12,252.36,108.54,11.07,Electronics,4,Cancelled,Affiliate,West,P-165,SKU-4006,63.09,19.57,20.19,Returning,Credit Card
ORD-27335,CUST-10935,SESS-32335,CART-29335,5/15/2024,56.29,29.55,17.35,Beauty,1,Pending,Social Media,North,P-390,SKU-1384,56.29,9.62,4.50,VIP,Debit Card
ORD-27336,CUST-10935,SESS-32336,CART-29336,2025-03-18,208.74,66.21,11.57,Fashion,1,Returned,Mobile App,South,P-393,SKU-2944,208.74,14.53,16.70,New,Crypto
ORD-27337,CUST-10935,SESS-32337,CART-29337,2025-06-21,291.09,139.41,5.02,Beauty,3,Returned,Web,North,P-458,SKU-2088,97.03,13.52,23.29,Returning,Debit Card
ORD-27338,CUST-10936,SESS-32338,CART-29338,2026-02-07,64.00,36.98,36.67,NULL,4,Completed,Affiliate,International,P-330,SKU-533,16.00,7.11,5.12,New,PayPal
ORD-27339,CUST-10936,SESS-32339,CART-29339,1769242541619,186.90,76.82,18.56,Beauty,4,Cancelled,Social Media,South,P-219,SKU-926,46.72,16.99,14.95,Returning,PayPal
ORD-27340,CUST-10937,SESS-32340,CART-29340,2025-10-24,NULL,28.95,6.18,Home,5,Shipped,Affiliate,East,P-174,SKU-2262,11.10,6.63,4.44,VIP,Crypto
ORD-27341,CUST-10937,SESS-32341,CART-29341,2026-01-15,30.04,10.31,33.72,Fashion,5,Returned,Affiliate,West,P-439,SKU-2607,6.01,16.33,2.40,VIP,Crypto
ORD-27342,CUST-10937,SESS-32342,CART-29342,2025-12-21,36.29,14.87,25.38,Sports,5,Completed,Web,West,P-763,SKU-1942,7.26,11.01,2.90,Returning,Crypto
ORD-27343,CUST-10938,SESS-32343,CART-29343,2023-03-03,136.92,59.13,31.67,Electronics,2,Shipped,Mobile App,South,P-731,SKU-3572,68.46,6.14,10.95,Returning,PayPal
ORD-27344,CUST-10938,SESS-32344,CART-29344,2025-05-16,285.22,104.01,22.35,Electronics,5,Completed,Social Media,West,P-473,SKU-4488,57.04,12.27,22.82,VIP,PayPal
ORD-27345,CUST-10939,SESS-32345,CART-29345,2023-08-11,175.92,61.79,46.22,Sports,4,Completed,Mobile App,North,P-49,SKU-661,43.98,4.09,14.07,New,Debit Card
ORD-27346,CUST-10939,SESS-32346,CART-29346,2025-01-23,299.30,140.03,33.03,Home,5,Shipped,Affiliate,International,P-783,SKU-1919,59.86,2.23,23.94,VIP,Credit Card
ORD-27347,CUST-10939,SESS-32347,CART-29347,1/4/2024,57.65,19.90,33.35,Electronics,3,Returned,Social Media,South,P-425,SKU-501,19.22,17.15,4.61,Returning,Credit Card
ORD-27348,CUST-10940,SESS-32348,CART-29348,2024-06-03,412.65,234.81,26.58,Electronics,1,Pending,Social Media,International,P-571,SKU-3562,412.65,12.78,33.01,VIP,PayPal
ORD-27349,CUST-10940,SESS-32349,CART-29349,2023-06-27,354.61,192.36,37.03,Electronics,1,Cancelled,Mobile App,East,P-419,SKU-3806,354.61,17.99,28.37,New,Credit Card
ORD-27350,CUST-10941,SESS-32350,CART-29350,2025-10-29,444.51,244.18,26.97,Fashion,2,Returned,Mobile App,West,P-570,SKU-3730,222.25,9.47,35.56,Returning,Debit Card
ORD-27351,CUST-10941,SESS-32351,CART-29351,2024-03-08,365.35,210.99,6.76,Electronics,3,Completed,Web,South,P-16,SKU-2190,121.78,17.30,29.23,New,Credit Card
ORD-27352,CUST-10941,SESS-32352,CART-29352,2024-11-29,157.54,69.44,44.83,Electronics,2,Pending,Affiliate,North,P-910,SKU-1711,78.77,10.21,12.60,Returning,Credit Card
ORD-27353,CUST-10942,SESS-32353,CART-29353,2023-06-05,274.46,113.41,43.48,Sports,3,Returned,Web,North,P-784,SKU-4138,91.49,11.64,21.96,VIP,Crypto
ORD-27354,CUST-10942,SESS-32354,CART-29354,2023-10-24,486.99,272.02,9.99,Electronics,1,Completed,Affiliate,East,P-210,SKU-2951,486.99,19.58,38.96,VIP,Credit Card
ORD-27355,CUST-10943,SESS-32355,CART-29355,2023-04-21,478.42,218.05,8.07,Electronics,3,Cancelled,Affiliate,International,P-192,SKU-2517,159.47,17.65,38.27,VIP,Debit Card
ORD-27356,CUST-10943,SESS-32356,CART-29356,2024-11-20,131.63,49.29,11.93,Electronics,5,Shipped,Social Media,International,P-258,SKU-279,26.33,12.65,10.53,VIP,Crypto
ORD-27357,CUST-10943,SESS-32357,CART-29357,2023-03-04,281.21,129.49,21.39,Home,4,Cancelled,Affiliate,North,P-335,SKU-1272,70.30,16.53,22.50,New,PayPal
ORD-27358,CUST-10944,SESS-32358,CART-29358,2024-03-17,58.82,28.04,19.62,  electronics  ,2,Completed,Social Media,International,P-829,SKU-3329,29.41,9.24,4.71,New,Debit Card
ORD-27359,CUST-10944,SESS-32359,CART-29359,2026-01-08,133.90,55.05,38.74,Fashion,3,Shipped,Affiliate,International,P-920,SKU-2769,44.63,13.43,10.71,VIP,Crypto
ORD-27360,CUST-10945,SESS-32360,CART-29360,2025-12-31,45.81,24.08,19.13,Fashion,5,Shipped,Web,International,P-970,SKU-1395,9.16,18.56,3.67,VIP,Crypto
ORD-27361,CUST-10945,SESS-32361,CART-29361,2025-10-02,278.09,125.61,37.99,Fashion,3,Returned,Mobile App,West,P-740,SKU-4140,92.70,1.81,22.25,VIP,Credit Card
ORD-27362,CUST-10945,SESS-32362,CART-29362,2025-07-02,368.50,133.57,26.28,Home,1,Completed,Web,East,P-187,SKU-1721,368.50,2.69,29.48,New,Credit Card
ORD-27363,CUST-10946,SESS-32363,CART-29363,1/6/2026,353.10,199.88,37.59,Beauty,4,Returned,Social Media,South,P-386,SKU-970,88.28,14.89,28.25,VIP,Crypto
ORD-27364,CUST-10946,SESS-32364,CART-29364,2023-08-25,159.77,81.23,0.55,Beauty,1,Returned,Social Media,West,P-186,SKU-4863,159.77,13.17,12.78,Returning,PayPal
ORD-27365,CUST-10947,SESS-32365,CART-29365,2023-05-04,50.50,15.41,23.57,Beauty,1,Pending,Social Media,West,P-373,SKU-1337,50.50,17.93,4.04,VIP,Crypto
ORD-27366,CUST-10947,SESS-32366,CART-29366,2023-11-10,501.82,211.14,48.56,Fashion,1,Pending,Social Media,West,P-722,SKU-945,501.82,4.58,40.15,VIP,Credit Card
ORD-27367,CUST-10947,SESS-32367,CART-29367,2024-05-02,297.93,106.46,13.34,Sports,5,Completed,Affiliate,West,P-738,SKU-3009,59.59,0.08,23.83,New,Crypto
ORD-27368,CUST-10948,SESS-32368,CART-29368,2023-06-20,98.41,40.88,22.37,Home,1,Cancelled,Affiliate,North,P-746,SKU-2953,98.41,19.77,7.87,VIP,Credit Card
ORD-27369,CUST-10948,SESS-32369,CART-29369,2023-05-26,350.97,181.21,47.87,Sports,1,Completed,Social Media,West,P-900,SKU-3180,350.97,17.40,28.08,Returning,Credit Card
ORD-27370,CUST-10949,SESS-32370,CART-29370,2024-01-18,67.11,24.79,38.62,Home,1,Returned,Mobile App,East,P-699,SKU-3892,67.11,9.03,5.37,VIP,PayPal
ORD-27371,CUST-10949,SESS-32371,CART-29371,2025-12-20,233.49,112.50,48.89,Fashion,5,Pending,Social Media,International,P-438,SKU-626,46.70,1.07,18.68,New,Debit Card
ORD-27372,CUST-10949,SESS-32372,CART-29372,2024-07-23,410.35,166.84,46.66,Electronics,5,Returned,Mobile App,East,P-5,SKU-4813,82.07,2.56,32.83,VIP,PayPal
ORD-27373,CUST-10950,SESS-32373,CART-29373,2025-08-18,61.48,35.92,42.69,Electronics,3,Pending,Social Media,North,P-963,SKU-802,20.49,12.67,4.92,Returning,PayPal
ORD-27374,CUST-10950,SESS-32374,CART-29374,2025-05-15,243.58,101.56,16.54,Electronics,2,Cancelled,Mobile App,West,P-443,SKU-4641,121.79,0.89,19.49,VIP,PayPal
ORD-27375,CUST-10951,SESS-32375,CART-29375,2023-03-28,301.19,91.81,22.79,Home,1,Cancelled,Mobile App,International,P-909,SKU-1161,301.19,15.37,24.09,VIP,Crypto
ORD-27376,CUST-10951,SESS-32376,CART-29376,8/29/2023,164.35,83.74,7.24,Beauty,2,Cancelled,Mobile App,West,P-283,SKU-3144,82.18,14.01,13.15,Returning,Crypto
ORD-27377,CUST-10951,SESS-32377,CART-29377,2026-02-26,187.71,71.40,34.72,Home,3,Completed,Web,South,P-666,SKU-1409,62.57,3.87,15.02,VIP,PayPal
ORD-27378,CUST-10952,SESS-32378,CART-29378,2024-02-03,377.07,141.95,12.11,Electronics,NULL,Returned,Mobile App,East,P-462,SKU-3562,75.41,5.07,30.17,New,Credit Card
ORD-27379,CUST-10952,SESS-32379,CART-29379,2024-12-20,234.59,88.50,11.63,Home,1,Returned,Web,South,P-738,SKU-401,234.59,11.12,18.77,VIP,Credit Card
ORD-27380,CUST-10953,SESS-32380,CART-29380,2024-09-07,28.46,11.40,36.03,Home,1,Pending,Mobile App,East,P-388,SKU-2348,28.46,2.37,2.28,VIP,Crypto
ORD-27381,CUST-10953,SESS-32381,CART-29381,2024-01-19,388.38,123.74,45.32,Beauty,1,Completed,Mobile App,East,P-258,SKU-2191,388.38,8.79,31.07,Returning,Crypto
ORD-27382,CUST-10953,SESS-32382,CART-29382,2024-12-21,163.10,72.51,37.77,Sports,4,Pending,Affiliate,West,P-579,SKU-3967,40.78,3.72,13.05,VIP,Credit Card
ORD-27383,CUST-10954,SESS-32383,CART-29383,2026-01-16,493.60,282.54,4.08,,4,Cancelled,Affiliate,North,P-867,SKU-4637,123.40,2.15,39.49,Returning,Debit Card
ORD-27384,CUST-10954,SESS-32384,CART-29384,2024-01-26,81.40,44.78,8.25,Home,1,Shipped,Web,East,P-239,SKU-425,81.40,18.70,6.51,VIP,Debit Card
ORD-27385,CUST-10955,SESS-32385,CART-29385,1745326481619,280.28,130.99,6.19,Electronics,1,Cancelled,Affiliate,North,P-468,SKU-306,280.28,6.17,22.42,VIP,Debit Card
ORD-27386,CUST-10955,SESS-32386,CART-29386,5/25/2024,,129.82,3.54,Fashion,1,Pending,Social Media,East,P-604,SKU-4388,286.71,17.71,22.94,VIP,Credit Card
ORD-27387,CUST-10955,SESS-32387,CART-29387,2023-09-19,276.77,163.05,27.95,Electronics,2,Shipped,Mobile App,South,P-248,SKU-146,138.39,12.06,22.14,New,Debit Card
ORD-27388,CUST-10956,SESS-32388,CART-29388,2023-01-08,14.86,4.69,41.23,Electronics,1,Cancelled,Affiliate,East,P-64,SKU-8,14.86,0.05,1.19,Returning,PayPal
ORD-27389,CUST-10956,SESS-32389,CART-29389,2025-03-22,374.55,174.57,29.76,Fashion,3,Pending,Mobile App,North,P-759,SKU-2365,124.85,4.17,29.96,New,Credit Card
ORD-27390,CUST-10957,SESS-32390,CART-29390,2025-10-21,288.39,112.74,38.77,Fashion,4,Cancelled,Affiliate,South,P-819,SKU-475,72.10,18.02,23.07,VIP,PayPal
ORD-27391,CUST-10957,SESS-32391,CART-29391,2025-06-12,354.59,166.56,9.50,Beauty,3,Completed,Social Media,International,P-981,SKU-4566,118.20,19.32,28.37,VIP,Crypto
ORD-27392,CUST-10957,SESS-32392,CART-29392,2024-11-25,50.64,22.61,25.02,Fashion,4,Pending,Affiliate,International,P-79,SKU-449,12.66,16.08,4.05,VIP,Debit Card
ORD-27393,CUST-10958,SESS-32393,CART-29393,2023-07-20,325.41,193.32,9.69,Fashion,3,Returned,Social Media,South,P-818,SKU-2355,108.47,17.04,26.03,New,Debit Card
ORD-27394,CUST-10958,SESS-32394,CART-29394,2024-09-07,157.63,88.98,4.75,Beauty,1,Returned,Web,South,P-966,SKU-1191,157.63,13.36,12.61,New,PayPal
ORD-27395,CUST-10959,SESS-32395,CART-29395,1719206401175,459.91,260.73,24.44,Beauty,3,Pending,Affiliate,South,P-710,SKU-834,153.30,11.24,36.79,VIP,Credit Card
ORD-27396,CUST-10959,SESS-32396,CART-29396,2024-11-15,449.51,181.11,22.85,Beauty,1,Completed,Web,South,P-123,SKU-1004,449.51,17.13,35.96,VIP,Crypto
ORD-27397,CUST-10959,SESS-32397,CART-29397,2025-12-30,345.12,165.59,8.46,Sports,5,Shipped,Web,South,P-889,SKU-911,69.02,3.95,27.61,New,PayPal
ORD-27398,CUST-10960,SESS-32398,CART-29398,2023-11-10,79.99,36.76,6.86,Electronics,4,Cancelled,Social Media,East,P-400,SKU-4102,20.00,18.57,6.40,VIP,PayPal
ORD-27399,CUST-10960,SESS-32399,CART-29399,2023-09-05,471.24,145.44,35.56,Home,2,Cancelled,Web,International,P-765,SKU-4305,235.62,12.68,37.70,VIP,Credit Card
ORD-27400,CUST-10961,SESS-32400,CART-29400,2023-02-04,452.97,241.11,18.58,Home,NULL,Pending,Affiliate,West,P-780,SKU-1874,90.59,10.47,36.24,VIP,PayPal
ORD-27401,CUST-10961,SESS-32401,CART-29401,4/10/2024,327.74,181.77,13.44,Fashion,1,Pending,Social Media,East,P-274,SKU-4613,327.74,0.26,26.22,VIP,PayPal
ORD-27402,CUST-10961,SESS-32402,CART-29402,2023-02-22,484.65,247.48,22.13,Beauty,3,Pending,Affiliate,West,P-632,SKU-3267,161.55,10.37,38.77,VIP,Debit Card
ORD-27403,CUST-10962,SESS-32403,CART-29403,1/28/2023,180.25,67.96,26.75,NULL,5,Returned,Affiliate,North,P-178,SKU-1028,36.05,16.92,14.42,VIP,Debit Card
ORD-27404,CUST-10962,SESS-32404,CART-29404,2024-09-28,345.79,191.29,18.17,Electronics,2,Cancelled,Web,South,P-443,SKU-278,172.90,7.46,27.66,New,Credit Card
ORD-27405,CUST-10963,SESS-32405,CART-29405,2025-01-07,75.35,41.78,4.37,Fashion,3,Cancelled,Social Media,North,P-650,SKU-2265,25.12,15.80,6.03,VIP,Debit Card
ORD-27406,CUST-10963,SESS-32406,CART-29406,2024-06-19,143.21,67.24,0.48,Home,2,Returned,Social Media,East,P-879,SKU-3457,71.60,8.15,11.46,Returning,Debit Card
ORD-27407,CUST-10963,SESS-32407,CART-29407,2024-11-24,156.07,58.82,43.80,Electronics,2,Completed,Mobile App,North,P-306,SKU-2696,78.03,10.19,12.49,New,Credit Card
ORD-27408,CUST-10964,SESS-32408,CART-29408,2023-05-12,223.31,109.17,25.99,Sports,4,Returned,Affiliate,West,P-112,SKU-2901,55.83,6.65,17.86,VIP,Debit Card
ORD-27409,CUST-10964,SESS-32409,CART-29409,2/8/2026,175.32,70.88,35.85,Home,2,Pending,Social Media,East,P-740,SKU-4814,87.66,13.08,14.03,New,PayPal
ORD-27410,CUST-10965,SESS-32410,CART-29410,2024-09-05,323.60,137.49,6.78,Electronics,3,Cancelled,Affiliate,East,P-171,SKU-3494,107.87,10.48,25.89,New,Credit Card
ORD-27411,CUST-10965,SESS-32411,CART-29411,2025-01-01,188.82,112.31,37.05,Sports,5,Completed,Mobile App,South,P-823,SKU-3826,37.76,18.95,15.11,New,Credit Card
ORD-27412,CUST-10965,SESS-32412,CART-29412,1683323641584,163.19,65.44,41.85,Sports,4,Shipped,Affiliate,International,P-206,SKU-4024,40.80,14.18,13.06,New,Debit Card
ORD-27413,CUST-10966,SESS-32413,CART-29413,2024-02-08,171.77,94.65,8.35,Fashion,2,Returned,Web,International,P-47,SKU-4775,85.88,8.26,13.74,New,PayPal
ORD-27414,CUST-10966,SESS-32414,CART-29414,2023-09-29,501.42,284.38,39.59,Fashion,2,Cancelled,Web,West,P-752,SKU-475,250.71,1.16,40.11,Returning,PayPal
ORD-27415,CUST-10967,SESS-32415,CART-29415,2024-11-26,414.08,133.07,23.86,Sports,2,Returned,Web,North,P-188,SKU-3253,207.04,15.20,33.13,Returning,PayPal
ORD-27416,CUST-10967,SESS-32416,CART-29416,2024-01-25,374.11,159.07,29.94,Fashion,1,Completed,Mobile App,International,P-501,SKU-1338,374.11,11.24,29.93,VIP,Credit Card
ORD-27417,CUST-10967,SESS-32417,CART-29417,2024-06-30,179.76,85.02,44.55,Sports,4,Pending,Affiliate,International,P-816,SKU-4603,44.94,8.03,14.38,Returning,PayPal
ORD-27418,CUST-10968,SESS-32418,CART-29418,2025-05-20,129.59,44.47,15.94,  electronics  ,5,Shipped,Mobile App,East,P-505,SKU-3722,25.92,19.89,10.37,VIP,Credit Card
ORD-27419,CUST-10968,SESS-32419,CART-29419,2023-11-25,62.93,36.83,42.82,Home,4,Completed,Social Media,East,P-574,SKU-798,15.73,0.28,5.03,Returning,PayPal
ORD-27420,CUST-10969,SESS-32420,CART-29420,2026-01-26,221.24,74.36,31.86,Sports,2,Cancelled,Mobile App,North,P-658,SKU-1739,110.62,15.99,17.70,Returning,Crypto
ORD-27421,CUST-10969,SESS-32421,CART-29421,2023-08-24,276.36,147.01,34.00,Beauty,4,Returned,Social Media,East,P-364,SKU-4256,69.09,17.61,22.11,VIP,Crypto
ORD-27422,CUST-10969,SESS-32422,CART-29422,2023-10-03,96.46,34.54,7.87,Electronics,1,Pending,Affiliate,West,P-661,SKU-3150,96.46,2.41,7.72,New,Debit Card
ORD-27423,CUST-10970,SESS-32423,CART-29423,2024-03-04,319.95,108.39,23.10,Fashion,5,Pending,Social Media,South,P-405,SKU-2856,63.99,12.43,25.60,Returning,PayPal
ORD-27424,CUST-10970,SESS-32424,CART-29424,2025-01-07,392.97,216.14,18.57,Sports,5,Pending,Web,West,P-902,SKU-3359,78.59,4.05,31.44,VIP,Credit Card
ORD-27425,CUST-10971,SESS-32425,CART-29425,2024-12-27,244.71,80.87,27.79,Home,2,Completed,Affiliate,East,P-27,SKU-3685,122.36,6.38,19.58,New,PayPal
ORD-27426,CUST-10971,SESS-32426,CART-29426,1760170138093,394.33,148.47,40.10,Fashion,4,Cancelled,Web,International,P-976,SKU-2887,98.58,15.00,31.55,VIP,Debit Card
ORD-27427,CUST-10971,SESS-32427,CART-29427,2025-03-18,335.21,126.93,43.63,Home,3,Shipped,Web,West,P-482,SKU-3201,111.74,18.79,26.82,New,Credit Card
ORD-27428,CUST-10972,SESS-32428,CART-29428,2023-01-13,509.92,247.03,7.74,Fashion,1,Pending,Affiliate,East,P-368,SKU-4759,509.92,15.92,40.79,New,Debit Card
ORD-27429,CUST-10972,SESS-32429,CART-29429,2024-08-27,321.15,145.34,20.28,Sports,5,Cancelled,Affiliate,West,P-113,SKU-1476,64.23,11.72,25.69,New,Credit Card
ORD-27430,CUST-10973,SESS-32430,CART-29430,2025-12-04,NULL,95.62,2.98,Beauty,1,Completed,Web,South,P-652,SKU-1983,280.90,18.05,22.47,New,Debit Card
ORD-27431,CUST-10973,SESS-32431,CART-29431,2025-11-25,  398.14  ,209.83,19.34,Fashion,1,Completed,Web,International,P-139,SKU-2193,398.14,6.90,31.85,New,Crypto
ORD-27432,CUST-10973,SESS-32432,CART-29432,2023-02-24,220.41,73.35,22.00,Electronics,3,Pending,Web,North,P-381,SKU-4314,73.47,7.32,17.63,New,Credit Card
ORD-27433,CUST-10974,SESS-32433,CART-29433,2023-11-28,373.42,165.02,24.71,Fashion,2,Returned,Mobile App,East,P-787,SKU-1832,186.71,2.15,29.87,Returning,PayPal
ORD-27434,CUST-10974,SESS-32434,CART-29434,2023-11-21,69.61,41.14,11.15,Sports,1,Shipped,Social Media,South,P-864,SKU-4071,69.61,0.41,5.57,VIP,Debit Card
ORD-27435,CUST-10975,SESS-32435,CART-29435,2023-04-23,389.97,123.00,10.07,Beauty,3,Cancelled,Web,West,P-238,SKU-4504,129.99,4.90,31.20,Returning,Crypto
ORD-27436,CUST-10975,SESS-32436,CART-29436,2023-09-20,478.45,158.81,8.71,Home,1,Shipped,Web,South,P-456,SKU-3144,478.45,10.99,38.28,VIP,Credit Card
ORD-27437,CUST-10975,SESS-32437,CART-29437,2025-09-19,NULL,91.57,37.46,Electronics,1,Returned,Affiliate,West,P-355,SKU-4815,190.16,4.13,15.21,Returning,Debit Card
ORD-27438,CUST-10976,SESS-32438,CART-29438,2025-07-12,324.97,155.52,15.09,Sports,5,Returned,Mobile App,West,P-206,SKU-2187,64.99,8.89,26.00,Returning,Crypto
ORD-27439,CUST-10976,SESS-32439,CART-29439,10/24/2025,495.70,174.87,0.24,Sports,1,Pending,Web,International,P-536,SKU-4890,495.70,7.29,39.66,Returning,Crypto
ORD-27440,CUST-10977,SESS-32440,CART-29440,2024-10-27,299.62,118.78,0.99,Fashion,1,Completed,Mobile App,South,P-591,SKU-1852,299.62,10.74,23.97,VIP,Crypto
ORD-27441,CUST-10977,SESS-32441,CART-29441,11/9/2025,15.38,9.12,0.11,Electronics,2,Completed,Social Media,East,P-459,SKU-4454,7.69,6.92,1.23,Returning,PayPal
ORD-27442,CUST-10977,SESS-32442,CART-29442,2024-04-23,483.97,178.96,47.58,Fashion,1,Pending,Mobile App,East,P-51,SKU-1869,483.97,9.69,38.72,Returning,Crypto
ORD-27443,CUST-10978,SESS-32443,CART-29443,2025-09-29,461.45,203.72,16.50,Home,2,Cancelled,Web,South,P-677,SKU-3798,230.72,8.22,36.92,New,Crypto
ORD-27444,CUST-10978,SESS-32444,CART-29444,2025-02-02,497.08,153.66,43.38,Fashion,1,Returned,Affiliate,International,P-546,SKU-3082,497.08,19.61,39.77,Returning,Crypto
ORD-27445,CUST-10979,SESS-32445,CART-29445,2023-07-29,104.11,44.96,0.76,Fashion,5,Shipped,Mobile App,International,P-819,SKU-455,20.82,14.97,8.33,New,Debit Card
ORD-27446,CUST-10979,SESS-32446,CART-29446,2025-12-02,393.32,217.47,18.56,Beauty,4,Pending,Affiliate,International,P-11,SKU-2982,98.33,11.19,31.47,VIP,Credit Card
ORD-27447,CUST-10979,SESS-32447,CART-29447,2024-11-06,32.75,12.65,29.68,Fashion,1,Completed,Social Media,South,P-263,SKU-2086,32.75,17.88,2.62,VIP,Debit Card
ORD-27448,CUST-10980,SESS-32448,CART-29448,2024-03-15,388.08,184.51,8.76,Beauty,3,Pending,Social Media,East,P-346,SKU-4603,129.36,5.04,31.05,Returning,Debit Card
ORD-27449,CUST-10980,SESS-32449,CART-29449,2025-08-18,49.00,18.05,12.03,Beauty,1,Cancelled,Web,West,P-65,SKU-4506,49.00,17.54,3.92,Returning,Debit Card
ORD-27450,CUST-10981,SESS-32450,CART-29450,2025-09-14,427.52,244.36,12.33,Beauty,4,Cancelled,Affiliate,East,P-533,SKU-1443,106.88,10.59,34.20,New,Debit Card
ORD-27451,CUST-10981,SESS-32451,CART-29451,2025-06-06,306.92,155.49,17.97,Home,3,Returned,Affiliate,South,P-856,SKU-3005,102.31,16.78,24.55,VIP,Debit Card
ORD-27452,CUST-10981,SESS-32452,CART-29452,2025-09-10,429.26,174.82,34.80,Beauty,3,Completed,Web,International,P-49,SKU-3259,143.09,6.66,34.34,Returning,Crypto
ORD-27453,CUST-10982,SESS-32453,CART-29453,2023-11-09,200.75,91.78,20.45,Electronics,1,Returned,Affiliate,South,P-999,SKU-68,200.75,14.70,16.06,Returning,Crypto
ORD-27454,CUST-10982,SESS-32454,CART-29454,1/31/2026,224.68,100.26,12.55,Home,1,Cancelled,Social Media,International,P-230,SKU-2457,224.68,5.11,17.97,Returning,PayPal
ORD-27455,CUST-10983,SESS-32455,CART-29455,2025-01-24,295.97,109.88,2.81,Home,4,Returned,Mobile App,North,P-999,SKU-59,73.99,4.80,23.68,Returning,Crypto
ORD-27456,CUST-10983,SESS-32456,CART-29456,2024-09-04,220.95,85.11,38.49,Home,2,Pending,Mobile App,North,P-493,SKU-3304,110.48,4.87,17.68,VIP,PayPal
ORD-27457,CUST-10983,SESS-32457,CART-29457,1677696237066,452.12,198.68,45.31,Fashion,3,Completed,Mobile App,International,P-369,SKU-222,150.71,8.57,36.17,VIP,Crypto
ORD-27458,CUST-10984,SESS-32458,CART-29458,4/20/2023,177.03,74.54,37.89,Electronics,2,Pending,Web,East,P-926,SKU-4357,88.51,4.05,14.16,New,PayPal
ORD-27459,CUST-10984,SESS-32459,CART-29459,9/11/2023,299.27,116.32,13.18,Beauty,3,Returned,Mobile App,West,P-475,SKU-4831,99.76,18.05,23.94,Returning,Credit Card
ORD-27460,CUST-10985,SESS-32460,CART-29460,2024-06-28,81.81,32.98,45.59,Beauty,4,Returned,Web,East,P-503,SKU-4975,20.45,12.63,6.54,VIP,Credit Card
ORD-27461,CUST-10985,SESS-32461,CART-29461,2025-10-26,284.39,138.56,14.26,Fashion,3,Cancelled,Web,East,P-212,SKU-18,94.80,10.29,22.75,New,Credit Card
ORD-27462,CUST-10985,SESS-32462,CART-29462,2026-01-10,30.43,11.71,4.88,Home,3,Completed,Web,East,P-785,SKU-1076,10.14,7.43,2.43,New,Credit Card
ORD-27463,CUST-10986,SESS-32463,CART-29463,2024-02-12,391.53,160.46,37.39,Home,1,Returned,Affiliate,West,P-351,SKU-550,391.53,9.30,31.32,VIP,Credit Card
ORD-27464,CUST-10986,SESS-32464,CART-29464,2025-08-01,105.41,47.94,22.26,Home,1,Shipped,Social Media,West,P-43,SKU-1147,105.41,10.84,8.43,New,Crypto
ORD-27465,CUST-10987,SESS-32465,CART-29465,2023-08-11,471.69,237.54,21.39,Electronics,2,Returned,Mobile App,East,P-614,SKU-1345,235.85,7.17,37.74,New,Debit Card
ORD-27466,CUST-10987,SESS-32466,CART-29466,2025-09-07,55.51,19.16,42.95,Electronics,4,Pending,Affiliate,West,P-378,SKU-2712,13.88,2.63,4.44,Returning,Debit Card
ORD-27467,CUST-10987,SESS-32467,CART-29467,2024-01-26,385.04,211.40,17.42,Sports,3,Pending,Social Media,North,P-720,SKU-1023,128.35,19.09,30.80,Returning,PayPal
ORD-27468,CUST-10988,SESS-32468,CART-29468,2023-02-19,193.49,61.64,8.01,Fashion,3,Cancelled,Mobile App,East,P-154,SKU-1987,64.50,18.69,15.48,VIP,Debit Card
ORD-27469,CUST-10988,SESS-32469,CART-29469,2024-12-02,304.34,140.82,27.87,Sports,5,Completed,Affiliate,West,P-547,SKU-2637,60.87,0.16,24.35,Returning,Credit Card
ORD-27470,CUST-10989,SESS-32470,CART-29470,2023-06-26,160.04,70.91,37.75,Electronics,4,Pending,Affiliate,West,P-4,SKU-536,40.01,9.44,12.80,Returning,Credit Card
ORD-27471,CUST-10989,SESS-32471,CART-29471,2025-09-19,305.44,148.64,15.27,  home  ,3,Pending,Social Media,East,P-101,SKU-90,101.81,11.05,24.44,New,Credit Card
ORD-27472,CUST-10989,SESS-32472,CART-29472,2023-01-18,26.94,11.85,15.53,Fashion,5,Cancelled,Web,International,P-898,SKU-3756,5.39,10.50,2.16,New,Crypto
ORD-27473,CUST-10990,SESS-32473,CART-29473,2026-02-10,480.11,198.85,42.28,Fashion,1,Pending,Affiliate,International,P-637,SKU-4780,480.11,4.09,38.41,New,Crypto
ORD-27474,CUST-10990,SESS-32474,CART-29474,2024-02-10,49.17,27.27,1.00,Sports,1,Pending,Web,International,P-54,SKU-381,49.17,14.00,3.93,VIP,Debit Card
ORD-27475,CUST-10991,SESS-32475,CART-29475,10/7/2023,68.92,20.95,34.81,Electronics,1,Shipped,Social Media,East,P-31,SKU-2083,68.92,8.43,5.51,VIP,Credit Card
ORD-27476,CUST-10991,SESS-32476,CART-29476,2024-10-22,62.42,22.13,17.44,Beauty,2,Shipped,Affiliate,East,P-763,SKU-1134,31.21,5.93,4.99,VIP,Credit Card
ORD-27477,CUST-10991,SESS-32477,CART-29477,2024-12-09,76.05,34.54,1.36,Home,4,Cancelled,Affiliate,East,P-597,SKU-3204,19.01,0.19,6.08,VIP,Debit Card
ORD-27478,CUST-10992,SESS-32478,CART-29478,2024-03-11,384.64,151.97,48.82,Fashion,3,Shipped,Affiliate,East,P-837,SKU-835,128.21,18.20,30.77,VIP,Crypto
ORD-27479,CUST-10992,SESS-32479,CART-29479,8/17/2024,194.11,101.62,5.11,Home,1,Shipped,Web,International,P-987,SKU-4204,194.11,19.64,15.53,Returning,Credit Card
ORD-27480,CUST-10993,SESS-32480,CART-29480,2025-08-17,NULL,12.72,42.59,Home,5,Cancelled,Web,East,P-353,SKU-3764,5.48,16.48,2.19,VIP,Credit Card
ORD-27481,CUST-10993,SESS-32481,CART-29481,10/23/2025,463.77,186.21,46.15,Home,3,Returned,Social Media,West,P-810,SKU-1558,154.59,18.35,37.10,Returning,Crypto
ORD-27482,CUST-10993,SESS-32482,CART-29482,2024-01-15,158.19,85.23,39.69,Sports,5,Pending,Web,International,P-98,SKU-53,31.64,13.79,12.65,VIP,Crypto
ORD-27483,CUST-10994,SESS-32483,CART-29483,8/7/2024,415.86,236.49,48.27,Electronics,4,Completed,Mobile App,West,P-863,SKU-3895,103.96,8.38,33.27,New,Debit Card
ORD-27484,CUST-10994,SESS-32484,CART-29484,2024-11-16,424.56,202.80,40.45,Fashion,3,Completed,Affiliate,East,P-498,SKU-492,141.52,13.61,33.96,Returning,PayPal
ORD-27485,CUST-10995,SESS-32485,CART-29485,2025-05-01,258.78,124.39,26.25,Fashion,1,Pending,Affiliate,North,P-957,SKU-3997,258.78,9.95,20.70,New,Credit Card
ORD-27486,CUST-10995,SESS-32486,CART-29486,2025-06-07,250.47,127.74,22.60,Home,1,Completed,Social Media,West,P-62,SKU-2716,250.47,2.63,20.04,Returning,Credit Card
ORD-27487,CUST-10995,SESS-32487,CART-29487,1706744278536,246.67,110.91,4.32,Home,4,Shipped,Web,West,P-427,SKU-1078,61.67,7.62,19.73,New,PayPal
ORD-27488,CUST-10996,SESS-32488,CART-29488,2025-11-03,207.69,106.33,42.70,Electronics,4,Completed,Web,North,P-824,SKU-4538,51.92,12.58,16.62,VIP,Debit Card
ORD-27489,CUST-10996,SESS-32489,CART-29489,2023-12-12,334.58,181.84,38.96,Home,1,Returned,Social Media,North,P-785,SKU-3771,334.58,14.28,26.77,VIP,PayPal
ORD-27490,CUST-10997,SESS-32490,CART-29490,2025-02-11,409.57,138.79,48.68,Fashion,5,Cancelled,Mobile App,South,P-94,SKU-1388,81.91,12.87,32.77,New,Debit Card
ORD-27491,CUST-10997,SESS-32491,CART-29491,2023-05-31,135.92,46.13,24.11,Sports,3,Cancelled,Web,West,P-768,SKU-1965,45.31,3.83,10.87,VIP,Crypto
ORD-27492,CUST-10997,SESS-32492,CART-29492,2023-01-27,446.84,179.24,15.99,Sports,4,Cancelled,Web,East,P-99,SKU-2468,111.71,18.67,35.75,Returning,Debit Card
ORD-27493,CUST-10998,SESS-32493,CART-29493,2024-12-03,447.49,218.01,17.95,Beauty,3,Cancelled,Web,North,P-591,SKU-47,149.16,11.57,35.80,Returning,Debit Card
ORD-27494,CUST-10998,SESS-32494,CART-29494,2025-10-05,193.28,63.39,27.29,Home,1,Completed,Mobile App,International,P-256,SKU-3532,193.28,11.59,15.46,Returning,Crypto
ORD-27495,CUST-10999,SESS-32495,CART-29495,1745114375487,53.70,24.14,12.44,Beauty,,Completed,Social Media,South,P-614,SKU-2626,10.74,3.20,4.30,VIP,PayPal
ORD-27496,CUST-10999,SESS-32496,CART-29496,2023-03-30,417.72,180.24,23.54,Home,2,Pending,Web,International,P-682,SKU-2136,208.86,19.96,33.42,Returning,PayPal
ORD-27497,CUST-10999,SESS-32497,CART-29497,2025-12-05,219.12,110.30,38.97,Beauty,3,Completed,Social Media,South,P-307,SKU-1716,73.04,9.99,17.53,New,Credit Card
ORD-27498,CUST-11000,SESS-32498,CART-29498,2023-11-25,340.47,143.88,36.96,Fashion,5,Cancelled,Web,North,P-27,SKU-4787,68.09,5.67,27.24,Returning,Credit Card
ORD-27499,CUST-11000,SESS-32499,CART-29499,2025-05-11,506.51,175.05,2.60,Sports,5,Cancelled,Mobile App,East,P-78,SKU-686,101.30,13.80,40.52,VIP,Debit Card
ORD-27500,CUST-11001,SESS-32500,CART-29500,2026-03-07,436.55,215.89,18.39,Fashion,2,Shipped,Social Media,South,P-298,SKU-1855,218.28,3.78,34.92,VIP,Credit Card
ORD-27501,CUST-11001,SESS-32501,CART-29501,2025-12-06,378.94,179.59,20.50,Electronics,5,Cancelled,Mobile App,International,P-444,SKU-1940,75.79,6.17,30.31,VIP,Credit Card
ORD-27502,CUST-11001,SESS-32502,CART-29502,1691528280176,169.48,71.32,29.56,Beauty,4,Returned,Social Media,North,P-443,SKU-298,42.37,2.93,13.56,VIP,Credit Card
ORD-27503,CUST-11002,SESS-32503,CART-29503,2024-09-16,99.29,49.46,13.04,Beauty,4,Shipped,Mobile App,West,P-315,SKU-4151,24.82,3.17,7.94,VIP,PayPal
ORD-27504,CUST-11002,SESS-32504,CART-29504,2024-02-27,272.12,135.12,7.80,Electronics,4,Pending,Affiliate,East,P-838,SKU-4607,68.03,2.25,21.77,New,Crypto
ORD-27505,CUST-11003,SESS-32505,CART-29505,2023-06-06,175.23,55.27,43.57,Home,2,Shipped,Affiliate,North,P-207,SKU-4053,87.61,13.95,14.02,Returning,Crypto
ORD-27506,CUST-11003,SESS-32506,CART-29506,2025-02-10,  261.17  ,152.31,12.26,Fashion,3,Completed,Social Media,South,P-523,SKU-4029,87.06,13.55,20.89,VIP,Crypto
ORD-27507,CUST-11003,SESS-32507,CART-29507,2024-07-23,291.39,148.84,44.20,Sports,3,Pending,Affiliate,West,P-487,SKU-4781,97.13,16.75,23.31,New,Crypto
ORD-27508,CUST-11004,SESS-32508,CART-29508,2024-03-23,500.19,210.06,26.23,Electronics,,Shipped,Mobile App,North,P-544,SKU-780,166.73,10.17,40.01,New,PayPal
ORD-27509,CUST-11004,SESS-32509,CART-29509,2025-06-25,132.97,65.72,29.04,Sports,2,Pending,Social Media,West,P-235,SKU-3115,66.48,4.32,10.64,Returning,Crypto
ORD-27510,CUST-11005,SESS-32510,CART-29510,2024-01-26,  321.33  ,127.49,29.29,Beauty,4,Shipped,Web,South,P-554,SKU-332,80.33,10.58,25.71,New,Debit Card
ORD-27511,CUST-11005,SESS-32511,CART-29511,2026-02-14,38.29,16.38,15.49,Beauty,3,Cancelled,Mobile App,North,P-828,SKU-4919,12.76,4.62,3.06,Returning,Credit Card
ORD-27512,CUST-11005,SESS-32512,CART-29512,2024-12-02,146.76,73.22,3.23,Electronics,5,Cancelled,Mobile App,South,P-427,SKU-1438,29.35,9.87,11.74,Returning,PayPal
ORD-27513,CUST-11006,SESS-32513,CART-29513,2024-10-14,313.26,185.22,25.88,Fashion,5,Shipped,Mobile App,International,P-36,SKU-3101,62.65,9.65,25.06,Returning,Debit Card
ORD-27514,CUST-11006,SESS-32514,CART-29514,2023-04-21,303.57,171.21,21.97,Beauty,1,Cancelled,Web,International,P-978,SKU-1891,303.57,8.66,24.29,Returning,Crypto
ORD-27515,CUST-11007,SESS-32515,CART-29515,2025-10-17,265.24,113.75,44.78,Fashion,3,Returned,Web,South,P-699,SKU-3705,88.41,8.02,21.22,VIP,Crypto
ORD-27516,CUST-11007,SESS-32516,CART-29516,2023-12-28,280.99,125.56,27.10,Fashion,2,Cancelled,Affiliate,International,P-714,SKU-271,140.50,1.69,22.48,VIP,Credit Card
ORD-27517,CUST-11007,SESS-32517,CART-29517,8/19/2024,179.16,72.96,6.38,Beauty,4,Shipped,Affiliate,North,P-707,SKU-1578,44.79,6.77,14.33,New,PayPal
ORD-27518,CUST-11008,SESS-32518,CART-29518,2024-03-25,174.49,64.85,40.20,Home,4,Returned,Affiliate,West,P-675,SKU-650,43.62,2.71,13.96,VIP,Credit Card
ORD-27519,CUST-11008,SESS-32519,CART-29519,2023-05-26,441.23,148.96,48.52,Sports,5,Returned,Web,International,P-759,SKU-2496,88.25,18.09,35.30,VIP,Credit Card
ORD-27520,CUST-11009,SESS-32520,CART-29520,2025-10-25,382.76,215.94,19.50,Electronics,NULL,Pending,Affiliate,East,P-969,SKU-2950,191.38,8.11,30.62,VIP,Debit Card
ORD-27521,CUST-11009,SESS-32521,CART-29521,2026-03-06,454.45,217.97,45.80,Beauty,5,Shipped,Affiliate,South,P-245,SKU-2856,90.89,14.41,36.36,VIP,PayPal
ORD-27522,CUST-11009,SESS-32522,CART-29522,2024-06-04,373.20,201.44,37.46,Sports,1,Pending,Affiliate,East,P-896,SKU-4054,373.20,13.59,29.86,VIP,Crypto
ORD-27523,CUST-11010,SESS-32523,CART-29523,2025-05-12,80.32,31.13,37.12,Sports,3,Returned,Affiliate,International,P-485,SKU-2728,26.77,7.53,6.43,Returning,Crypto
ORD-27524,CUST-11010,SESS-32524,CART-29524,2026-02-08,353.73,132.66,23.88,Sports,2,Cancelled,Web,East,P-727,SKU-130,176.87,9.73,28.30,Returning,PayPal
ORD-27525,CUST-11011,SESS-32525,CART-29525,2024-09-23,,33.96,36.97,Fashion,1,Pending,Social Media,North,P-205,SKU-581,68.24,11.24,5.46,VIP,Crypto
ORD-27526,CUST-11011,SESS-32526,CART-29526,2023-02-02,124.35,54.15,33.60,Sports,2,Cancelled,Web,International,P-780,SKU-3755,62.18,13.34,9.95,Returning,Crypto
ORD-27527,CUST-11011,SESS-32527,CART-29527,5/2/2025,203.28,76.87,6.70,Fashion,1,Shipped,Social Media,International,P-884,SKU-1249,203.28,9.13,16.26,New,Crypto
ORD-27528,CUST-11012,SESS-32528,CART-29528,2025-07-06,27.20,10.14,30.67,Fashion,1,Shipped,Web,East,P-756,SKU-2078,27.20,1.43,2.18,Returning,Crypto
ORD-27529,CUST-11012,SESS-32529,CART-29529,2025-07-12,270.47,104.15,42.20,Electronics,5,Completed,Web,West,P-433,SKU-3195,54.09,1.03,21.64,Returning,Credit Card
ORD-27530,CUST-11013,SESS-32530,CART-29530,7/7/2025,61.80,33.20,32.59,Home,2,Pending,Web,South,P-324,SKU-1409,30.90,16.42,4.94,New,PayPal
ORD-27531,CUST-11013,SESS-32531,CART-29531,2024-07-02,99.15,41.76,23.22,Fashion,5,Shipped,Web,South,P-891,SKU-4983,19.83,0.63,7.93,New,Debit Card
ORD-27532,CUST-11013,SESS-32532,CART-29532,2025-08-06,377.70,163.19,18.91,NULL,,Returned,Web,International,P-14,SKU-1699,94.42,14.34,30.22,New,Debit Card
ORD-27533,CUST-11014,SESS-32533,CART-29533,2026-01-23,506.04,204.82,45.58,Fashion,3,Cancelled,Web,West,P-951,SKU-4189,168.68,0.75,40.48,New,PayPal
ORD-27534,CUST-11014,SESS-32534,CART-29534,1705875334728,262.63,121.95,31.21,Home,4,Shipped,Web,West,P-892,SKU-2709,65.66,11.12,21.01,Returning,Credit Card
ORD-27535,CUST-11015,SESS-32535,CART-29535,2024-08-18,99.95,38.22,22.03,Home,1,Pending,Web,South,P-180,SKU-208,99.95,12.01,8.00,New,Debit Card
ORD-27536,CUST-11015,SESS-32536,CART-29536,2025-11-11,302.06,133.96,20.78,Beauty,2,Pending,Social Media,East,P-509,SKU-3375,151.03,4.98,24.16,VIP,Debit Card
ORD-27537,CUST-11015,SESS-32537,CART-29537,2026-01-08,26.98,14.69,24.72,Beauty,3,Returned,Social Media,West,P-432,SKU-637,8.99,3.69,2.16,VIP,Debit Card
ORD-27538,CUST-11016,SESS-32538,CART-29538,2024-10-26,41.60,20.78,6.90,Beauty,1,Cancelled,Social Media,East,P-625,SKU-2887,41.60,1.55,3.33,New,PayPal
ORD-27539,CUST-11016,SESS-32539,CART-29539,2024-03-31,64.02,24.35,41.38,Home,1,Returned,Web,West,P-750,SKU-348,64.02,1.36,5.12,New,Credit Card
ORD-27540,CUST-11017,SESS-32540,CART-29540,2024-11-15,255.54,77.67,28.51,Sports,1,Completed,Affiliate,East,P-262,SKU-1117,255.54,16.99,20.44,Returning,Debit Card
ORD-27541,CUST-11017,SESS-32541,CART-29541,2025-04-26,329.37,106.46,6.45,Home,2,Cancelled,Affiliate,South,P-799,SKU-4266,164.68,2.03,26.35,Returning,Crypto
ORD-27542,CUST-11017,SESS-32542,CART-29542,2024-11-08,354.26,134.12,39.91,Home,1,Pending,Mobile App,North,P-696,SKU-4417,354.26,6.17,28.34,New,PayPal
ORD-27543,CUST-11018,SESS-32543,CART-29543,2023-12-24,317.07,138.79,48.54,Beauty,3,Cancelled,Social Media,South,P-468,SKU-745,105.69,19.07,25.37,VIP,Debit Card
ORD-27544,CUST-11018,SESS-32544,CART-29544,2025-01-27,82.61,39.15,15.68,Beauty,,Cancelled,Web,South,P-380,SKU-3121,20.65,4.47,6.61,Returning,Crypto
ORD-27545,CUST-11019,SESS-32545,CART-29545,2025-07-24,421.20,138.24,23.83,Electronics,5,Completed,Social Media,East,P-98,SKU-4771,84.24,18.12,33.70,Returning,Debit Card
ORD-27546,CUST-11019,SESS-32546,CART-29546,2023-02-09,378.89,209.63,8.46,Sports,1,Cancelled,Mobile App,International,P-386,SKU-955,378.89,3.61,30.31,VIP,PayPal
ORD-27547,CUST-11019,SESS-32547,CART-29547,2024-08-14,447.92,159.88,27.65,Beauty,2,Returned,Affiliate,West,P-256,SKU-3984,223.96,10.27,35.83,New,Debit Card
ORD-27548,CUST-11020,SESS-32548,CART-29548,2025-04-15,94.27,29.61,42.20,Beauty,2,Shipped,Web,South,P-221,SKU-680,47.13,16.11,7.54,VIP,Debit Card
ORD-27549,CUST-11020,SESS-32549,CART-29549,2025-04-21,307.34,139.10,5.62,Electronics,1,Completed,Mobile App,West,P-945,SKU-2389,307.34,7.06,24.59,VIP,Debit Card
ORD-27550,CUST-11021,SESS-32550,CART-29550,2026-02-03,259.53,113.49,3.95,Beauty,1,Pending,Web,West,P-189,SKU-2736,259.53,7.87,20.76,Returning,Credit Card
ORD-27551,CUST-11021,SESS-32551,CART-29551,2025-12-15,315.20,183.37,15.16,Home,2,Returned,Mobile App,West,P-221,SKU-2323,157.60,0.61,25.22,VIP,Credit Card
ORD-27552,CUST-11021,SESS-32552,CART-29552,2024-11-19,464.15,152.06,26.84,Fashion,3,Returned,Social Media,International,P-135,SKU-1858,154.72,13.45,37.13,Returning,Debit Card
ORD-27553,CUST-11022,SESS-32553,CART-29553,2024-05-21,200.40,79.16,1.60,Home,1,Completed,Affiliate,West,P-266,SKU-773,200.40,10.27,16.03,New,Credit Card
ORD-27554,CUST-11022,SESS-32554,CART-29554,2024-07-27,149.94,77.86,43.44,Beauty,2,Pending,Mobile App,South,P-177,SKU-1208,74.97,2.84,11.99,Returning,Crypto
ORD-27555,CUST-11023,SESS-32555,CART-29555,2025-09-08,11.76,4.69,34.11,Beauty,3,Pending,Social Media,North,P-988,SKU-2886,3.92,0.22,0.94,New,Crypto
ORD-27556,CUST-11023,SESS-32556,CART-29556,2024-06-13,403.89,193.24,3.58,Beauty,4,Completed,Social Media,North,P-770,SKU-2706,100.97,2.70,32.31,New,Crypto
ORD-27557,CUST-11023,SESS-32557,CART-29557,2025-04-03,349.20,173.73,37.02,  electronics  ,5,Completed,Mobile App,East,P-327,SKU-851,69.84,11.21,27.94,New,Credit Card
ORD-27558,CUST-11024,SESS-32558,CART-29558,2024-03-28,  405.23  ,199.79,44.80,Sports,2,Pending,Web,East,P-880,SKU-4448,202.62,3.67,32.42,Returning,Debit Card
ORD-27559,CUST-11024,SESS-32559,CART-29559,2024-03-17,20.74,10.50,34.08,Sports,5,Shipped,Affiliate,South,P-787,SKU-1030,4.15,14.35,1.66,New,Credit Card
ORD-27560,CUST-11025,SESS-32560,CART-29560,2024-02-11,136.66,67.90,25.40,Electronics,5,Returned,Mobile App,South,P-9,SKU-268,27.33,18.75,10.93,VIP,Debit Card
ORD-27561,CUST-11025,SESS-32561,CART-29561,2025-05-10,423.97,241.29,12.76,Beauty,3,Completed,Mobile App,North,P-77,SKU-4707,141.32,13.26,33.92,New,Crypto
ORD-27562,CUST-11025,SESS-32562,CART-29562,2024-12-22,65.63,23.57,14.72,Fashion,1,Cancelled,Web,North,P-988,SKU-4019,65.63,16.64,5.25,Returning,PayPal
ORD-27563,CUST-11026,SESS-32563,CART-29563,2025-02-05,234.98,72.04,41.06,Home,3,Completed,Affiliate,West,P-872,SKU-174,78.33,19.02,18.80,New,Debit Card
ORD-27564,CUST-11026,SESS-32564,CART-29564,2025-06-26,364.85,135.80,28.16,Electronics,2,Cancelled,Web,West,P-767,SKU-144,182.43,1.54,29.19,VIP,Debit Card
ORD-27565,CUST-11027,SESS-32565,CART-29565,2025-12-14,127.73,67.56,31.21,Electronics,5,Cancelled,Mobile App,East,P-577,SKU-4177,25.55,2.47,10.22,New,Crypto
ORD-27566,CUST-11027,SESS-32566,CART-29566,2025-01-01,234.27,75.75,2.83,  sports  ,4,Shipped,Social Media,West,P-341,SKU-489,58.57,5.92,18.74,VIP,Crypto
ORD-27567,CUST-11027,SESS-32567,CART-29567,2026-03-05,121.25,62.81,9.88,Home,1,Returned,Mobile App,West,P-273,SKU-2252,121.25,5.97,9.70,VIP,Crypto
ORD-27568,CUST-11028,SESS-32568,CART-29568,2026-01-22,481.11,215.17,22.86,Beauty,5,Returned,Affiliate,International,P-522,SKU-4013,96.22,5.10,38.49,Returning,Debit Card
ORD-27569,CUST-11028,SESS-32569,CART-29569,2024-06-22,473.31,269.62,31.75,Beauty,5,Pending,Affiliate,South,P-871,SKU-487,94.66,6.55,37.86,Returning,Debit Card
ORD-27570,CUST-11029,SESS-32570,CART-29570,2024-11-30,200.33,105.88,2.67,Sports,3,Pending,Social Media,South,P-375,SKU-1005,66.78,13.45,16.03,VIP,Debit Card
ORD-27571,CUST-11029,SESS-32571,CART-29571,1725717932310,448.01,212.17,40.54,Sports,3,Cancelled,Social Media,East,P-202,SKU-4418,149.34,8.07,35.84,Returning,Crypto
ORD-27572,CUST-11029,SESS-32572,CART-29572,2023-12-11,298.12,145.18,18.01,Electronics,3,Pending,Web,North,P-697,SKU-2511,99.37,11.58,23.85,Returning,Credit Card
ORD-27573,CUST-11030,SESS-32573,CART-29573,2023-12-06,430.83,129.25,5.80,Sports,2,Cancelled,Mobile App,North,P-521,SKU-1311,215.41,12.51,34.47,Returning,Credit Card
ORD-27574,CUST-11030,SESS-32574,CART-29574,2023-09-21,263.25,115.85,18.47,Electronics,1,Shipped,Social Media,East,P-163,SKU-3239,263.25,8.08,21.06,VIP,Credit Card
ORD-27575,CUST-11031,SESS-32575,CART-29575,2023-10-02,  76.26  ,23.14,35.21,,3,Cancelled,Social Media,East,P-63,SKU-2459,25.42,12.05,6.10,VIP,Credit Card
ORD-27576,CUST-11031,SESS-32576,CART-29576,1/3/2026,344.55,172.91,39.75,Fashion,4,Shipped,Social Media,East,P-534,SKU-4385,86.14,7.62,27.56,Returning,Debit Card
ORD-27577,CUST-11031,SESS-32577,CART-29577,2025-10-11,320.23,133.29,14.50,Electronics,5,Cancelled,Social Media,East,P-363,SKU-222,64.05,6.81,25.62,VIP,Crypto
ORD-27578,CUST-11032,SESS-32578,CART-29578,2024-03-27,131.07,76.74,35.89,Fashion,5,Cancelled,Social Media,East,P-161,SKU-1832,26.21,10.65,10.49,Returning,PayPal
ORD-27579,CUST-11032,SESS-32579,CART-29579,2025-05-26,148.05,81.78,9.18,Beauty,3,Pending,Social Media,East,P-978,SKU-2657,49.35,19.62,11.84,New,PayPal
ORD-27580,CUST-11033,SESS-32580,CART-29580,2025-01-30,459.87,158.40,28.75,Home,2,Shipped,Social Media,International,P-955,SKU-4435,229.94,17.59,36.79,Returning,PayPal
ORD-27581,CUST-11033,SESS-32581,CART-29581,2024-01-23,459.07,189.87,19.44,Sports,1,Pending,Affiliate,East,P-632,SKU-4986,459.07,5.76,36.73,Returning,Crypto
ORD-27582,CUST-11033,SESS-32582,CART-29582,2024-10-17,432.98,134.76,27.44,Electronics,1,Returned,Web,West,P-704,SKU-1522,432.98,19.90,34.64,New,Crypto
ORD-27583,CUST-11034,SESS-32583,CART-29583,7/6/2023,163.85,72.59,37.19,Home,5,Returned,Social Media,West,P-184,SKU-3027,32.77,18.61,13.11,VIP,Crypto
ORD-27584,CUST-11034,SESS-32584,CART-29584,2025-07-17,303.55,129.20,8.09,Beauty,5,Returned,Web,West,P-171,SKU-1334,60.71,4.91,24.28,Returning,PayPal
ORD-27585,CUST-11035,SESS-32585,CART-29585,2025-12-18,296.50,97.89,34.57,Sports,3,Shipped,Affiliate,South,P-362,SKU-45,98.83,11.41,23.72,Returning,PayPal
ORD-27586,CUST-11035,SESS-32586,CART-29586,2025-12-29,268.74,151.28,29.82,Beauty,5,Returned,Affiliate,West,P-650,SKU-1933,53.75,5.76,21.50,New,Credit Card
ORD-27587,CUST-11035,SESS-32587,CART-29587,2024-01-10,509.68,179.21,8.57,Electronics,2,Shipped,Social Media,West,P-294,SKU-3670,254.84,15.76,40.77,Returning,PayPal
ORD-27588,CUST-11036,SESS-32588,CART-29588,2024-06-21,171.87,100.19,29.56,Home,2,Returned,Social Media,East,P-281,SKU-1228,85.93,5.58,13.75,Returning,Debit Card
ORD-27589,CUST-11036,SESS-32589,CART-29589,1700949017425,401.55,121.15,26.60,Fashion,5,Cancelled,Social Media,International,P-893,SKU-1068,80.31,10.34,32.12,Returning,Crypto
ORD-27590,CUST-11037,SESS-32590,CART-29590,1747315057806,97.25,33.95,4.73,Electronics,1,Pending,Social Media,South,P-908,SKU-1023,97.25,7.94,7.78,VIP,Crypto
ORD-27591,CUST-11037,SESS-32591,CART-29591,2024-12-28,185.38,98.06,35.44,NULL,2,Completed,Web,South,P-527,SKU-823,92.69,13.33,14.83,New,PayPal
ORD-27592,CUST-11037,SESS-32592,CART-29592,2025-07-22,303.56,178.05,38.78,Beauty,5,Shipped,Mobile App,International,P-219,SKU-3831,60.71,17.33,24.28,New,Debit Card
ORD-27593,CUST-11038,SESS-32593,CART-29593,2024-06-28,279.76,98.17,5.87,Sports,2,Pending,Affiliate,West,P-438,SKU-516,139.88,7.26,22.38,VIP,Credit Card
ORD-27594,CUST-11038,SESS-32594,CART-29594,2023-09-13,79.96,43.57,39.27,Home,4,Returned,Mobile App,South,P-255,SKU-8,19.99,6.99,6.40,Returning,Crypto
ORD-27595,CUST-11039,SESS-32595,CART-29595,2023-10-11,213.03,126.56,15.17,Electronics,1,Pending,Mobile App,North,P-474,SKU-4693,213.03,8.43,17.04,Returning,Crypto
ORD-27596,CUST-11039,SESS-32596,CART-29596,2026-01-09,341.60,140.42,0.55,Home,5,Completed,Web,North,P-296,SKU-4947,68.32,7.99,27.33,Returning,Credit Card
ORD-27597,CUST-11039,SESS-32597,CART-29597,12/20/2024,340.56,161.26,16.92,Sports,4,Completed,Social Media,International,P-960,SKU-2101,85.14,0.30,27.24,VIP,Credit Card
ORD-27598,CUST-11040,SESS-32598,CART-29598,2025-01-16,32.46,17.81,3.56,Sports,2,Pending,Social Media,International,P-488,SKU-3298,16.23,3.06,2.60,New,PayPal
ORD-27599,CUST-11040,SESS-32599,CART-29599,2025-06-13,335.12,127.36,48.52,Sports,4,Shipped,Web,International,P-552,SKU-2214,83.78,17.38,26.81,New,Debit Card
ORD-27600,CUST-11041,SESS-32600,CART-29600,2024-10-17,,25.18,32.56,Home,5,Returned,Affiliate,International,P-955,SKU-1468,12.00,11.55,4.80,Returning,PayPal
ORD-27601,CUST-11041,SESS-32601,CART-29601,2025-08-30,17.91,8.45,20.38,Electronics,1,Pending,Social Media,South,P-56,SKU-4299,17.91,18.09,1.43,New,Credit Card
ORD-27602,CUST-11041,SESS-32602,CART-29602,2025-11-23,432.90,162.56,11.20,Fashion,4,Completed,Mobile App,North,P-897,SKU-1210,108.23,4.36,34.63,Returning,Crypto
ORD-27603,CUST-11042,SESS-32603,CART-29603,2024-09-13,345.68,170.16,40.00,,5,Pending,Social Media,North,P-894,SKU-2505,69.14,13.30,27.65,Returning,Credit Card
ORD-27604,CUST-11042,SESS-32604,CART-29604,2024-05-29,479.30,193.50,9.92,Beauty,1,Completed,Social Media,West,P-801,SKU-2981,479.30,9.47,38.34,Returning,Crypto
ORD-27605,CUST-11043,SESS-32605,CART-29605,2026-03-03,91.30,52.06,3.23,Beauty,3,Returned,Social Media,International,P-812,SKU-4989,30.43,19.11,7.30,New,Credit Card
ORD-27606,CUST-11043,SESS-32606,CART-29606,2025-06-21,266.57,151.12,4.03,Sports,5,Returned,Social Media,North,P-554,SKU-3159,53.31,16.85,21.33,Returning,Credit Card
ORD-27607,CUST-11043,SESS-32607,CART-29607,2023-04-11,378.13,214.09,24.84,Home,3,Returned,Mobile App,South,P-786,SKU-2886,126.04,9.91,30.25,New,Crypto
ORD-27608,CUST-11044,SESS-32608,CART-29608,2024-05-22,367.30,158.13,43.65,Beauty,4,Shipped,Social Media,East,P-150,SKU-3128,91.82,18.11,29.38,New,PayPal
ORD-27609,CUST-11044,SESS-32609,CART-29609,2024-08-17,323.09,124.74,39.12,Home,4,Completed,Web,West,P-62,SKU-554,80.77,16.38,25.85,VIP,Credit Card
ORD-27610,CUST-11045,SESS-32610,CART-29610,2024-06-19,47.21,20.57,33.55,Beauty,5,Completed,Web,East,P-489,SKU-787,9.44,8.72,3.78,Returning,Debit Card
ORD-27611,CUST-11045,SESS-32611,CART-29611,2026-01-01,420.49,137.66,34.36,Electronics,2,Pending,Social Media,International,P-496,SKU-4058,210.24,5.56,33.64,New,PayPal
ORD-27612,CUST-11045,SESS-32612,CART-29612,2025-04-13,326.59,104.90,29.52,Sports,5,Shipped,Web,International,P-816,SKU-289,65.32,7.33,26.13,Returning,Credit Card
ORD-27613,CUST-11046,SESS-32613,CART-29613,2023-03-03,NULL,197.53,48.53,Home,1,Shipped,Social Media,East,P-691,SKU-1157,420.44,12.14,33.63,Returning,Debit Card
ORD-27614,CUST-11046,SESS-32614,CART-29614,2024-06-03,83.49,30.81,31.93,Home,3,Returned,Web,East,P-264,SKU-50,27.83,0.84,6.68,New,Debit Card
ORD-27615,CUST-11047,SESS-32615,CART-29615,2023-02-19,366.98,147.14,7.78,Home,5,Returned,Mobile App,East,P-281,SKU-4281,73.40,9.00,29.36,Returning,Crypto
ORD-27616,CUST-11047,SESS-32616,CART-29616,2025-12-13,94.17,37.36,20.29,Beauty,4,Returned,Social Media,West,P-63,SKU-3672,23.54,0.23,7.53,VIP,Debit Card
ORD-27617,CUST-11047,SESS-32617,CART-29617,2025-06-18,300.17,146.12,5.15,Sports,1,Pending,Mobile App,West,P-954,SKU-1252,300.17,4.11,24.01,VIP,Credit Card
ORD-27618,CUST-11048,SESS-32618,CART-29618,1744912055712,153.68,88.93,26.09,Home,3,Completed,Web,South,P-978,SKU-407,51.23,4.66,12.29,Returning,Debit Card
ORD-27619,CUST-11048,SESS-32619,CART-29619,1751991224614,201.60,73.81,32.93,Beauty,4,Pending,Social Media,International,P-804,SKU-4200,50.40,7.99,16.13,New,PayPal
ORD-27620,CUST-11049,SESS-32620,CART-29620,2023-06-19,508.12,192.11,6.69,Fashion,5,Pending,Mobile App,East,P-807,SKU-3544,101.62,18.18,40.65,VIP,Credit Card
ORD-27621,CUST-11049,SESS-32621,CART-29621,2025-05-26,464.98,141.63,45.31,Sports,4,Cancelled,Social Media,North,P-141,SKU-4170,116.25,11.92,37.20,Returning,Credit Card
ORD-27622,CUST-11049,SESS-32622,CART-29622,2024-04-02,75.94,35.65,23.73,Home,3,Pending,Social Media,South,P-266,SKU-1349,25.31,9.69,6.08,VIP,Debit Card
ORD-27623,CUST-11050,SESS-32623,CART-29623,2024-02-14,349.44,165.38,19.42,Electronics,5,Pending,Social Media,West,P-151,SKU-2287,69.89,1.21,27.96,Returning,Debit Card
ORD-27624,CUST-11050,SESS-32624,CART-29624,2026-01-18,291.62,113.62,19.00,Beauty,1,Returned,Web,West,P-341,SKU-3342,291.62,4.47,23.33,New,Credit Card
ORD-27625,CUST-11051,SESS-32625,CART-29625,2024-08-16,127.23,53.75,3.12,Electronics,5,Completed,Web,South,P-804,SKU-2227,25.45,10.11,10.18,VIP,Crypto
ORD-27626,CUST-11051,SESS-32626,CART-29626,2025-12-02,239.14,88.50,16.06,Beauty,3,Completed,Mobile App,West,P-566,SKU-2521,79.71,13.23,19.13,Returning,PayPal
ORD-27627,CUST-11051,SESS-32627,CART-29627,2024-08-16,118.59,69.04,28.44,Electronics,1,Cancelled,Social Media,East,P-92,SKU-1118,118.59,8.36,9.49,New,PayPal
ORD-27628,CUST-11052,SESS-32628,CART-29628,2025-03-16,463.35,184.29,32.26,Home,3,Returned,Web,East,P-897,SKU-236,154.45,1.54,37.07,Returning,PayPal
ORD-27629,CUST-11052,SESS-32629,CART-29629,2025-04-12,489.98,220.30,29.82,Fashion,4,Pending,Affiliate,East,P-823,SKU-1802,122.49,13.98,39.20,Returning,PayPal
ORD-27630,CUST-11053,SESS-32630,CART-29630,2023-06-26,222.69,90.91,6.39,Sports,4,Shipped,Mobile App,West,P-136,SKU-2504,55.67,3.33,17.82,New,Credit Card
ORD-27631,CUST-11053,SESS-32631,CART-29631,2025-10-31,88.34,35.94,9.38,Sports,3,Pending,Mobile App,West,P-477,SKU-2251,29.45,4.01,7.07,VIP,Debit Card
ORD-27632,CUST-11053,SESS-32632,CART-29632,2024-03-30,421.57,210.39,18.37,Fashion,1,Pending,Mobile App,South,P-55,SKU-117,421.57,1.19,33.73,Returning,Debit Card
ORD-27633,CUST-11054,SESS-32633,CART-29633,2024-05-16,509.63,274.51,41.27,Beauty,4,Pending,Affiliate,East,P-809,SKU-3515,127.41,5.30,40.77,Returning,Credit Card
ORD-27634,CUST-11054,SESS-32634,CART-29634,2023-12-10,245.77,77.69,8.88,Sports,4,Returned,Mobile App,North,P-479,SKU-3021,61.44,1.72,19.66,New,Crypto
ORD-27635,CUST-11055,SESS-32635,CART-29635,2024-04-17,256.58,123.78,47.67,Home,3,Cancelled,Social Media,West,P-812,SKU-3212,85.53,9.98,20.53,VIP,PayPal
ORD-27636,CUST-11055,SESS-32636,CART-29636,2025-01-07,,236.52,40.66,Sports,2,Returned,Web,West,P-230,SKU-3455,235.25,2.22,37.64,Returning,Credit Card
ORD-27637,CUST-11055,SESS-32637,CART-29637,2025-04-15,228.49,111.08,33.43,Electronics,4,Returned,Social Media,International,P-608,SKU-4753,57.12,11.78,18.28,VIP,Credit Card
ORD-27638,CUST-11056,SESS-32638,CART-29638,2026-02-09,207.49,82.36,30.06,Fashion,1,Cancelled,Web,North,P-589,SKU-2694,207.49,9.05,16.60,VIP,Crypto
ORD-27639,CUST-11056,SESS-32639,CART-29639,2025-03-25,406.53,232.52,8.17,Beauty,1,Cancelled,Web,East,P-223,SKU-2719,406.53,16.36,32.52,New,Credit Card
ORD-27640,CUST-11057,SESS-32640,CART-29640,2/8/2024,247.17,89.18,41.19,Fashion,5,Shipped,Web,International,P-554,SKU-4655,49.43,4.93,19.77,Returning,Debit Card
ORD-27641,CUST-11057,SESS-32641,CART-29641,2024-02-02,134.50,65.68,44.10,Beauty,3,Completed,Mobile App,East,P-903,SKU-2903,44.83,8.66,10.76,Returning,Crypto
ORD-27642,CUST-11057,SESS-32642,CART-29642,2024-02-03,475.50,265.32,20.28,Beauty,3,Returned,Social Media,South,P-863,SKU-1117,158.50,7.11,38.04,New,Crypto
ORD-27643,CUST-11058,SESS-32643,CART-29643,2023-11-27,103.21,41.95,20.91,Beauty,4,Returned,Social Media,South,P-279,SKU-1185,25.80,11.36,8.26,VIP,PayPal
ORD-27644,CUST-11058,SESS-32644,CART-29644,2023-04-23,236.15,84.80,18.35,Beauty,5,Shipped,Web,International,P-117,SKU-3739,47.23,9.55,18.89,New,PayPal
ORD-27645,CUST-11059,SESS-32645,CART-29645,2023-12-22,136.14,76.88,16.65,Beauty,4,Completed,Social Media,International,P-153,SKU-4931,34.03,16.81,10.89,New,Credit Card
ORD-27646,CUST-11059,SESS-32646,CART-29646,2025-03-30,86.36,29.71,14.71,Sports,4,Shipped,Mobile App,East,P-366,SKU-4275,21.59,12.71,6.91,VIP,Credit Card
ORD-27647,CUST-11059,SESS-32647,CART-29647,2023-02-14,50.10,28.88,9.55,Home,5,Cancelled,Mobile App,South,P-483,SKU-3201,10.02,6.08,4.01,VIP,Debit Card
ORD-27648,CUST-11060,SESS-32648,CART-29648,2025-12-15,434.27,199.49,32.41,Electronics,2,Pending,Affiliate,West,P-874,SKU-2556,217.14,11.69,34.74,Returning,Crypto
ORD-27649,CUST-11060,SESS-32649,CART-29649,2024-01-20,441.65,235.97,9.05,Beauty,4,Returned,Web,West,P-252,SKU-2090,110.41,14.44,35.33,VIP,Credit Card
ORD-27650,CUST-11061,SESS-32650,CART-29650,4/1/2024,505.49,289.33,11.31,Beauty,5,Completed,Mobile App,West,P-68,SKU-1087,101.10,5.97,40.44,VIP,Debit Card
ORD-27651,CUST-11061,SESS-32651,CART-29651,2025-08-29,380.21,164.48,41.58,Beauty,2,Pending,Affiliate,South,P-603,SKU-997,190.10,1.60,30.42,New,PayPal
ORD-27652,CUST-11061,SESS-32652,CART-29652,2025-01-25,114.21,38.22,23.60,Electronics,1,Cancelled,Web,South,P-80,SKU-4231,114.21,18.38,9.14,Returning,PayPal
ORD-27653,CUST-11062,SESS-32653,CART-29653,2023-11-24,83.86,30.68,30.13,Sports,3,Shipped,Web,International,P-469,SKU-564,27.95,6.50,6.71,Returning,Crypto
ORD-27654,CUST-11062,SESS-32654,CART-29654,2024-05-23,481.39,159.01,2.22,Fashion,4,Returned,Web,International,P-968,SKU-1860,120.35,9.05,38.51,New,Crypto
ORD-27655,CUST-11063,SESS-32655,CART-29655,2024-06-12,88.90,30.65,36.10,Fashion,3,Shipped,Social Media,International,P-730,SKU-4339,29.63,16.71,7.11,New,PayPal
ORD-27656,CUST-11063,SESS-32656,CART-29656,2023-03-24,134.87,75.12,32.37,Fashion,1,Cancelled,Mobile App,International,P-995,SKU-4037,134.87,13.32,10.79,New,Crypto
ORD-27657,CUST-11063,SESS-32657,CART-29657,2023-06-10,495.12,195.14,39.91,Beauty,3,Cancelled,Affiliate,West,P-704,SKU-4544,165.04,14.67,39.61,Returning,Crypto
ORD-27658,CUST-11064,SESS-32658,CART-29658,2024-10-23,65.85,38.77,20.22,Home,5,Cancelled,Mobile App,West,P-505,SKU-4841,13.17,16.68,5.27,Returning,Debit Card
ORD-27659,CUST-11064,SESS-32659,CART-29659,2023-12-26,473.09,157.01,41.21,Fashion,4,Shipped,Social Media,South,P-113,SKU-3305,118.27,5.06,37.85,New,Credit Card
ORD-27660,CUST-11065,SESS-32660,CART-29660,2023-10-22,166.13,79.80,3.11,Electronics,3,Cancelled,Social Media,North,P-836,SKU-152,55.38,2.72,13.29,Returning,Debit Card
ORD-27661,CUST-11065,SESS-32661,CART-29661,2023-08-07,399.43,151.41,46.46,Electronics,5,Cancelled,Social Media,West,P-887,SKU-2603,79.89,9.11,31.95,New,Crypto
ORD-27662,CUST-11065,SESS-32662,CART-29662,2024-03-11,396.49,176.01,24.29,Home,3,Pending,Affiliate,International,P-375,SKU-344,132.16,16.91,31.72,New,Crypto
ORD-27663,CUST-11066,SESS-32663,CART-29663,2025-06-15,422.92,238.73,33.23,Electronics,4,Shipped,Social Media,North,P-233,SKU-4172,105.73,0.81,33.83,New,PayPal
ORD-27664,CUST-11066,SESS-32664,CART-29664,2025-11-17,250.86,133.06,10.97,Home,1,Shipped,Mobile App,South,P-172,SKU-1906,250.86,18.89,20.07,New,Crypto
ORD-27665,CUST-11067,SESS-32665,CART-29665,2023-09-17,18.32,7.06,28.28,Electronics,4,Completed,Web,North,P-556,SKU-1275,4.58,11.63,1.47,Returning,Crypto
ORD-27666,CUST-11067,SESS-32666,CART-29666,2025-03-15,379.65,204.67,22.10,Fashion,3,Pending,Affiliate,North,P-69,SKU-2897,126.55,18.36,30.37,New,PayPal
ORD-27667,CUST-11067,SESS-32667,CART-29667,2/11/2024,291.78,165.24,23.17,Home,5,Returned,Social Media,East,P-9,SKU-3959,58.36,6.76,23.34,Returning,PayPal
ORD-27668,CUST-11068,SESS-32668,CART-29668,2024-09-16,NULL,236.29,25.87,Fashion,5,Cancelled,Mobile App,West,P-374,SKU-3974,97.04,5.07,38.81,Returning,Debit Card
ORD-27669,CUST-11068,SESS-32669,CART-29669,2025-12-19,340.26,103.59,30.43,Sports,2,Completed,Web,North,P-684,SKU-4597,170.13,3.13,27.22,VIP,Credit Card
ORD-27670,CUST-11069,SESS-32670,CART-29670,2025-05-26,409.11,237.45,2.04,Beauty,2,Completed,Affiliate,South,P-721,SKU-2442,204.56,12.20,32.73,New,PayPal
ORD-27671,CUST-11069,SESS-32671,CART-29671,2024-10-06,431.78,204.31,10.93,Sports,3,Pending,Mobile App,North,P-22,SKU-75,143.93,1.46,34.54,Returning,Crypto
ORD-27672,CUST-11069,SESS-32672,CART-29672,2025-03-10,335.83,184.19,20.77,Home,5,Pending,Web,South,P-866,SKU-452,67.17,17.82,26.87,Returning,Credit Card
ORD-27673,CUST-11070,SESS-32673,CART-29673,2025-01-21,299.55,138.51,10.83,Home,1,Returned,Web,International,P-152,SKU-3453,299.55,5.60,23.96,New,Debit Card
ORD-27674,CUST-11070,SESS-32674,CART-29674,2023-07-28,69.47,38.82,29.69,Beauty,3,Pending,Mobile App,International,P-825,SKU-4328,23.16,1.49,5.56,Returning,Credit Card
ORD-27675,CUST-11071,SESS-32675,CART-29675,7/7/2024,  86.38  ,38.07,47.30,Fashion,3,Shipped,Affiliate,West,P-675,SKU-2716,28.79,16.10,6.91,Returning,Credit Card
ORD-27676,CUST-11071,SESS-32676,CART-29676,2025-08-19,481.83,278.49,18.95,Fashion,3,Cancelled,Mobile App,East,P-723,SKU-3850,160.61,14.90,38.55,VIP,Debit Card
ORD-27677,CUST-11071,SESS-32677,CART-29677,2025-01-19,312.55,146.72,37.73,,1,Completed,Mobile App,West,P-897,SKU-1090,312.55,6.75,25.00,VIP,PayPal
ORD-27678,CUST-11072,SESS-32678,CART-29678,2024-05-06,106.36,45.07,29.72,Beauty,4,Returned,Web,International,P-429,SKU-424,26.59,7.89,8.51,VIP,Crypto
ORD-27679,CUST-11072,SESS-32679,CART-29679,2025-10-24,257.44,87.10,18.87,Electronics,2,Returned,Web,West,P-779,SKU-1385,128.72,8.85,20.60,New,Credit Card
ORD-27680,CUST-11073,SESS-32680,CART-29680,2023-05-27,16.48,9.18,48.74,Sports,5,Cancelled,Affiliate,North,P-541,SKU-2173,3.30,0.46,1.32,VIP,Crypto
ORD-27681,CUST-11073,SESS-32681,CART-29681,2024-04-24,334.32,156.78,4.13,Electronics,4,Completed,Web,West,P-701,SKU-3779,83.58,6.63,26.75,New,Credit Card
ORD-27682,CUST-11073,SESS-32682,CART-29682,2025-04-30,  439.81  ,153.71,24.99,Sports,4,Returned,Web,West,P-759,SKU-2431,109.95,1.33,35.18,Returning,Debit Card
ORD-27683,CUST-11074,SESS-32683,CART-29683,2025-10-19,409.37,195.50,38.35,Beauty,2,Pending,Affiliate,North,P-505,SKU-717,204.69,11.41,32.75,New,Credit Card
ORD-27684,CUST-11074,SESS-32684,CART-29684,2024-04-03,387.39,165.00,36.08,,3,Returned,Web,North,P-232,SKU-1862,129.13,14.10,30.99,Returning,Crypto
ORD-27685,CUST-11075,SESS-32685,CART-29685,2025-01-26,240.35,98.63,24.30,Beauty,5,Returned,Mobile App,South,P-453,SKU-3520,48.07,13.26,19.23,New,Crypto
ORD-27686,CUST-11075,SESS-32686,CART-29686,2024-10-11,29.64,14.57,11.45,Sports,1,Cancelled,Mobile App,South,P-194,SKU-3202,29.64,5.16,2.37,Returning,PayPal
ORD-27687,CUST-11075,SESS-32687,CART-29687,2025-10-24,212.50,69.43,11.38,Fashion,3,Returned,Affiliate,West,P-582,SKU-4523,70.83,3.14,17.00,New,Credit Card
ORD-27688,CUST-11076,SESS-32688,CART-29688,2026-02-14,507.73,296.82,28.41,Sports,1,Returned,Mobile App,International,P-990,SKU-3808,507.73,11.04,40.62,VIP,PayPal
ORD-27689,CUST-11076,SESS-32689,CART-29689,2025-10-15,250.47,110.84,14.47,Sports,3,Pending,Mobile App,North,P-635,SKU-2555,83.49,11.06,20.04,Returning,Debit Card
ORD-27690,CUST-11077,SESS-32690,CART-29690,2024-09-26,426.45,240.11,18.15,Home,5,Cancelled,Affiliate,East,P-987,SKU-2211,85.29,17.49,34.12,Returning,PayPal
ORD-27691,CUST-11077,SESS-32691,CART-29691,2024-11-07,135.34,74.38,6.23,Sports,4,Cancelled,Affiliate,International,P-778,SKU-2852,33.83,19.81,10.83,New,Debit Card
ORD-27692,CUST-11077,SESS-32692,CART-29692,2023-03-29,432.39,219.32,41.35,Sports,4,Pending,Web,West,P-286,SKU-4826,108.10,13.45,34.59,New,Credit Card
ORD-27693,CUST-11078,SESS-32693,CART-29693,2025-08-30,490.64,252.26,45.76,Fashion,2,Shipped,Affiliate,North,P-43,SKU-1078,245.32,18.41,39.25,New,Crypto
ORD-27694,CUST-11078,SESS-32694,CART-29694,2025-11-18,330.96,141.51,3.57,Electronics,4,Completed,Affiliate,South,P-659,SKU-3073,82.74,15.47,26.48,New,PayPal
ORD-27695,CUST-11079,SESS-32695,CART-29695,2023-02-13,296.83,129.80,10.43,Sports,2,Returned,Affiliate,South,P-407,SKU-699,148.42,11.26,23.75,New,Crypto
ORD-27696,CUST-11079,SESS-32696,CART-29696,2023-11-09,111.04,59.91,44.64,,4,Completed,Mobile App,International,P-542,SKU-3551,27.76,15.05,8.88,VIP,Crypto
ORD-27697,CUST-11079,SESS-32697,CART-29697,2025-06-11,89.14,50.32,36.79,  home  ,4,Shipped,Affiliate,International,P-160,SKU-2503,22.29,6.40,7.13,VIP,Credit Card
ORD-27698,CUST-11080,SESS-32698,CART-29698,2023-03-11,,65.29,34.96,Home,2,Shipped,Social Media,South,P-88,SKU-2416,93.11,12.50,14.90,VIP,Crypto
ORD-27699,CUST-11080,SESS-32699,CART-29699,2024-08-01,246.49,118.03,15.62,Electronics,1,Cancelled,Web,East,P-978,SKU-3886,246.49,0.31,19.72,Returning,Crypto
ORD-27700,CUST-11081,SESS-32700,CART-29700,2023-10-18,443.82,150.64,28.79,Sports,1,Cancelled,Web,East,P-835,SKU-1163,443.82,11.08,35.51,VIP,Debit Card
ORD-27701,CUST-11081,SESS-32701,CART-29701,2023-11-24,304.51,138.51,46.26,Home,4,Returned,Mobile App,International,P-320,SKU-2898,76.13,17.37,24.36,VIP,Crypto
ORD-27702,CUST-11081,SESS-32702,CART-29702,1731968472003,191.52,87.52,18.80,Electronics,1,Pending,Affiliate,International,P-806,SKU-3000,191.52,5.99,15.32,New,Debit Card
ORD-27703,CUST-11082,SESS-32703,CART-29703,2023-04-11,263.84,154.50,14.01,Sports,2,Completed,Social Media,South,P-862,SKU-3192,131.92,10.81,21.11,New,Debit Card
ORD-27704,CUST-11082,SESS-32704,CART-29704,2024-11-02,75.37,30.91,15.02,Home,5,Returned,Social Media,East,P-888,SKU-601,15.07,19.13,6.03,Returning,Debit Card
ORD-27705,CUST-11083,SESS-32705,CART-29705,2023-10-09,139.33,42.54,33.20,  sports  ,1,Returned,Web,East,P-762,SKU-3748,139.33,6.70,11.15,VIP,Crypto
ORD-27706,CUST-11083,SESS-32706,CART-29706,2023-05-12,483.21,164.04,19.99,Electronics,5,Returned,Social Media,West,P-639,SKU-3299,96.64,9.84,38.66,VIP,Credit Card
ORD-27707,CUST-11083,SESS-32707,CART-29707,2023-01-11,93.98,48.98,22.00,Electronics,5,Pending,Mobile App,International,P-473,SKU-3140,18.80,15.21,7.52,Returning,Crypto
ORD-27708,CUST-11084,SESS-32708,CART-29708,2023-10-19,292.73,117.91,46.20,Home,2,Pending,Social Media,West,P-120,SKU-386,146.36,12.22,23.42,New,Crypto
ORD-27709,CUST-11084,SESS-32709,CART-29709,2024-07-14,334.59,151.53,29.90,Beauty,2,Shipped,Social Media,East,P-410,SKU-4572,167.29,13.05,26.77,VIP,Crypto
ORD-27710,CUST-11085,SESS-32710,CART-29710,2025-02-12,487.81,248.88,44.65,Home,4,Cancelled,Mobile App,East,P-415,SKU-3134,121.95,2.69,39.02,Returning,Debit Card
ORD-27711,CUST-11085,SESS-32711,CART-29711,2025-11-04,35.78,18.53,9.76,Sports,1,Cancelled,Social Media,International,P-405,SKU-2213,35.78,6.58,2.86,VIP,Credit Card
ORD-27712,CUST-11085,SESS-32712,CART-29712,2025-04-02,221.70,125.32,13.39,Electronics,3,Pending,Mobile App,North,P-758,SKU-4801,73.90,11.91,17.74,Returning,Credit Card
ORD-27713,CUST-11086,SESS-32713,CART-29713,2024-06-13,350.98,112.82,11.90,Beauty,4,Cancelled,Web,West,P-22,SKU-1337,87.75,14.46,28.08,New,Debit Card
ORD-27714,CUST-11086,SESS-32714,CART-29714,1700915776609,,179.67,40.66,Home,5,Completed,Mobile App,East,P-513,SKU-4218,60.58,18.13,24.23,Returning,PayPal
ORD-27715,CUST-11087,SESS-32715,CART-29715,1752568915408,366.69,148.73,29.58,Beauty,5,Shipped,Web,West,P-882,SKU-505,73.34,11.80,29.34,VIP,Debit Card
ORD-27716,CUST-11087,SESS-32716,CART-29716,2023-12-13,85.28,33.29,25.01,Electronics,5,Cancelled,Mobile App,East,P-736,SKU-3579,17.06,11.80,6.82,New,PayPal
ORD-27717,CUST-11087,SESS-32717,CART-29717,2023-04-11,451.14,164.68,41.71,Sports,4,Returned,Web,South,P-304,SKU-4820,112.78,14.99,36.09,VIP,Debit Card
ORD-27718,CUST-11088,SESS-32718,CART-29718,2025-07-19,324.89,188.25,45.48,Fashion,1,Pending,Mobile App,West,P-459,SKU-824,324.89,8.45,25.99,VIP,Credit Card
ORD-27719,CUST-11088,SESS-32719,CART-29719,2024-05-04,444.34,235.26,29.13,  electronics  ,5,Cancelled,Affiliate,East,P-229,SKU-4853,88.87,4.38,35.55,VIP,Crypto
ORD-27720,CUST-11089,SESS-32720,CART-29720,2024-11-05,22.94,9.15,37.08,Beauty,2,Pending,Affiliate,East,P-24,SKU-3933,11.47,17.49,1.83,VIP,Credit Card
ORD-27721,CUST-11089,SESS-32721,CART-29721,2025-06-21,382.41,121.93,34.13,Fashion,3,Completed,Social Media,North,P-906,SKU-2732,127.47,14.52,30.59,New,PayPal
ORD-27722,CUST-11089,SESS-32722,CART-29722,2024-02-18,483.57,201.88,21.28,Sports,3,Shipped,Mobile App,North,P-684,SKU-1464,161.19,5.09,38.69,New,Credit Card
ORD-27723,CUST-11090,SESS-32723,CART-29723,2025-01-13,390.73,122.59,24.12,Fashion,2,Pending,Social Media,East,P-41,SKU-4467,195.36,14.38,31.26,New,Crypto
ORD-27724,CUST-11090,SESS-32724,CART-29724,2026-01-15,13.86,7.64,48.70,Sports,1,Cancelled,Social Media,East,P-292,SKU-1710,13.86,9.53,1.11,VIP,Crypto
ORD-27725,CUST-11091,SESS-32725,CART-29725,2025-10-16,485.05,249.99,35.64,Fashion,1,Pending,Mobile App,International,P-525,SKU-3646,485.05,9.52,38.80,Returning,PayPal
ORD-27726,CUST-11091,SESS-32726,CART-29726,2024-08-29,348.04,111.43,31.39,Sports,5,Returned,Web,East,P-941,SKU-4909,69.61,10.41,27.84,Returning,Debit Card
ORD-27727,CUST-11091,SESS-32727,CART-29727,2025-02-08,373.38,181.93,11.20,Home,4,Cancelled,Social Media,East,P-895,SKU-3333,93.34,15.75,29.87,Returning,PayPal
ORD-27728,CUST-11092,SESS-32728,CART-29728,2023-01-24,271.30,87.15,32.82,Sports,5,Returned,Mobile App,East,P-765,SKU-1807,54.26,12.19,21.70,VIP,Debit Card
ORD-27729,CUST-11092,SESS-32729,CART-29729,2025-05-16,320.26,189.30,48.37,Fashion,5,Cancelled,Affiliate,International,P-21,SKU-957,64.05,18.15,25.62,Returning,Crypto
ORD-27730,CUST-11093,SESS-32730,CART-29730,2025-09-30,62.79,29.27,33.30,,4,Shipped,Affiliate,South,P-620,SKU-432,15.70,14.57,5.02,Returning,Crypto
ORD-27731,CUST-11093,SESS-32731,CART-29731,2023-12-04,146.67,63.81,49.32,Beauty,2,Cancelled,Web,North,P-58,SKU-4663,73.34,15.47,11.73,VIP,Debit Card
ORD-27732,CUST-11093,SESS-32732,CART-29732,2025-09-03,137.38,62.71,40.80,Beauty,2,Completed,Mobile App,North,P-204,SKU-3368,68.69,7.85,10.99,New,Crypto
ORD-27733,CUST-11094,SESS-32733,CART-29733,2023-06-05,175.92,81.20,8.22,Home,5,Cancelled,Mobile App,West,P-825,SKU-4873,35.18,17.71,14.07,Returning,PayPal
ORD-27734,CUST-11094,SESS-32734,CART-29734,2025-09-13,322.78,183.69,10.24,Sports,3,Returned,Affiliate,North,P-335,SKU-123,107.59,17.51,25.82,VIP,Crypto
ORD-27735,CUST-11095,SESS-32735,CART-29735,2023-10-30,446.09,161.34,28.93,Fashion,,Shipped,Social Media,West,P-463,SKU-1437,223.04,4.33,35.69,Returning,PayPal
ORD-27736,CUST-11095,SESS-32736,CART-29736,2026-01-15,142.30,80.45,11.15,Electronics,5,Completed,Affiliate,North,P-934,SKU-1251,28.46,19.20,11.38,VIP,Debit Card
ORD-27737,CUST-11095,SESS-32737,CART-29737,2025-10-18,441.40,139.17,47.75,Electronics,3,Shipped,Social Media,West,P-488,SKU-2602,147.13,10.09,35.31,Returning,PayPal
ORD-27738,CUST-11096,SESS-32738,CART-29738,2/11/2023,176.68,66.64,36.46,Electronics,3,Completed,Affiliate,South,P-415,SKU-3332,58.89,7.09,14.13,New,PayPal
ORD-27739,CUST-11096,SESS-32739,CART-29739,2025-02-09,302.69,173.71,34.68,Electronics,1,Shipped,Mobile App,North,P-162,SKU-1381,302.69,19.17,24.21,Returning,Debit Card
ORD-27740,CUST-11097,SESS-32740,CART-29740,2025-07-20,257.82,137.15,17.69,Beauty,1,Returned,Web,International,P-524,SKU-3210,257.82,0.16,20.63,VIP,PayPal
ORD-27741,CUST-11097,SESS-32741,CART-29741,2025-07-10,223.39,122.86,13.68,Electronics,4,Returned,Social Media,West,P-517,SKU-2854,55.85,10.71,17.87,Returning,PayPal
ORD-27742,CUST-11097,SESS-32742,CART-29742,2025-06-12,296.81,176.89,4.32,Home,1,Completed,Affiliate,West,P-94,SKU-3100,296.81,3.98,23.74,VIP,PayPal
ORD-27743,CUST-11098,SESS-32743,CART-29743,2024-06-16,98.12,42.21,37.67,Home,5,Shipped,Web,North,P-624,SKU-215,19.62,6.34,7.85,VIP,PayPal
ORD-27744,CUST-11098,SESS-32744,CART-29744,2024-05-04,192.41,92.97,34.90,Home,2,Returned,Social Media,International,P-549,SKU-3802,96.20,8.43,15.39,Returning,PayPal
ORD-27745,CUST-11099,SESS-32745,CART-29745,7/1/2025,103.82,54.04,2.33,Beauty,4,Completed,Affiliate,East,P-899,SKU-1790,25.96,8.83,8.31,VIP,Credit Card
ORD-27746,CUST-11099,SESS-32746,CART-29746,2024-05-02,497.72,157.33,47.14,Home,1,Completed,Web,International,P-873,SKU-1308,497.72,6.74,39.82,Returning,Crypto
ORD-27747,CUST-11099,SESS-32747,CART-29747,2024-11-27,310.03,121.64,25.43,Home,4,Shipped,Social Media,East,P-567,SKU-1663,77.51,16.33,24.80,New,PayPal
ORD-27748,CUST-11100,SESS-32748,CART-29748,2023-06-09,NULL,92.57,46.27,Sports,4,Pending,Web,North,P-249,SKU-783,51.61,6.34,16.52,Returning,Debit Card
ORD-27749,CUST-11100,SESS-32749,CART-29749,2024-01-16,393.43,172.02,43.44,Beauty,2,Returned,Web,South,P-572,SKU-2438,196.72,1.36,31.47,New,PayPal
ORD-27750,CUST-11101,SESS-32750,CART-29750,2024-04-01,189.23,106.15,18.55,Beauty,3,Returned,Social Media,West,P-56,SKU-4390,63.08,18.75,15.14,New,Debit Card
ORD-27751,CUST-11101,SESS-32751,CART-29751,2023-06-11,  240.28  ,126.24,24.63,Beauty,5,Returned,Mobile App,West,P-886,SKU-1385,48.06,17.98,19.22,Returning,Crypto
ORD-27752,CUST-11101,SESS-32752,CART-29752,2024-08-04,77.02,41.36,13.75,Beauty,1,Completed,Mobile App,South,P-332,SKU-2698,77.02,0.70,6.16,Returning,Debit Card
ORD-27753,CUST-11102,SESS-32753,CART-29753,2024-09-19,273.64,129.88,33.20,Home,2,Completed,Mobile App,International,P-126,SKU-4199,136.82,18.13,21.89,VIP,Debit Card
ORD-27754,CUST-11102,SESS-32754,CART-29754,4/26/2023,283.90,101.88,46.85,Fashion,5,Shipped,Social Media,North,P-226,SKU-3743,56.78,6.10,22.71,Returning,PayPal
ORD-27755,CUST-11103,SESS-32755,CART-29755,2025-12-11,343.66,135.29,4.53,Electronics,3,Cancelled,Web,International,P-780,SKU-1327,114.55,4.75,27.49,VIP,Credit Card
ORD-27756,CUST-11103,SESS-32756,CART-29756,2023-05-08,351.06,147.13,2.76,Electronics,2,Cancelled,Mobile App,East,P-408,SKU-2281,175.53,16.17,28.08,Returning,Crypto
ORD-27757,CUST-11103,SESS-32757,CART-29757,2024-05-12,87.87,32.48,45.02,Beauty,2,Shipped,Mobile App,South,P-393,SKU-3089,43.94,13.02,7.03,New,Crypto
ORD-27758,CUST-11104,SESS-32758,CART-29758,2024-12-10,115.65,42.41,21.48,Fashion,2,Completed,Web,South,P-333,SKU-4652,57.82,4.73,9.25,Returning,Crypto
ORD-27759,CUST-11104,SESS-32759,CART-29759,2024-10-19,80.77,39.59,21.40,Beauty,2,Pending,Mobile App,East,P-494,SKU-2321,40.38,4.21,6.46,VIP,Credit Card
ORD-27760,CUST-11105,SESS-32760,CART-29760,2023-04-11,411.93,148.23,1.20,Home,3,Shipped,Mobile App,International,P-904,SKU-1920,137.31,4.43,32.95,New,Crypto
ORD-27761,CUST-11105,SESS-32761,CART-29761,2025-10-27,58.11,26.99,46.97,Electronics,2,Completed,Social Media,International,P-97,SKU-1627,29.06,8.17,4.65,New,Credit Card
ORD-27762,CUST-11105,SESS-32762,CART-29762,2023-10-04,136.46,79.22,27.53,Electronics,NULL,Shipped,Mobile App,South,P-854,SKU-2418,34.11,8.41,10.92,VIP,Crypto
ORD-27763,CUST-11106,SESS-32763,CART-29763,2023-06-03,476.89,281.03,47.07,Electronics,4,Cancelled,Mobile App,International,P-795,SKU-323,119.22,2.10,38.15,New,Debit Card
ORD-27764,CUST-11106,SESS-32764,CART-29764,2025-08-13,158.65,82.58,25.04,Sports,3,Completed,Social Media,South,P-553,SKU-998,52.88,8.21,12.69,VIP,Debit Card
ORD-27765,CUST-11107,SESS-32765,CART-29765,2024-11-13,52.00,17.09,39.39,Electronics,1,Shipped,Social Media,East,P-192,SKU-417,52.00,3.01,4.16,Returning,Debit Card
ORD-27766,CUST-11107,SESS-32766,CART-29766,2025-11-11,372.67,170.30,44.51,Fashion,3,Returned,Affiliate,West,P-599,SKU-4504,124.22,7.81,29.81,Returning,Debit Card
ORD-27767,CUST-11107,SESS-32767,CART-29767,2024-03-03,487.67,248.83,32.38,Sports,3,Completed,Web,East,P-897,SKU-788,162.56,5.76,39.01,New,Debit Card
ORD-27768,CUST-11108,SESS-32768,CART-29768,2025-03-07,484.51,256.77,4.19,Beauty,4,Pending,Mobile App,International,P-564,SKU-4702,121.13,9.96,38.76,VIP,Credit Card
ORD-27769,CUST-11108,SESS-32769,CART-29769,2024-10-15,351.41,199.76,28.23,Electronics,4,Completed,Social Media,West,P-22,SKU-1877,87.85,16.51,28.11,Returning,Crypto
ORD-27770,CUST-11109,SESS-32770,CART-29770,2024-08-16,160.48,74.47,2.08,Beauty,4,Completed,Web,East,P-813,SKU-4296,40.12,18.98,12.84,VIP,Credit Card
ORD-27771,CUST-11109,SESS-32771,CART-29771,2024-05-11,457.51,179.27,0.35,Fashion,4,Cancelled,Affiliate,International,P-213,SKU-4974,114.38,2.77,36.60,New,Credit Card
ORD-27772,CUST-11109,SESS-32772,CART-29772,2023-02-07,325.15,107.27,5.08,Beauty,2,Shipped,Affiliate,South,P-894,SKU-3766,162.57,1.78,26.01,VIP,Debit Card
ORD-27773,CUST-11110,SESS-32773,CART-29773,2023-07-08,446.23,144.47,30.62,Sports,5,Cancelled,Mobile App,North,P-960,SKU-4844,89.25,0.19,35.70,Returning,Crypto
ORD-27774,CUST-11110,SESS-32774,CART-29774,2023-05-20,454.50,239.66,48.40,Electronics,1,Pending,Web,South,P-280,SKU-4038,454.50,4.84,36.36,VIP,Debit Card
ORD-27775,CUST-11111,SESS-32775,CART-29775,2025-03-12,307.48,174.60,1.64,Electronics,2,Pending,Mobile App,North,P-134,SKU-1616,153.74,11.62,24.60,VIP,PayPal
ORD-27776,CUST-11111,SESS-32776,CART-29776,2024-03-06,331.11,159.20,5.63,Sports,1,Completed,Mobile App,North,P-491,SKU-1156,331.11,1.96,26.49,VIP,PayPal
ORD-27777,CUST-11111,SESS-32777,CART-29777,2024-10-10,349.06,152.00,18.11,Sports,3,Returned,Web,North,P-13,SKU-2707,116.35,10.75,27.93,Returning,Credit Card
ORD-27778,CUST-11112,SESS-32778,CART-29778,2025-10-26,80.22,32.18,39.60,Sports,5,Returned,Affiliate,International,P-233,SKU-2957,16.04,14.18,6.42,VIP,Debit Card
ORD-27779,CUST-11112,SESS-32779,CART-29779,2026-02-23,56.58,31.64,33.51,Electronics,1,Cancelled,Affiliate,West,P-551,SKU-1865,56.58,0.91,4.53,Returning,Credit Card
ORD-27780,CUST-11113,SESS-32780,CART-29780,2024-11-20,474.92,196.97,9.75,Sports,5,Returned,Web,South,P-99,SKU-4725,94.98,1.71,37.99,VIP,PayPal
ORD-27781,CUST-11113,SESS-32781,CART-29781,2024-03-26,144.30,67.98,40.94,Fashion,4,Cancelled,Mobile App,International,P-548,SKU-1381,36.08,9.47,11.54,VIP,Crypto
ORD-27782,CUST-11113,SESS-32782,CART-29782,2025-09-22,300.59,174.57,39.04,Home,2,Pending,Mobile App,West,P-484,SKU-592,150.29,6.22,24.05,VIP,Debit Card
ORD-27783,CUST-11114,SESS-32783,CART-29783,2024-11-08,384.76,198.05,6.46,Electronics,2,Cancelled,Affiliate,North,P-13,SKU-4947,192.38,7.56,30.78,New,Debit Card
ORD-27784,CUST-11114,SESS-32784,CART-29784,1696267896908,445.81,175.22,30.43,Sports,3,Returned,Social Media,South,P-412,SKU-2351,148.60,1.59,35.66,Returning,Credit Card
ORD-27785,CUST-11115,SESS-32785,CART-29785,2025-12-23,294.36,160.53,27.84,Home,5,Pending,Web,South,P-32,SKU-939,58.87,2.08,23.55,Returning,Crypto
ORD-27786,CUST-11115,SESS-32786,CART-29786,1733663914532,20.00,9.34,1.25,Sports,4,Cancelled,Web,International,P-743,SKU-2385,5.00,4.47,1.60,VIP,PayPal
ORD-27787,CUST-11115,SESS-32787,CART-29787,2024-04-15,458.91,157.67,44.90,Electronics,3,Shipped,Web,West,P-271,SKU-1445,152.97,7.63,36.71,New,Credit Card
ORD-27788,CUST-11116,SESS-32788,CART-29788,2025-12-08,329.61,102.71,2.88,Sports,3,Returned,Social Media,East,P-463,SKU-2567,109.87,7.37,26.37,Returning,Debit Card
ORD-27789,CUST-11116,SESS-32789,CART-29789,2024-04-09,192.55,113.90,15.54,Electronics,5,Shipped,Affiliate,East,P-159,SKU-545,38.51,11.24,15.40,New,Crypto
ORD-27790,CUST-11117,SESS-32790,CART-29790,2025-03-01,52.76,30.48,11.21,Beauty,4,Shipped,Mobile App,South,P-812,SKU-3910,13.19,18.23,4.22,VIP,PayPal
ORD-27791,CUST-11117,SESS-32791,CART-29791,2025-09-15,402.85,157.42,9.72,Electronics,5,Shipped,Affiliate,South,P-795,SKU-2056,80.57,9.29,32.23,New,Crypto
ORD-27792,CUST-11117,SESS-32792,CART-29792,1723097974456,NULL,197.99,39.81,Sports,4,Completed,Social Media,North,P-236,SKU-1341,95.26,6.95,30.48,VIP,Crypto
ORD-27793,CUST-11118,SESS-32793,CART-29793,2025-10-22,370.25,140.99,13.22,  sports  ,2,Cancelled,Social Media,West,P-271,SKU-4881,185.12,12.54,29.62,New,Debit Card
ORD-27794,CUST-11118,SESS-32794,CART-29794,2024-07-27,479.52,233.57,33.49,Electronics,5,Shipped,Web,South,P-837,SKU-1965,95.90,3.52,38.36,Returning,Crypto
ORD-27795,CUST-11119,SESS-32795,CART-29795,2024-10-08,346.86,169.44,31.62,Fashion,1,Shipped,Web,International,P-236,SKU-1505,346.86,13.40,27.75,Returning,Debit Card
ORD-27796,CUST-11119,SESS-32796,CART-29796,2023-03-01,255.94,104.89,7.11,,5,Pending,Affiliate,East,P-718,SKU-294,51.19,14.79,20.48,New,Credit Card
ORD-27797,CUST-11119,SESS-32797,CART-29797,2023-09-29,306.21,96.94,38.69,Sports,5,Completed,Affiliate,West,P-145,SKU-4072,61.24,4.86,24.50,VIP,Debit Card
ORD-27798,CUST-11120,SESS-32798,CART-29798,2025-03-10,80.72,34.29,21.95,Fashion,1,Shipped,Affiliate,West,P-679,SKU-315,80.72,9.02,6.46,New,PayPal
ORD-27799,CUST-11120,SESS-32799,CART-29799,2024-01-13,26.51,9.16,19.86,Home,4,Pending,Mobile App,South,P-644,SKU-2030,6.63,2.46,2.12,New,Credit Card
ORD-27800,CUST-11121,SESS-32800,CART-29800,2024-08-16,414.55,226.59,28.83,Electronics,3,Shipped,Mobile App,East,P-750,SKU-1129,138.18,18.74,33.16,VIP,Debit Card
ORD-27801,CUST-11121,SESS-32801,CART-29801,2024-09-10,239.64,101.87,42.64,Fashion,3,Cancelled,Web,East,P-10,SKU-3528,79.88,17.80,19.17,New,PayPal
ORD-27802,CUST-11121,SESS-32802,CART-29802,2024-05-15,73.27,28.44,8.00,Fashion,3,Cancelled,Mobile App,West,P-213,SKU-4499,24.42,17.82,5.86,Returning,PayPal
ORD-27803,CUST-11122,SESS-32803,CART-29803,2023-08-07,493.89,220.69,3.11,Beauty,NULL,Completed,Social Media,West,P-229,SKU-1567,98.78,14.28,39.51,VIP,Debit Card
ORD-27804,CUST-11122,SESS-32804,CART-29804,2024-08-22,410.35,144.78,45.97,Home,1,Pending,Affiliate,West,P-897,SKU-3263,410.35,12.90,32.83,Returning,PayPal
ORD-27805,CUST-11123,SESS-32805,CART-29805,9/27/2023,377.87,123.37,45.62,Electronics,3,Cancelled,Affiliate,International,P-91,SKU-2901,125.96,3.52,30.23,VIP,Crypto
ORD-27806,CUST-11123,SESS-32806,CART-29806,2025-10-03,411.13,211.65,16.73,Fashion,3,Completed,Social Media,South,P-276,SKU-429,137.04,0.45,32.89,Returning,Crypto
ORD-27807,CUST-11123,SESS-32807,CART-29807,1699203802388,73.28,40.95,28.81,Sports,5,Cancelled,Mobile App,North,P-247,SKU-4108,14.66,16.49,5.86,VIP,Debit Card
ORD-27808,CUST-11124,SESS-32808,CART-29808,2024-11-10,34.54,18.84,13.13,Beauty,NULL,Shipped,Mobile App,South,P-830,SKU-2083,6.91,15.78,2.76,New,Credit Card
ORD-27809,CUST-11124,SESS-32809,CART-29809,2023-07-23,297.88,143.41,34.42,Beauty,3,Shipped,Social Media,South,P-263,SKU-3975,99.29,3.88,23.83,Returning,Crypto
ORD-27810,CUST-11125,SESS-32810,CART-29810,2026-02-05,114.94,68.77,15.36,Electronics,2,Pending,Affiliate,North,P-80,SKU-516,57.47,12.96,9.20,Returning,Credit Card
ORD-27811,CUST-11125,SESS-32811,CART-29811,2023-11-15,313.18,96.51,22.65,Sports,5,Returned,Mobile App,West,P-620,SKU-3625,62.64,6.28,25.05,New,Debit Card
ORD-27812,CUST-11125,SESS-32812,CART-29812,2025-01-05,28.44,16.24,43.72,Beauty,2,Cancelled,Web,West,P-963,SKU-349,14.22,19.86,2.27,New,Credit Card
ORD-27813,CUST-11126,SESS-32813,CART-29813,1/23/2023,321.30,181.63,43.49,,4,Cancelled,Affiliate,South,P-349,SKU-4738,80.32,10.29,25.70,New,Debit Card
ORD-27814,CUST-11126,SESS-32814,CART-29814,2023-08-05,248.42,135.93,30.10,Electronics,5,Shipped,Mobile App,International,P-573,SKU-2382,49.68,2.67,19.87,Returning,Debit Card
ORD-27815,CUST-11127,SESS-32815,CART-29815,2024-06-18,25.37,14.88,20.11,Electronics,,Cancelled,Mobile App,East,P-694,SKU-2495,25.37,6.55,2.03,New,Crypto
ORD-27816,CUST-11127,SESS-32816,CART-29816,2024-02-03,409.03,166.19,25.45,Beauty,1,Shipped,Social Media,East,P-117,SKU-4285,409.03,15.94,32.72,Returning,PayPal
ORD-27817,CUST-11127,SESS-32817,CART-29817,2023-07-22,338.75,172.08,1.82,Sports,1,Pending,Web,East,P-154,SKU-340,338.75,0.14,27.10,Returning,Debit Card
ORD-27818,CUST-11128,SESS-32818,CART-29818,2025-11-04,353.73,127.19,0.79,Sports,1,Pending,Mobile App,East,P-285,SKU-3921,353.73,3.06,28.30,Returning,Credit Card
ORD-27819,CUST-11128,SESS-32819,CART-29819,1704551026577,109.59,36.66,8.82,Sports,1,Shipped,Social Media,East,P-941,SKU-4324,109.59,11.95,8.77,New,Debit Card
ORD-27820,CUST-11129,SESS-32820,CART-29820,2025-03-08,378.53,205.01,27.53,Fashion,5,Cancelled,Affiliate,North,P-35,SKU-2245,75.71,9.88,30.28,VIP,Debit Card
ORD-27821,CUST-11129,SESS-32821,CART-29821,2025-03-30,139.87,75.68,22.43,Beauty,,Returned,Mobile App,West,P-524,SKU-3605,69.93,16.59,11.19,New,Crypto
ORD-27822,CUST-11129,SESS-32822,CART-29822,2024-02-25,370.89,148.16,36.83,Electronics,NULL,Cancelled,Social Media,International,P-743,SKU-2194,185.44,16.58,29.67,VIP,Crypto
ORD-27823,CUST-11130,SESS-32823,CART-29823,2023-07-11,370.98,175.04,42.93,Home,1,Returned,Social Media,North,P-680,SKU-4759,370.98,19.16,29.68,VIP,PayPal
ORD-27824,CUST-11130,SESS-32824,CART-29824,2023-08-18,176.79,72.60,29.97,Home,3,Pending,Social Media,North,P-996,SKU-1086,58.93,19.65,14.14,New,Credit Card
ORD-27825,CUST-11131,SESS-32825,CART-29825,2025-07-04,  15.86  ,8.29,38.14,Electronics,5,Completed,Mobile App,East,P-89,SKU-2282,3.17,10.52,1.27,Returning,Crypto
ORD-27826,CUST-11131,SESS-32826,CART-29826,2023-11-16,142.54,80.61,5.62,Home,1,Completed,Affiliate,International,P-229,SKU-3930,142.54,9.90,11.40,Returning,Crypto
ORD-27827,CUST-11131,SESS-32827,CART-29827,2023-05-22,452.72,176.15,18.53,Electronics,2,Cancelled,Social Media,South,P-159,SKU-1941,226.36,2.29,36.22,Returning,Crypto
ORD-27828,CUST-11132,SESS-32828,CART-29828,2023-02-06,278.48,143.25,48.20,Sports,4,Pending,Web,East,P-296,SKU-3525,69.62,18.32,22.28,VIP,Debit Card
ORD-27829,CUST-11132,SESS-32829,CART-29829,2025-02-12,286.10,123.07,12.32,Fashion,2,Pending,Affiliate,East,P-762,SKU-4609,143.05,18.50,22.89,VIP,Debit Card
ORD-27830,CUST-11133,SESS-32830,CART-29830,2024-10-11,489.26,165.28,27.26,Beauty,1,Pending,Mobile App,North,P-767,SKU-661,489.26,19.76,39.14,Returning,Crypto
ORD-27831,CUST-11133,SESS-32831,CART-29831,2025-05-06,88.13,30.66,43.65,Beauty,NULL,Returned,Affiliate,North,P-783,SKU-1921,17.63,7.88,7.05,New,Debit Card
ORD-27832,CUST-11133,SESS-32832,CART-29832,2025-05-25,393.15,172.98,23.43,Fashion,4,Pending,Mobile App,South,P-242,SKU-2899,98.29,7.92,31.45,VIP,Debit Card
ORD-27833,CUST-11134,SESS-32833,CART-29833,2024-08-13,169.26,84.46,0.68,Fashion,5,Shipped,Mobile App,West,P-106,SKU-3277,33.85,18.49,13.54,New,Debit Card
ORD-27834,CUST-11134,SESS-32834,CART-29834,2025-09-25,88.81,52.57,16.17,Beauty,1,Completed,Social Media,International,P-420,SKU-1745,88.81,10.82,7.10,Returning,Credit Card
ORD-27835,CUST-11135,SESS-32835,CART-29835,2025-02-14,80.69,32.15,6.16,Fashion,2,Cancelled,Affiliate,West,P-463,SKU-1126,40.34,8.25,6.45,VIP,PayPal
ORD-27836,CUST-11135,SESS-32836,CART-29836,2026-01-30,65.33,26.95,11.93,Electronics,5,Completed,Affiliate,International,P-281,SKU-1938,13.07,14.91,5.23,Returning,Debit Card
ORD-27837,CUST-11135,SESS-32837,CART-29837,2025-04-22,121.77,65.64,36.51,Sports,3,Pending,Mobile App,International,P-302,SKU-3029,40.59,17.90,9.74,VIP,PayPal
ORD-27838,CUST-11136,SESS-32838,CART-29838,2024-09-25,116.55,56.87,13.53,Beauty,5,Shipped,Mobile App,South,P-509,SKU-4731,23.31,11.58,9.32,VIP,PayPal
ORD-27839,CUST-11136,SESS-32839,CART-29839,2024-08-10,11.77,3.62,7.88,,3,Cancelled,Affiliate,West,P-994,SKU-1321,3.92,17.74,0.94,Returning,PayPal
ORD-27840,CUST-11137,SESS-32840,CART-29840,2025-05-27,429.40,187.30,19.63,Electronics,3,Returned,Web,West,P-735,SKU-4503,143.13,13.99,34.35,VIP,Crypto
ORD-27841,CUST-11137,SESS-32841,CART-29841,2024-04-19,62.87,34.10,32.67,Fashion,2,Shipped,Mobile App,North,P-368,SKU-548,31.44,2.39,5.03,New,PayPal
ORD-27842,CUST-11137,SESS-32842,CART-29842,2025-06-24,386.28,230.35,49.73,Sports,3,Shipped,Social Media,South,P-410,SKU-2131,128.76,1.92,30.90,Returning,Credit Card
ORD-27843,CUST-11138,SESS-32843,CART-29843,2025-09-21,483.70,156.01,16.19,Sports,1,Pending,Mobile App,International,P-457,SKU-305,483.70,0.85,38.70,Returning,Debit Card
ORD-27844,CUST-11138,SESS-32844,CART-29844,2024-11-11,299.03,121.39,14.03,Electronics,2,Pending,Affiliate,East,P-332,SKU-2222,149.51,19.10,23.92,New,Crypto
ORD-27845,CUST-11139,SESS-32845,CART-29845,2024-03-14,,56.79,32.60,Electronics,4,Cancelled,Affiliate,South,P-470,SKU-4391,39.93,19.33,12.78,VIP,Credit Card
ORD-27846,CUST-11139,SESS-32846,CART-29846,2025-01-03,15.12,8.72,47.83,Home,2,Pending,Affiliate,South,P-472,SKU-2482,7.56,2.50,1.21,VIP,Debit Card
ORD-27847,CUST-11139,SESS-32847,CART-29847,2025-07-29,152.49,59.04,46.42,Sports,3,Shipped,Mobile App,South,P-146,SKU-3440,50.83,4.42,12.20,New,PayPal
ORD-27848,CUST-11140,SESS-32848,CART-29848,2024-09-15,63.25,24.57,23.56,Fashion,4,Cancelled,Affiliate,International,P-138,SKU-2718,15.81,12.21,5.06,VIP,Crypto
ORD-27849,CUST-11140,SESS-32849,CART-29849,2024-04-08,86.66,48.96,0.88,Beauty,1,Shipped,Web,East,P-85,SKU-3895,86.66,10.20,6.93,Returning,PayPal
ORD-27850,CUST-11141,SESS-32850,CART-29850,2025-12-04,432.46,240.57,2.52,Beauty,4,Cancelled,Web,North,P-293,SKU-1281,108.12,6.83,34.60,New,Crypto
ORD-27851,CUST-11141,SESS-32851,CART-29851,2023-06-18,495.77,273.25,24.59,Beauty,5,Pending,Mobile App,South,P-243,SKU-254,99.15,7.50,39.66,Returning,Credit Card
ORD-27852,CUST-11141,SESS-32852,CART-29852,2025-08-28,413.78,127.90,22.52,Electronics,3,Shipped,Affiliate,International,P-607,SKU-492,137.93,7.74,33.10,VIP,PayPal
ORD-27853,CUST-11142,SESS-32853,CART-29853,2023-03-01,419.82,187.62,33.41,Fashion,2,Completed,Affiliate,South,P-566,SKU-1728,209.91,14.44,33.59,Returning,Debit Card
ORD-27854,CUST-11142,SESS-32854,CART-29854,2024-10-14,488.41,228.87,36.54,Fashion,3,Pending,Web,South,P-511,SKU-2472,162.80,12.35,39.07,VIP,Crypto
ORD-27855,CUST-11143,SESS-32855,CART-29855,2023-05-08,126.83,54.04,37.81,Home,3,Completed,Web,East,P-34,SKU-858,42.28,0.17,10.15,Returning,Crypto
ORD-27856,CUST-11143,SESS-32856,CART-29856,2025-05-24,271.81,156.29,28.06,Electronics,4,Pending,Affiliate,South,P-507,SKU-476,67.95,4.94,21.74,Returning,Debit Card
ORD-27857,CUST-11143,SESS-32857,CART-29857,2024-03-11,503.53,274.20,21.57,Electronics,4,Completed,Web,International,P-501,SKU-2334,125.88,14.16,40.28,Returning,Crypto
ORD-27858,CUST-11144,SESS-32858,CART-29858,2025-11-29,102.60,52.57,44.01,Home,5,Cancelled,Mobile App,South,P-690,SKU-930,20.52,7.84,8.21,VIP,Debit Card
ORD-27859,CUST-11144,SESS-32859,CART-29859,2025-01-03,467.09,223.94,4.66,,5,Completed,Web,East,P-144,SKU-1527,93.42,14.04,37.37,Returning,Crypto
ORD-27860,CUST-11145,SESS-32860,CART-29860,2023-08-20,466.88,195.62,41.05,Fashion,3,Pending,Mobile App,West,P-467,SKU-1597,155.63,14.50,37.35,Returning,Credit Card
ORD-27861,CUST-11145,SESS-32861,CART-29861,2024-07-18,102.29,32.40,27.65,Beauty,4,Returned,Mobile App,International,P-542,SKU-1519,25.57,3.76,8.18,New,PayPal
ORD-27862,CUST-11145,SESS-32862,CART-29862,2024-12-30,493.80,289.44,38.01,Electronics,4,Pending,Affiliate,South,P-326,SKU-3877,123.45,2.83,39.50,New,Credit Card
ORD-27863,CUST-11146,SESS-32863,CART-29863,2025-12-24,266.84,102.80,43.19,Fashion,1,Cancelled,Mobile App,International,P-414,SKU-3471,266.84,12.60,21.35,Returning,Debit Card
ORD-27864,CUST-11146,SESS-32864,CART-29864,1/17/2024,293.49,100.76,19.62,Home,2,Cancelled,Affiliate,South,P-292,SKU-438,146.74,1.39,23.48,New,Credit Card
ORD-27865,CUST-11147,SESS-32865,CART-29865,2023-07-10,,183.99,47.08,Home,3,Pending,Affiliate,International,P-653,SKU-3942,104.92,10.78,25.18,Returning,Credit Card
ORD-27866,CUST-11147,SESS-32866,CART-29866,2025-01-03,42.91,24.30,27.25,Electronics,3,Completed,Affiliate,International,P-468,SKU-3436,14.30,2.76,3.43,VIP,Crypto
ORD-27867,CUST-11147,SESS-32867,CART-29867,2024-05-09,438.29,220.44,42.68,Home,2,Returned,Social Media,South,P-184,SKU-2915,219.15,9.77,35.06,Returning,Debit Card
ORD-27868,CUST-11148,SESS-32868,CART-29868,2024-11-01,402.37,179.50,14.67,Electronics,2,Returned,Affiliate,North,P-259,SKU-3723,201.18,11.00,32.19,New,Crypto
ORD-27869,CUST-11148,SESS-32869,CART-29869,2025-12-29,379.00,217.41,44.35,Sports,2,Returned,Mobile App,West,P-530,SKU-2685,189.50,5.83,30.32,VIP,Credit Card
ORD-27870,CUST-11149,SESS-32870,CART-29870,2025-02-20,428.82,193.18,41.43,Home,5,Shipped,Web,International,P-542,SKU-399,85.76,0.60,34.31,New,Crypto
ORD-27871,CUST-11149,SESS-32871,CART-29871,2024-07-29,440.93,193.90,8.26,Sports,5,Cancelled,Mobile App,International,P-722,SKU-3951,88.19,19.95,35.27,Returning,Credit Card
ORD-27872,CUST-11149,SESS-32872,CART-29872,2025-05-21,461.19,140.75,7.50,Fashion,3,Cancelled,Affiliate,West,P-113,SKU-56,153.73,12.10,36.90,Returning,Credit Card
ORD-27873,CUST-11150,SESS-32873,CART-29873,2024-03-09,187.66,62.11,37.73,Home,3,Shipped,Mobile App,West,P-850,SKU-1163,62.55,0.59,15.01,Returning,Debit Card
ORD-27874,CUST-11150,SESS-32874,CART-29874,2026-01-14,  22.67  ,10.26,9.66,Electronics,4,Completed,Affiliate,South,P-361,SKU-1320,5.67,11.77,1.81,VIP,Crypto
ORD-27875,CUST-11151,SESS-32875,CART-29875,2025-06-07,33.32,11.97,0.33,Fashion,1,Returned,Web,International,P-22,SKU-4663,33.32,8.00,2.67,VIP,Crypto
ORD-27876,CUST-11151,SESS-32876,CART-29876,2024-01-17,492.20,182.24,33.46,Home,3,Pending,Affiliate,East,P-115,SKU-3458,164.07,8.14,39.38,Returning,Debit Card
ORD-27877,CUST-11151,SESS-32877,CART-29877,2025-06-29,428.60,232.27,46.20,Sports,5,Completed,Affiliate,North,P-191,SKU-2068,85.72,11.46,34.29,New,PayPal
ORD-27878,CUST-11152,SESS-32878,CART-29878,2024-09-03,482.55,279.54,22.20,Sports,4,Completed,Mobile App,International,P-385,SKU-3987,120.64,14.83,38.60,VIP,PayPal
ORD-27879,CUST-11152,SESS-32879,CART-29879,2023-03-17,320.42,141.87,13.02,Home,2,Shipped,Mobile App,West,P-193,SKU-3036,160.21,6.41,25.63,New,Crypto
ORD-27880,CUST-11153,SESS-32880,CART-29880,1735900006311,  13.43  ,4.69,9.47,Home,2,Pending,Social Media,South,P-936,SKU-2675,6.72,5.06,1.07,Returning,Crypto
ORD-27881,CUST-11153,SESS-32881,CART-29881,2025-01-22,44.76,20.46,26.68,Fashion,5,Returned,Affiliate,North,P-670,SKU-478,8.95,19.50,3.58,VIP,Debit Card
ORD-27882,CUST-11153,SESS-32882,CART-29882,2025-09-26,410.43,194.49,24.93,Electronics,1,Returned,Affiliate,South,P-127,SKU-2820,410.43,11.20,32.83,New,Credit Card
ORD-27883,CUST-11154,SESS-32883,CART-29883,2025-05-23,447.81,192.95,0.81,,3,Shipped,Affiliate,East,P-726,SKU-3173,149.27,2.35,35.83,VIP,Crypto
ORD-27884,CUST-11154,SESS-32884,CART-29884,2025-04-09,329.04,110.32,49.53,Fashion,4,Cancelled,Web,International,P-417,SKU-4905,82.26,9.57,26.32,VIP,Credit Card
ORD-27885,CUST-11155,SESS-32885,CART-29885,2024-03-13,241.20,124.54,42.64,Sports,3,Completed,Mobile App,International,P-842,SKU-3345,80.40,9.67,19.30,Returning,Crypto
ORD-27886,CUST-11155,SESS-32886,CART-29886,9/28/2024,133.79,59.59,46.18,Fashion,2,Returned,Web,North,P-489,SKU-3923,66.89,8.29,10.70,New,Debit Card
ORD-27887,CUST-11155,SESS-32887,CART-29887,2025-11-22,287.07,165.91,44.28,Sports,2,Completed,Mobile App,International,P-957,SKU-1654,143.54,16.00,22.97,VIP,PayPal
ORD-27888,CUST-11156,SESS-32888,CART-29888,2024-04-01,111.76,35.68,26.57,Beauty,1,Pending,Social Media,East,P-794,SKU-4032,111.76,6.48,8.94,Returning,Crypto
ORD-27889,CUST-11156,SESS-32889,CART-29889,2025-06-18,122.35,71.82,48.14,Fashion,1,Completed,Mobile App,International,P-406,SKU-1832,122.35,5.95,9.79,Returning,Crypto
ORD-27890,CUST-11157,SESS-32890,CART-29890,7/30/2024,379.24,150.34,45.38,Fashion,1,Cancelled,Social Media,North,P-938,SKU-1472,379.24,5.33,30.34,New,Credit Card
ORD-27891,CUST-11157,SESS-32891,CART-29891,2024-02-20,469.19,217.64,39.70,Electronics,5,Returned,Mobile App,South,P-986,SKU-1069,93.84,17.81,37.54,VIP,PayPal
ORD-27892,CUST-11157,SESS-32892,CART-29892,2024-04-19,114.67,64.69,41.30,Beauty,3,Cancelled,Mobile App,East,P-8,SKU-2823,38.22,6.10,9.17,New,Debit Card
ORD-27893,CUST-11158,SESS-32893,CART-29893,2024-03-12,410.57,223.88,32.90,Fashion,5,Pending,Web,South,P-750,SKU-3725,82.11,5.02,32.85,Returning,Debit Card
ORD-27894,CUST-11158,SESS-32894,CART-29894,2023-05-16,32.41,18.75,41.23,Home,5,Returned,Mobile App,North,P-276,SKU-1214,6.48,3.08,2.59,Returning,Crypto
ORD-27895,CUST-11159,SESS-32895,CART-29895,2023-10-30,319.54,176.12,17.02,Electronics,4,Shipped,Affiliate,North,P-694,SKU-1848,79.88,6.39,25.56,Returning,Crypto
ORD-27896,CUST-11159,SESS-32896,CART-29896,2023-06-26,327.76,104.29,30.17,Electronics,2,Cancelled,Web,International,P-121,SKU-2969,163.88,8.06,26.22,Returning,Credit Card
ORD-27897,CUST-11159,SESS-32897,CART-29897,2023-10-05,15.90,5.76,14.89,Fashion,3,Returned,Social Media,International,P-836,SKU-549,5.30,8.76,1.27,VIP,PayPal
ORD-27898,CUST-11160,SESS-32898,CART-29898,6/25/2023,340.55,197.12,20.53,Fashion,3,Returned,Mobile App,North,P-899,SKU-176,113.52,15.89,27.24,Returning,Credit Card
ORD-27899,CUST-11160,SESS-32899,CART-29899,2025-04-15,NULL,116.78,37.96,Fashion,4,Cancelled,Mobile App,North,P-915,SKU-3498,79.15,10.98,25.33,Returning,Debit Card
ORD-27900,CUST-11161,SESS-32900,CART-29900,1761195261369,326.44,189.52,3.50,Home,5,Returned,Affiliate,International,P-740,SKU-1245,65.29,3.12,26.12,New,PayPal
ORD-27901,CUST-11161,SESS-32901,CART-29901,2025-09-03,443.22,185.35,21.82,Fashion,4,Pending,Web,South,P-284,SKU-2659,110.81,8.50,35.46,Returning,Crypto
ORD-27902,CUST-11161,SESS-32902,CART-29902,2023-03-29,142.71,82.20,10.28,Sports,1,Shipped,Affiliate,North,P-206,SKU-4579,142.71,2.86,11.42,VIP,Crypto
ORD-27903,CUST-11162,SESS-32903,CART-29903,2024-04-16,454.29,156.00,19.22,Sports,4,Pending,Social Media,East,P-105,SKU-2827,113.57,2.03,36.34,New,Debit Card
ORD-27904,CUST-11162,SESS-32904,CART-29904,2024-08-21,26.04,9.14,6.61,Home,2,Cancelled,Affiliate,West,P-909,SKU-2899,13.02,11.99,2.08,Returning,Credit Card
ORD-27905,CUST-11163,SESS-32905,CART-29905,2023-01-18,139.43,78.62,0.47,Fashion,4,Returned,Web,East,P-425,SKU-3985,34.86,15.34,11.15,VIP,Debit Card
ORD-27906,CUST-11163,SESS-32906,CART-29906,2023-05-21,244.16,111.63,43.67,Sports,4,Pending,Mobile App,West,P-822,SKU-1926,61.04,8.91,19.53,Returning,Debit Card
ORD-27907,CUST-11163,SESS-32907,CART-29907,2023-10-23,447.11,263.24,41.33,Sports,3,Shipped,Mobile App,North,P-688,SKU-3674,149.04,9.21,35.77,New,PayPal
ORD-27908,CUST-11164,SESS-32908,CART-29908,2025-07-27,430.20,230.76,25.16,Electronics,5,Pending,Mobile App,West,P-730,SKU-4858,86.04,13.12,34.42,New,Debit Card
ORD-27909,CUST-11164,SESS-32909,CART-29909,2025-02-21,,107.21,31.30,Beauty,2,Pending,Web,East,P-410,SKU-1933,107.15,1.96,17.14,New,Debit Card
ORD-27910,CUST-11165,SESS-32910,CART-29910,2025-11-14,312.28,113.74,19.41,Beauty,1,Pending,Social Media,South,P-908,SKU-152,312.28,6.22,24.98,New,PayPal
ORD-27911,CUST-11165,SESS-32911,CART-29911,2025-03-07,NULL,65.41,5.09,Beauty,5,Returned,Social Media,International,P-631,SKU-1151,37.17,7.62,14.87,VIP,Crypto
ORD-27912,CUST-11165,SESS-32912,CART-29912,2025-01-28,309.12,104.73,3.29,Fashion,2,Returned,Mobile App,East,P-843,SKU-4840,154.56,15.90,24.73,New,Crypto
ORD-27913,CUST-11166,SESS-32913,CART-29913,2023-04-10,265.32,103.77,45.98,Electronics,2,Pending,Social Media,East,P-675,SKU-2803,132.66,5.65,21.23,New,Crypto
ORD-27914,CUST-11166,SESS-32914,CART-29914,2024-04-22,,71.04,11.21,Electronics,5,Completed,Mobile App,South,P-335,SKU-3574,26.01,8.22,10.40,Returning,Crypto
ORD-27915,CUST-11167,SESS-32915,CART-29915,2025-04-23,138.06,80.75,9.68,Fashion,1,Pending,Social Media,North,P-75,SKU-4023,138.06,12.42,11.04,VIP,PayPal
ORD-27916,CUST-11167,SESS-32916,CART-29916,2025-11-29,283.89,143.43,44.62,Home,2,Pending,Social Media,South,P-265,SKU-1263,141.95,16.30,22.71,New,Debit Card
ORD-27917,CUST-11167,SESS-32917,CART-29917,2023-02-08,473.29,167.10,8.96,Electronics,2,Cancelled,Affiliate,International,P-619,SKU-849,236.64,19.48,37.86,VIP,Crypto
ORD-27918,CUST-11168,SESS-32918,CART-29918,2024-12-06,423.57,242.37,47.51,Home,2,Pending,Web,East,P-177,SKU-4422,211.78,1.62,33.89,New,Credit Card
ORD-27919,CUST-11168,SESS-32919,CART-29919,1752198075045,394.73,191.96,40.53,Electronics,3,Shipped,Mobile App,West,P-702,SKU-4455,131.58,0.85,31.58,New,Credit Card
ORD-27920,CUST-11169,SESS-32920,CART-29920,2023-08-16,289.81,155.49,10.10,Home,4,Pending,Web,East,P-338,SKU-3251,72.45,7.42,23.18,New,PayPal
ORD-27921,CUST-11169,SESS-32921,CART-29921,2023-02-18,496.70,213.61,5.63,Home,3,Completed,Social Media,East,P-615,SKU-4592,165.57,2.92,39.74,New,Debit Card
ORD-27922,CUST-11169,SESS-32922,CART-29922,2023-06-09,288.14,139.11,26.84,Beauty,3,Completed,Social Media,South,P-105,SKU-305,96.05,19.88,23.05,VIP,Crypto
ORD-27923,CUST-11170,SESS-32923,CART-29923,2025-12-08,354.95,111.46,37.80,Sports,4,Pending,Web,North,P-776,SKU-1131,88.74,12.24,28.40,Returning,Crypto
ORD-27924,CUST-11170,SESS-32924,CART-29924,2024-02-15,23.98,13.84,16.16,Beauty,4,Completed,Mobile App,North,P-59,SKU-3347,5.99,1.60,1.92,New,Debit Card
ORD-27925,CUST-11171,SESS-32925,CART-29925,2024-01-24,130.17,66.74,47.72,Home,4,Completed,Social Media,West,P-85,SKU-2485,32.54,3.28,10.41,Returning,Credit Card
ORD-27926,CUST-11171,SESS-32926,CART-29926,2024-01-11,191.19,72.01,23.90,Beauty,2,Cancelled,Web,International,P-747,SKU-1849,95.60,8.33,15.30,Returning,Credit Card
ORD-27927,CUST-11171,SESS-32927,CART-29927,2024-02-11,NULL,211.67,5.06,Fashion,2,Returned,Social Media,North,P-323,SKU-3002,216.89,17.14,34.70,Returning,Debit Card
ORD-27928,CUST-11172,SESS-32928,CART-29928,2025-12-15,180.25,58.44,41.55,Electronics,4,Shipped,Affiliate,West,P-515,SKU-265,45.06,2.12,14.42,New,Credit Card
ORD-27929,CUST-11172,SESS-32929,CART-29929,1/16/2026,NULL,100.11,33.30,Beauty,2,Completed,Social Media,East,P-51,SKU-4058,164.65,5.59,26.34,Returning,Credit Card
ORD-27930,CUST-11173,SESS-32930,CART-29930,2025-01-16,12.55,5.76,2.77,Sports,1,Pending,Mobile App,South,P-942,SKU-1510,12.55,4.35,1.00,Returning,PayPal
ORD-27931,CUST-11173,SESS-32931,CART-29931,2025-10-17,334.78,177.68,45.67,Beauty,4,Shipped,Mobile App,South,P-952,SKU-4937,83.69,4.71,26.78,New,Crypto
ORD-27932,CUST-11173,SESS-32932,CART-29932,2023-06-25,73.01,31.83,20.56,Electronics,5,Pending,Mobile App,North,P-754,SKU-1832,14.60,11.72,5.84,Returning,Crypto
ORD-27933,CUST-11174,SESS-32933,CART-29933,2024-09-06,135.28,47.96,27.02,Sports,4,Pending,Affiliate,South,P-24,SKU-4432,33.82,17.38,10.82,VIP,Crypto
ORD-27934,CUST-11174,SESS-32934,CART-29934,2025-12-21,504.48,264.44,27.37,NULL,1,Pending,Affiliate,West,P-241,SKU-1429,504.48,11.22,40.36,Returning,PayPal
ORD-27935,CUST-11175,SESS-32935,CART-29935,2024-08-04,254.61,150.11,39.59,Fashion,5,Pending,Web,East,P-493,SKU-4042,50.92,9.99,20.37,Returning,Credit Card
ORD-27936,CUST-11175,SESS-32936,CART-29936,2024-01-12,291.20,115.28,41.00,Fashion,1,Cancelled,Social Media,East,P-31,SKU-2996,291.20,18.06,23.30,VIP,Crypto
ORD-27937,CUST-11175,SESS-32937,CART-29937,2024-05-08,457.44,249.73,0.00,Electronics,2,Cancelled,Affiliate,West,P-728,SKU-1873,228.72,8.33,36.60,VIP,PayPal
ORD-27938,CUST-11176,SESS-32938,CART-29938,2024-07-22,328.00,101.90,38.82,Electronics,4,Completed,Affiliate,East,P-312,SKU-1363,82.00,18.10,26.24,New,Credit Card
ORD-27939,CUST-11176,SESS-32939,CART-29939,2024-05-25,218.06,97.72,14.77,Fashion,5,Cancelled,Mobile App,International,P-880,SKU-849,43.61,9.33,17.44,VIP,Credit Card
ORD-27940,CUST-11177,SESS-32940,CART-29940,2023-05-10,141.89,49.88,41.62,Beauty,2,Returned,Mobile App,East,P-213,SKU-1290,70.94,10.52,11.35,Returning,PayPal
ORD-27941,CUST-11177,SESS-32941,CART-29941,2023-10-12,190.81,90.25,47.53,Fashion,5,Returned,Mobile App,East,P-282,SKU-55,38.16,6.86,15.26,Returning,Credit Card
ORD-27942,CUST-11177,SESS-32942,CART-29942,2025-07-21,504.96,163.30,45.25,Fashion,5,Shipped,Social Media,North,P-910,SKU-4097,100.99,8.59,40.40,New,Crypto
ORD-27943,CUST-11178,SESS-32943,CART-29943,2025-05-18,127.98,57.06,36.12,Sports,2,Pending,Mobile App,West,P-732,SKU-4758,63.99,5.83,10.24,New,PayPal
ORD-27944,CUST-11178,SESS-32944,CART-29944,2026-02-11,349.28,186.91,30.85,Electronics,2,Completed,Mobile App,West,P-65,SKU-608,174.64,8.58,27.94,New,Crypto
ORD-27945,CUST-11179,SESS-32945,CART-29945,2023-04-17,379.89,218.22,44.01,NULL,1,Completed,Web,South,P-524,SKU-4780,379.89,10.96,30.39,New,PayPal
ORD-27946,CUST-11179,SESS-32946,CART-29946,2025-08-08,428.74,137.49,27.25,Electronics,2,Cancelled,Web,North,P-525,SKU-1198,214.37,2.11,34.30,New,PayPal
ORD-27947,CUST-11179,SESS-32947,CART-29947,2025-04-01,237.73,90.16,2.10,Home,2,Pending,Social Media,East,P-837,SKU-2591,118.86,4.35,19.02,Returning,Credit Card
ORD-27948,CUST-11180,SESS-32948,CART-29948,2023-02-22,260.45,104.94,44.09,Home,2,Cancelled,Mobile App,South,P-793,SKU-2102,130.23,16.19,20.84,New,Debit Card
ORD-27949,CUST-11180,SESS-32949,CART-29949,2025-02-10,193.89,75.17,12.86,Fashion,4,Returned,Affiliate,East,P-283,SKU-3679,48.47,19.31,15.51,Returning,Crypto
ORD-27950,CUST-11181,SESS-32950,CART-29950,2024-01-18,494.25,269.66,30.09,Home,4,Returned,Affiliate,North,P-472,SKU-1105,123.56,0.28,39.54,New,Debit Card
ORD-27951,CUST-11181,SESS-32951,CART-29951,2026-02-27,336.13,144.40,47.43,  beauty  ,1,Cancelled,Affiliate,West,P-369,SKU-3413,336.13,2.62,26.89,VIP,Crypto
ORD-27952,CUST-11181,SESS-32952,CART-29952,2024-08-14,386.71,187.42,10.45,Home,2,Pending,Social Media,International,P-469,SKU-3562,193.35,0.18,30.94,VIP,Credit Card
ORD-27953,CUST-11182,SESS-32953,CART-29953,2024-09-13,377.68,186.94,10.86,Beauty,2,Shipped,Affiliate,North,P-91,SKU-3494,188.84,11.64,30.21,VIP,Credit Card
ORD-27954,CUST-11182,SESS-32954,CART-29954,1730981015495,423.27,167.08,12.14,Electronics,3,Completed,Web,West,P-642,SKU-3626,141.09,19.86,33.86,VIP,Credit Card
ORD-27955,CUST-11183,SESS-32955,CART-29955,2024-03-30,370.61,212.27,30.62,Electronics,5,Completed,Web,South,P-773,SKU-4295,74.12,19.56,29.65,New,PayPal
ORD-27956,CUST-11183,SESS-32956,CART-29956,2023-01-06,175.06,87.52,49.57,Beauty,2,Pending,Affiliate,North,P-350,SKU-1484,87.53,6.35,14.00,Returning,Debit Card
ORD-27957,CUST-11183,SESS-32957,CART-29957,2024-05-27,277.94,119.57,48.98,Sports,1,Shipped,Mobile App,South,P-275,SKU-3816,277.94,7.97,22.24,New,Crypto
ORD-27958,CUST-11184,SESS-32958,CART-29958,2024-07-06,95.39,47.57,43.67,Home,2,Pending,Mobile App,International,P-792,SKU-3102,47.70,10.40,7.63,New,PayPal
ORD-27959,CUST-11184,SESS-32959,CART-29959,2024-08-16,363.54,200.04,26.88,Electronics,1,Returned,Social Media,South,P-291,SKU-3203,363.54,19.19,29.08,New,Crypto
ORD-27960,CUST-11185,SESS-32960,CART-29960,3/7/2023,329.70,125.38,9.39,Fashion,3,Cancelled,Web,North,P-144,SKU-2138,109.90,3.73,26.38,VIP,PayPal
ORD-27961,CUST-11185,SESS-32961,CART-29961,2023-10-13,421.53,191.69,20.29,Sports,3,Shipped,Mobile App,North,P-245,SKU-1581,140.51,9.34,33.72,New,Crypto
ORD-27962,CUST-11185,SESS-32962,CART-29962,2024-10-15,161.47,70.60,19.72,Sports,2,Shipped,Affiliate,West,P-971,SKU-4613,80.73,4.07,12.92,Returning,Credit Card
ORD-27963,CUST-11186,SESS-32963,CART-29963,2023-08-24,361.92,211.64,1.33,Sports,3,Shipped,Web,South,P-548,SKU-1726,120.64,19.29,28.95,New,Crypto
ORD-27964,CUST-11186,SESS-32964,CART-29964,2024-01-26,199.92,100.16,36.72,  electronics  ,5,Completed,Affiliate,West,P-989,SKU-1971,39.98,6.19,15.99,Returning,PayPal
ORD-27965,CUST-11187,SESS-32965,CART-29965,2024-03-11,,68.18,16.94,Home,2,Cancelled,Social Media,North,P-26,SKU-684,93.46,13.38,14.95,VIP,Debit Card
ORD-27966,CUST-11187,SESS-32966,CART-29966,2025-10-14,196.83,102.86,20.75,Electronics,5,Pending,Affiliate,International,P-247,SKU-3863,39.37,1.97,15.75,VIP,Crypto
ORD-27967,CUST-11187,SESS-32967,CART-29967,2024-04-14,217.68,129.11,18.21,Home,,Completed,Affiliate,West,P-897,SKU-74,217.68,2.31,17.41,Returning,Crypto
ORD-27968,CUST-11188,SESS-32968,CART-29968,2025-06-29,47.28,25.41,8.94,Beauty,2,Pending,Affiliate,International,P-716,SKU-688,23.64,3.94,3.78,Returning,Debit Card
ORD-27969,CUST-11188,SESS-32969,CART-29969,2025-07-20,241.12,137.10,27.15,  sports  ,2,Shipped,Social Media,West,P-282,SKU-2513,120.56,9.97,19.29,New,Crypto
ORD-27970,CUST-11189,SESS-32970,CART-29970,2024-09-29,189.44,75.88,49.95,Sports,2,Pending,Web,International,P-211,SKU-151,94.72,8.19,15.16,New,Debit Card
ORD-27971,CUST-11189,SESS-32971,CART-29971,2023-08-06,NULL,79.10,31.14,Beauty,2,Shipped,Affiliate,International,P-694,SKU-4058,104.26,6.74,16.68,VIP,Crypto
ORD-27972,CUST-11189,SESS-32972,CART-29972,2024-12-27,105.02,33.17,43.53,Sports,2,Returned,Social Media,South,P-232,SKU-390,52.51,7.00,8.40,VIP,Credit Card
ORD-27973,CUST-11190,SESS-32973,CART-29973,2025-11-21,273.10,157.48,40.09,Fashion,3,Pending,Mobile App,South,P-631,SKU-3411,91.03,0.49,21.85,Returning,Crypto
ORD-27974,CUST-11190,SESS-32974,CART-29974,2025-11-10,82.14,47.61,25.91,Fashion,3,Returned,Web,South,P-673,SKU-2907,27.38,4.98,6.57,VIP,Credit Card
ORD-27975,CUST-11191,SESS-32975,CART-29975,2024-07-18,205.14,89.74,1.89,Fashion,4,Pending,Web,South,P-997,SKU-1566,51.29,6.96,16.41,Returning,PayPal
ORD-27976,CUST-11191,SESS-32976,CART-29976,2024-10-29,14.84,5.36,47.19,Home,2,Cancelled,Affiliate,International,P-662,SKU-104,7.42,3.32,1.19,Returning,PayPal
ORD-27977,CUST-11191,SESS-32977,CART-29977,2025-11-20,331.17,137.13,12.58,Beauty,4,Returned,Affiliate,West,P-381,SKU-2965,82.79,2.89,26.49,New,PayPal
ORD-27978,CUST-11192,SESS-32978,CART-29978,2025-02-16,405.20,146.09,34.91,Home,1,Completed,Social Media,West,P-683,SKU-438,405.20,7.17,32.42,Returning,PayPal
ORD-27979,CUST-11192,SESS-32979,CART-29979,2023-12-30,241.99,100.18,35.34,Electronics,3,Completed,Web,South,P-849,SKU-4174,80.66,18.53,19.36,VIP,Credit Card
ORD-27980,CUST-11193,SESS-32980,CART-29980,1753350306904,261.61,133.18,0.16,Electronics,2,Returned,Affiliate,North,P-563,SKU-1016,130.80,4.50,20.93,Returning,Debit Card
ORD-27981,CUST-11193,SESS-32981,CART-29981,2024-07-04,104.55,60.39,46.58,Beauty,1,Cancelled,Social Media,North,P-486,SKU-14,104.55,9.60,8.36,Returning,Crypto
ORD-27982,CUST-11193,SESS-32982,CART-29982,2025-02-17,349.23,145.05,19.35,Home,1,Pending,Social Media,International,P-209,SKU-3458,349.23,15.26,27.94,VIP,Crypto
ORD-27983,CUST-11194,SESS-32983,CART-29983,2024-03-06,357.08,195.62,8.07,Fashion,2,Pending,Mobile App,North,P-572,SKU-940,178.54,16.38,28.57,New,Credit Card
ORD-27984,CUST-11194,SESS-32984,CART-29984,2025-11-17,13.60,7.17,38.73,Electronics,3,Completed,Web,North,P-524,SKU-1068,4.53,7.16,1.09,Returning,Debit Card
ORD-27985,CUST-11195,SESS-32985,CART-29985,2024-09-16,264.98,152.33,40.22,Home,,Shipped,Social Media,North,P-141,SKU-545,132.49,18.50,21.20,VIP,Crypto
ORD-27986,CUST-11195,SESS-32986,CART-29986,2025-07-25,  393.31  ,191.87,18.02,Electronics,3,Pending,Social Media,International,P-707,SKU-3477,131.10,3.30,31.46,VIP,Debit Card
ORD-27987,CUST-11195,SESS-32987,CART-29987,2023-06-20,123.06,59.64,12.15,Home,1,Cancelled,Affiliate,International,P-899,SKU-3226,123.06,13.93,9.84,New,Credit Card
ORD-27988,CUST-11196,SESS-32988,CART-29988,2025-12-01,121.15,55.14,42.61,Electronics,5,Cancelled,Mobile App,West,P-648,SKU-2653,24.23,15.02,9.69,VIP,Debit Card
ORD-27989,CUST-11196,SESS-32989,CART-29989,2023-11-27,385.58,160.11,42.03,Home,5,Completed,Mobile App,East,P-576,SKU-4758,77.12,17.98,30.85,VIP,Credit Card
ORD-27990,CUST-11197,SESS-32990,CART-29990,2025-09-15,49.77,17.34,20.03,Sports,5,Returned,Social Media,East,P-199,SKU-3008,9.95,11.20,3.98,VIP,Crypto
ORD-27991,CUST-11197,SESS-32991,CART-29991,2024-01-17,460.99,265.18,43.73,Fashion,3,Returned,Social Media,West,P-563,SKU-2700,153.66,11.08,36.88,New,Debit Card
ORD-27992,CUST-11197,SESS-32992,CART-29992,2023-09-11,171.16,74.54,6.83,Sports,1,Pending,Social Media,International,P-156,SKU-2668,171.16,3.21,13.69,VIP,PayPal
ORD-27993,CUST-11198,SESS-32993,CART-29993,2026-01-13,NULL,201.50,16.15,Home,5,Pending,Social Media,South,P-912,SKU-1329,96.02,0.40,38.41,VIP,Credit Card
ORD-27994,CUST-11198,SESS-32994,CART-29994,2023-07-07,26.53,14.97,29.92,Electronics,5,Cancelled,Social Media,International,P-815,SKU-1755,5.31,17.92,2.12,VIP,Crypto
ORD-27995,CUST-11199,SESS-32995,CART-29995,2023-07-06,185.44,96.13,41.64,Fashion,4,Pending,Affiliate,East,P-906,SKU-3264,46.36,3.55,14.84,VIP,Debit Card
ORD-27996,CUST-11199,SESS-32996,CART-29996,2024-12-29,178.66,106.80,8.86,Home,1,Cancelled,Web,North,P-837,SKU-4270,178.66,11.98,14.29,VIP,PayPal
ORD-27997,CUST-11199,SESS-32997,CART-29997,2024-12-03,418.65,209.45,22.80,Beauty,1,Returned,Affiliate,West,P-969,SKU-3429,418.65,7.35,33.49,New,Debit Card
ORD-27998,CUST-11200,SESS-32998,CART-29998,2024-06-07,474.15,189.24,46.57,Fashion,5,Returned,Web,West,P-189,SKU-4884,94.83,9.23,37.93,New,Debit Card
ORD-27999,CUST-11200,SESS-32999,CART-29999,2024-06-26,432.61,153.87,15.62,Beauty,4,Returned,Social Media,East,P-743,SKU-2142,108.15,0.65,34.61,Returning,PayPal
ORD-28000,CUST-11201,SESS-33000,CART-30000,2024-07-03,,153.53,22.40,Electronics,2,Cancelled,Mobile App,East,P-892,SKU-354,169.67,1.64,27.15,New,PayPal
ORD-28001,CUST-11201,SESS-33001,CART-30001,2025-02-05,454.56,193.98,29.23,Beauty,4,Returned,Social Media,East,P-984,SKU-733,113.64,11.23,36.37,Returning,Debit Card
ORD-28002,CUST-11201,SESS-33002,CART-30002,2026-01-09,313.01,96.51,19.90,Beauty,5,Cancelled,Affiliate,International,P-3,SKU-496,62.60,3.04,25.04,New,Crypto
ORD-28003,CUST-11202,SESS-33003,CART-30003,2024-01-10,83.83,45.56,26.93,Home,2,Cancelled,Affiliate,West,P-904,SKU-1108,41.91,11.19,6.71,Returning,Debit Card
ORD-28004,CUST-11202,SESS-33004,CART-30004,2025-04-19,202.18,107.04,27.35,Fashion,5,Pending,Web,North,P-912,SKU-1396,40.44,18.57,16.17,Returning,Crypto
ORD-28005,CUST-11203,SESS-33005,CART-30005,2023-01-01,266.29,89.92,40.36,Fashion,3,Returned,Web,International,P-475,SKU-1287,88.76,19.53,21.30,VIP,PayPal
ORD-28006,CUST-11203,SESS-33006,CART-30006,2025-06-19,488.27,199.66,39.04,Electronics,1,Returned,Social Media,West,P-600,SKU-706,488.27,10.04,39.06,VIP,Debit Card
ORD-28007,CUST-11203,SESS-33007,CART-30007,2024-10-02,407.31,133.61,22.72,Electronics,,Cancelled,Affiliate,North,P-312,SKU-1694,203.66,11.00,32.58,New,PayPal
ORD-28008,CUST-11204,SESS-33008,CART-30008,2024-02-21,276.47,151.94,6.58,Fashion,4,Shipped,Web,International,P-649,SKU-3858,69.12,2.32,22.12,Returning,Debit Card
ORD-28009,CUST-11204,SESS-33009,CART-30009,1744134936865,110.17,47.45,12.71,Sports,3,Shipped,Affiliate,West,P-591,SKU-1692,36.72,12.73,8.81,Returning,PayPal
ORD-28010,CUST-11205,SESS-33010,CART-30010,2026-02-10,444.29,241.65,17.83,Sports,1,Returned,Affiliate,South,P-921,SKU-364,444.29,9.96,35.54,Returning,Debit Card
ORD-28011,CUST-11205,SESS-33011,CART-30011,2025-11-13,61.64,27.62,2.51,Home,5,Shipped,Web,East,P-302,SKU-1426,12.33,15.44,4.93,Returning,Credit Card
ORD-28012,CUST-11205,SESS-33012,CART-30012,2024-07-10,129.62,72.23,0.89,Electronics,4,Completed,Web,West,P-204,SKU-4803,32.41,5.07,10.37,Returning,PayPal
ORD-28013,CUST-11206,SESS-33013,CART-30013,2025-01-20,366.57,151.37,26.47,Electronics,5,Shipped,Web,West,P-333,SKU-3657,73.31,10.35,29.33,Returning,PayPal
ORD-28014,CUST-11206,SESS-33014,CART-30014,11/23/2024,292.52,113.01,29.88,Fashion,3,Returned,Affiliate,West,P-761,SKU-838,97.51,6.07,23.40,Returning,PayPal
ORD-28015,CUST-11207,SESS-33015,CART-30015,2023-11-26,489.03,217.59,47.50,Sports,2,Shipped,Mobile App,International,P-242,SKU-334,244.52,10.99,39.12,New,PayPal
ORD-28016,CUST-11207,SESS-33016,CART-30016,2024-06-07,399.43,179.27,48.02,Electronics,2,Shipped,Affiliate,South,P-689,SKU-3422,199.72,17.51,31.95,New,Crypto
ORD-28017,CUST-11207,SESS-33017,CART-30017,2024-09-27,374.95,112.95,33.48,Home,3,Shipped,Mobile App,South,P-981,SKU-1426,124.98,7.97,30.00,VIP,Crypto
ORD-28018,CUST-11208,SESS-33018,CART-30018,2023-04-05,  30.48  ,12.01,30.20,Beauty,2,Cancelled,Social Media,North,P-503,SKU-2511,15.24,14.05,2.44,VIP,Credit Card
ORD-28019,CUST-11208,SESS-33019,CART-30019,2023-03-03,171.23,56.61,22.00,Sports,5,Cancelled,Social Media,North,P-136,SKU-3748,34.25,8.98,13.70,New,PayPal
ORD-28020,CUST-11209,SESS-33020,CART-30020,2024-06-20,334.19,119.39,23.97,Fashion,2,Shipped,Mobile App,East,P-70,SKU-2933,167.09,8.98,26.74,Returning,Debit Card
ORD-28021,CUST-11209,SESS-33021,CART-30021,2023-02-04,430.79,241.95,3.17,Beauty,3,Returned,Affiliate,West,P-840,SKU-101,143.60,15.03,34.46,New,Credit Card
ORD-28022,CUST-11209,SESS-33022,CART-30022,2023-03-10,474.13,202.89,44.54,Beauty,4,Cancelled,Social Media,International,P-674,SKU-1736,118.53,1.28,37.93,New,Debit Card
ORD-28023,CUST-11210,SESS-33023,CART-30023,2023-02-28,360.53,139.70,3.68,  home  ,5,Cancelled,Affiliate,East,P-346,SKU-4237,72.11,17.48,28.84,VIP,PayPal
ORD-28024,CUST-11210,SESS-33024,CART-30024,2024-04-12,208.21,98.55,45.43,Fashion,5,Completed,Mobile App,West,P-73,SKU-3389,41.64,13.24,16.66,VIP,Debit Card
ORD-28025,CUST-11211,SESS-33025,CART-30025,2025-04-03,496.70,189.73,16.85,Beauty,1,Shipped,Web,West,P-63,SKU-1870,496.70,10.84,39.74,Returning,Credit Card
ORD-28026,CUST-11211,SESS-33026,CART-30026,2023-09-01,258.13,150.37,23.22,Home,3,Completed,Web,South,P-472,SKU-831,86.04,12.00,20.65,New,Debit Card
ORD-28027,CUST-11211,SESS-33027,CART-30027,2025-11-30,34.53,18.47,25.33,Beauty,1,Cancelled,Web,South,P-727,SKU-426,34.53,5.92,2.76,New,Debit Card
ORD-28028,CUST-11212,SESS-33028,CART-30028,2023-09-02,70.65,24.46,11.34,Home,5,Cancelled,Mobile App,International,P-919,SKU-4694,14.13,16.24,5.65,New,Credit Card
ORD-28029,CUST-11212,SESS-33029,CART-30029,2024-07-12,88.96,39.40,39.84,Beauty,4,Completed,Social Media,West,P-906,SKU-4001,22.24,7.58,7.12,VIP,PayPal
ORD-28030,CUST-11213,SESS-33030,CART-30030,2025-12-09,140.73,53.13,8.46,Beauty,3,Pending,Mobile App,South,P-899,SKU-2452,46.91,11.39,11.26,VIP,Crypto
ORD-28031,CUST-11213,SESS-33031,CART-30031,2025-11-12,21.77,7.58,43.13,Sports,4,Returned,Mobile App,North,P-944,SKU-2108,5.44,19.46,1.74,VIP,Credit Card
ORD-28032,CUST-11213,SESS-33032,CART-30032,2024-04-11,227.13,130.10,11.52,Beauty,3,Cancelled,Mobile App,West,P-745,SKU-77,75.71,4.56,18.17,VIP,PayPal
ORD-28033,CUST-11214,SESS-33033,CART-30033,2023-02-08,440.25,195.85,4.52,Home,4,Cancelled,Web,North,P-508,SKU-2014,110.06,18.66,35.22,New,Crypto
ORD-28034,CUST-11214,SESS-33034,CART-30034,2026-02-24,63.43,27.19,35.35,Electronics,2,Completed,Web,West,P-990,SKU-805,31.71,11.71,5.07,New,Credit Card
ORD-28035,CUST-11215,SESS-33035,CART-30035,2025-05-20,74.73,28.79,34.08,Sports,4,Completed,Social Media,International,P-912,SKU-2958,18.68,18.69,5.98,New,Credit Card
ORD-28036,CUST-11215,SESS-33036,CART-30036,2024-09-11,108.77,40.93,25.42,Fashion,5,Returned,Mobile App,West,P-511,SKU-1557,21.75,4.57,8.70,New,Debit Card
ORD-28037,CUST-11215,SESS-33037,CART-30037,2023-01-01,392.26,152.39,16.83,Sports,2,Pending,Social Media,International,P-513,SKU-4229,196.13,14.21,31.38,VIP,PayPal
ORD-28038,CUST-11216,SESS-33038,CART-30038,2023-02-01,267.28,118.71,45.09,Fashion,1,Shipped,Web,West,P-326,SKU-2759,267.28,4.15,21.38,VIP,Credit Card
ORD-28039,CUST-11216,SESS-33039,CART-30039,2024-05-08,126.27,62.18,37.09,Sports,3,Cancelled,Mobile App,North,P-276,SKU-2717,42.09,19.03,10.10,Returning,PayPal
ORD-28040,CUST-11217,SESS-33040,CART-30040,2024-11-05,219.93,88.80,41.05,Beauty,4,Cancelled,Web,International,P-418,SKU-4658,54.98,7.39,17.59,Returning,PayPal
ORD-28041,CUST-11217,SESS-33041,CART-30041,12/30/2024,63.77,25.94,25.64,Electronics,5,Returned,Web,South,P-819,SKU-2995,12.75,1.66,5.10,Returning,Debit Card
ORD-28042,CUST-11217,SESS-33042,CART-30042,2026-01-30,272.05,132.02,33.63,Sports,5,Shipped,Web,East,P-121,SKU-1847,54.41,5.82,21.76,Returning,PayPal
ORD-28043,CUST-11218,SESS-33043,CART-30043,2025-12-24,174.81,59.95,36.58,Fashion,2,Cancelled,Web,South,P-21,SKU-1606,87.41,2.72,13.99,VIP,PayPal
ORD-28044,CUST-11218,SESS-33044,CART-30044,2023-01-21,435.99,183.93,24.43,Sports,4,Pending,Mobile App,International,P-945,SKU-4013,109.00,7.67,34.88,Returning,PayPal
ORD-28045,CUST-11219,SESS-33045,CART-30045,2024-09-14,414.82,174.60,15.19,Home,2,Returned,Social Media,North,P-950,SKU-210,207.41,2.47,33.19,New,Credit Card
ORD-28046,CUST-11219,SESS-33046,CART-30046,2024-01-18,117.11,68.13,22.16,Fashion,2,Returned,Social Media,West,P-651,SKU-120,58.56,9.79,9.37,Returning,Debit Card
ORD-28047,CUST-11219,SESS-33047,CART-30047,2025-08-12,190.10,100.70,24.64,Beauty,1,Completed,Mobile App,International,P-890,SKU-3197,190.10,9.03,15.21,VIP,PayPal
ORD-28048,CUST-11220,SESS-33048,CART-30048,2024-08-27,161.95,72.65,23.30,Home,1,Cancelled,Mobile App,North,P-603,SKU-2443,161.95,19.29,12.96,Returning,Crypto
ORD-28049,CUST-11220,SESS-33049,CART-30049,2024-04-13,278.11,100.09,43.52,Home,1,Pending,Social Media,East,P-183,SKU-3797,278.11,3.35,22.25,New,Debit Card
ORD-28050,CUST-11221,SESS-33050,CART-30050,2025-09-01,,227.69,41.13,Fashion,3,Cancelled,Web,East,P-49,SKU-3622,167.50,16.32,40.20,New,Debit Card
ORD-28051,CUST-11221,SESS-33051,CART-30051,2024-11-28,315.41,149.46,34.01,Electronics,4,Returned,Affiliate,West,P-392,SKU-4071,78.85,11.87,25.23,Returning,Credit Card
ORD-28052,CUST-11221,SESS-33052,CART-30052,2025-02-04,95.48,49.37,22.71,Home,2,Cancelled,Web,South,P-867,SKU-407,47.74,11.70,7.64,New,Crypto
ORD-28053,CUST-11222,SESS-33053,CART-30053,2025-05-25,311.87,130.76,44.56,Home,,Returned,Affiliate,West,P-386,SKU-4255,311.87,1.53,24.95,Returning,PayPal
ORD-28054,CUST-11222,SESS-33054,CART-30054,2023-12-06,124.82,71.88,5.78,Home,5,Cancelled,Affiliate,West,P-111,SKU-4406,24.96,11.01,9.99,Returning,Credit Card
ORD-28055,CUST-11223,SESS-33055,CART-30055,2024-02-24,65.01,21.63,11.17,Electronics,2,Completed,Mobile App,North,P-738,SKU-1756,32.51,12.32,5.20,Returning,Credit Card
ORD-28056,CUST-11223,SESS-33056,CART-30056,2024-04-30,286.67,105.32,10.60,Sports,5,Shipped,Mobile App,North,P-167,SKU-3012,57.33,16.84,22.93,Returning,PayPal
ORD-28057,CUST-11223,SESS-33057,CART-30057,2024-02-04,499.02,199.80,37.59,Fashion,,Returned,Web,East,P-857,SKU-820,499.02,10.96,39.92,Returning,PayPal
ORD-28058,CUST-11224,SESS-33058,CART-30058,1704328549346,212.93,79.99,11.33,Home,3,Completed,Social Media,South,P-204,SKU-3195,70.98,9.02,17.03,Returning,Crypto
ORD-28059,CUST-11224,SESS-33059,CART-30059,2023-10-07,112.40,46.47,34.68,Sports,2,Shipped,Affiliate,West,P-166,SKU-1910,56.20,3.26,8.99,Returning,PayPal
ORD-28060,CUST-11225,SESS-33060,CART-30060,2025-02-06,92.80,28.57,7.18,Fashion,4,Pending,Affiliate,South,P-96,SKU-92,23.20,15.72,7.42,New,Debit Card
ORD-28061,CUST-11225,SESS-33061,CART-30061,2023-11-10,313.66,144.83,9.65,Home,1,Shipped,Web,East,P-645,SKU-305,313.66,6.36,25.09,New,Crypto
ORD-28062,CUST-11225,SESS-33062,CART-30062,2025-10-05,308.93,98.05,5.87,Beauty,1,Returned,Mobile App,South,P-482,SKU-2711,308.93,9.96,24.71,Returning,PayPal
ORD-28063,CUST-11226,SESS-33063,CART-30063,2025-04-29,25.27,12.37,46.54,Fashion,1,Completed,Mobile App,International,P-944,SKU-1611,25.27,18.23,2.02,VIP,Debit Card
ORD-28064,CUST-11226,SESS-33064,CART-30064,2025-10-15,134.41,46.75,46.23,Beauty,2,Completed,Affiliate,West,P-870,SKU-1491,67.21,4.61,10.75,VIP,Crypto
ORD-28065,CUST-11227,SESS-33065,CART-30065,2023-03-23,274.50,113.47,25.08,Beauty,2,Returned,Mobile App,North,P-709,SKU-4693,137.25,12.18,21.96,New,Credit Card
ORD-28066,CUST-11227,SESS-33066,CART-30066,2025-01-14,64.24,34.55,43.39,Home,1,Returned,Mobile App,International,P-737,SKU-855,64.24,18.48,5.14,Returning,Crypto
ORD-28067,CUST-11227,SESS-33067,CART-30067,2024-05-02,107.89,61.04,8.25,Fashion,2,Cancelled,Affiliate,East,P-823,SKU-2136,53.95,14.04,8.63,New,Credit Card
ORD-28068,CUST-11228,SESS-33068,CART-30068,2024-07-14,365.43,195.63,20.21,Fashion,5,Returned,Mobile App,East,P-584,SKU-2174,73.09,8.88,29.23,VIP,Debit Card
ORD-28069,CUST-11228,SESS-33069,CART-30069,1731117544365,500.36,161.04,24.40,Electronics,1,Returned,Web,South,P-188,SKU-3723,500.36,4.34,40.03,New,Debit Card
ORD-28070,CUST-11229,SESS-33070,CART-30070,2026-02-23,318.24,121.40,36.40,Electronics,5,Pending,Social Media,South,P-799,SKU-4660,63.65,11.53,25.46,New,Debit Card
ORD-28071,CUST-11229,SESS-33071,CART-30071,2024-09-15,465.66,185.13,3.95,Sports,2,Completed,Mobile App,South,P-83,SKU-3708,232.83,16.94,37.25,VIP,Crypto
ORD-28072,CUST-11229,SESS-33072,CART-30072,2025-06-01,67.94,33.62,13.04,Beauty,1,Shipped,Affiliate,West,P-800,SKU-2095,67.94,17.60,5.44,New,Debit Card
ORD-28073,CUST-11230,SESS-33073,CART-30073,2024-07-27,425.92,236.70,6.94,Beauty,1,Completed,Social Media,North,P-186,SKU-2924,425.92,6.31,34.07,Returning,Credit Card
ORD-28074,CUST-11230,SESS-33074,CART-30074,2023-04-08,458.05,177.57,21.51,Beauty,1,Completed,Web,North,P-524,SKU-3286,458.05,6.15,36.64,New,PayPal
ORD-28075,CUST-11231,SESS-33075,CART-30075,2025-01-02,324.20,154.55,40.12,Home,4,Shipped,Affiliate,International,P-51,SKU-3140,81.05,2.55,25.94,New,Credit Card
ORD-28076,CUST-11231,SESS-33076,CART-30076,2025-11-09,302.97,94.75,11.47,Electronics,1,Pending,Affiliate,East,P-453,SKU-4110,302.97,15.13,24.24,VIP,PayPal
ORD-28077,CUST-11231,SESS-33077,CART-30077,2025-02-23,205.95,112.81,45.09,Beauty,3,Pending,Affiliate,North,P-8,SKU-1252,68.65,3.91,16.48,New,Debit Card
ORD-28078,CUST-11232,SESS-33078,CART-30078,2024-07-17,311.06,184.32,16.91,Fashion,3,Returned,Affiliate,International,P-114,SKU-2573,103.69,11.75,24.88,New,Debit Card
ORD-28079,CUST-11232,SESS-33079,CART-30079,2025-01-15,11.28,5.22,12.08,Home,1,Pending,Web,East,P-398,SKU-2284,11.28,3.49,0.90,New,Debit Card
ORD-28080,CUST-11233,SESS-33080,CART-30080,2023-10-13,366.54,131.97,9.00,Electronics,4,Completed,Mobile App,South,P-761,SKU-4479,91.64,13.33,29.32,New,Debit Card
ORD-28081,CUST-11233,SESS-33081,CART-30081,2024-09-18,29.50,10.48,35.77,Electronics,2,Completed,Social Media,South,P-97,SKU-2745,14.75,16.83,2.36,Returning,Credit Card
ORD-28082,CUST-11233,SESS-33082,CART-30082,2024-03-08,322.86,172.73,49.48,Sports,NULL,Completed,Web,West,P-555,SKU-1069,161.43,3.33,25.83,New,Debit Card
ORD-28083,CUST-11234,SESS-33083,CART-30083,2026-01-23,187.08,83.45,35.84,Home,4,Returned,Web,East,P-172,SKU-897,46.77,7.77,14.97,Returning,Crypto
ORD-28084,CUST-11234,SESS-33084,CART-30084,2025-12-15,96.04,33.99,20.76,Home,2,Returned,Web,South,P-776,SKU-2433,48.02,9.22,7.68,VIP,Crypto
ORD-28085,CUST-11235,SESS-33085,CART-30085,2023-07-29,131.58,64.56,25.50,Home,5,Cancelled,Social Media,North,P-430,SKU-3702,26.32,10.75,10.53,Returning,PayPal
ORD-28086,CUST-11235,SESS-33086,CART-30086,2024-11-19,35.82,13.99,46.57,Sports,2,Completed,Web,South,P-162,SKU-3432,17.91,1.86,2.87,VIP,PayPal
ORD-28087,CUST-11235,SESS-33087,CART-30087,2023-11-09,274.47,152.73,25.87,Fashion,5,Returned,Web,International,P-520,SKU-3950,54.89,3.66,21.96,New,Crypto
ORD-28088,CUST-11236,SESS-33088,CART-30088,2025-08-16,257.88,109.46,30.39,Home,4,Shipped,Affiliate,International,P-633,SKU-4783,64.47,11.13,20.63,VIP,Credit Card
ORD-28089,CUST-11236,SESS-33089,CART-30089,2024-01-02,181.13,69.54,25.97,,1,Shipped,Mobile App,International,P-865,SKU-1944,181.13,12.61,14.49,New,Crypto
ORD-28090,CUST-11237,SESS-33090,CART-30090,2023-01-20,385.81,214.07,11.11,Home,1,Cancelled,Social Media,North,P-863,SKU-1050,385.81,13.41,30.87,VIP,Credit Card
ORD-28091,CUST-11237,SESS-33091,CART-30091,2023-05-02,217.09,105.23,49.96,Sports,4,Cancelled,Affiliate,South,P-160,SKU-1504,54.27,11.12,17.37,Returning,Crypto
ORD-28092,CUST-11237,SESS-33092,CART-30092,2026-01-05,339.34,184.90,29.73,Home,4,Pending,Web,West,P-860,SKU-114,84.84,1.95,27.15,VIP,Credit Card
ORD-28093,CUST-11238,SESS-33093,CART-30093,2025-09-26,NULL,52.40,18.93,Electronics,4,Pending,Mobile App,International,P-301,SKU-1999,28.80,11.70,9.22,VIP,Credit Card
ORD-28094,CUST-11238,SESS-33094,CART-30094,2023-03-15,228.19,76.67,20.89,Fashion,2,Shipped,Mobile App,North,P-239,SKU-3757,114.10,13.58,18.26,VIP,PayPal
ORD-28095,CUST-11239,SESS-33095,CART-30095,2025-09-21,475.03,154.54,39.30,Fashion,3,Returned,Affiliate,West,P-596,SKU-3279,158.34,1.55,38.00,New,Crypto
ORD-28096,CUST-11239,SESS-33096,CART-30096,2024-03-29,301.10,166.26,5.90,Home,5,Completed,Mobile App,North,P-871,SKU-35,60.22,11.73,24.09,New,Credit Card
ORD-28097,CUST-11239,SESS-33097,CART-30097,2025-01-01,NULL,134.60,25.56,Beauty,2,Cancelled,Mobile App,East,P-721,SKU-2864,166.79,13.59,26.69,New,Crypto
ORD-28098,CUST-11240,SESS-33098,CART-30098,2026-02-01,409.75,165.88,38.30,,5,Returned,Web,West,P-787,SKU-1936,81.95,19.54,32.78,Returning,PayPal
ORD-28099,CUST-11240,SESS-33099,CART-30099,2025-11-09,103.16,49.97,20.54,Fashion,5,Completed,Mobile App,International,P-423,SKU-2387,20.63,11.67,8.25,VIP,Debit Card
ORD-28100,CUST-11241,SESS-33100,CART-30100,2023-04-22,298.29,172.03,48.01,Beauty,2,Returned,Mobile App,International,P-885,SKU-237,149.15,6.86,23.86,New,PayPal
ORD-28101,CUST-11241,SESS-33101,CART-30101,2025-11-30,129.51,74.10,8.30,Sports,,Pending,Web,International,P-538,SKU-243,25.90,13.54,10.36,Returning,Crypto
ORD-28102,CUST-11241,SESS-33102,CART-30102,2025-04-14,456.36,155.78,37.19,Beauty,5,Completed,Affiliate,South,P-807,SKU-2048,91.27,17.86,36.51,Returning,PayPal
ORD-28103,CUST-11242,SESS-33103,CART-30103,2024-05-27,90.48,40.29,26.63,Beauty,1,Pending,Web,South,P-53,SKU-4253,90.48,0.84,7.24,Returning,PayPal
ORD-28104,CUST-11242,SESS-33104,CART-30104,2023-03-17,50.08,29.37,2.81,Home,3,Cancelled,Mobile App,International,P-464,SKU-3692,16.69,12.24,4.01,VIP,PayPal
ORD-28105,CUST-11243,SESS-33105,CART-30105,2024-07-20,351.81,123.08,45.96,Beauty,5,Cancelled,Web,East,P-520,SKU-1824,70.36,13.45,28.15,VIP,Credit Card
ORD-28106,CUST-11243,SESS-33106,CART-30106,2025-05-01,407.91,183.41,4.60,Electronics,4,Completed,Web,West,P-891,SKU-4922,101.98,10.60,32.63,VIP,Credit Card
ORD-28107,CUST-11243,SESS-33107,CART-30107,2024-05-30,136.38,77.13,11.10,Beauty,4,Completed,Web,West,P-273,SKU-4843,34.10,1.23,10.91,Returning,Debit Card
ORD-28108,CUST-11244,SESS-33108,CART-30108,2023-07-20,282.98,144.26,42.08,Fashion,3,Returned,Web,East,P-282,SKU-3923,94.33,14.31,22.64,VIP,Debit Card
ORD-28109,CUST-11244,SESS-33109,CART-30109,2025-05-05,465.36,186.36,20.08,Sports,1,Cancelled,Web,West,P-260,SKU-2691,465.36,14.60,37.23,Returning,Crypto
ORD-28110,CUST-11245,SESS-33110,CART-30110,2023-07-03,467.57,212.16,8.96,Beauty,NULL,Shipped,Web,South,P-268,SKU-1110,155.86,8.76,37.41,Returning,PayPal
ORD-28111,CUST-11245,SESS-33111,CART-30111,2024-05-22,223.35,129.93,8.27,Fashion,5,Returned,Social Media,South,P-24,SKU-899,44.67,18.67,17.87,New,PayPal
ORD-28112,CUST-11245,SESS-33112,CART-30112,2024-02-16,57.21,31.75,12.20,Home,1,Cancelled,Affiliate,East,P-472,SKU-4887,57.21,19.33,4.58,New,Crypto
ORD-28113,CUST-11246,SESS-33113,CART-30113,2023-06-09,180.19,60.01,46.18,Beauty,4,Pending,Web,West,P-176,SKU-912,45.05,5.62,14.42,Returning,PayPal
ORD-28114,CUST-11246,SESS-33114,CART-30114,2025-12-29,172.34,89.31,39.10,Beauty,1,Shipped,Web,North,P-763,SKU-4134,172.34,0.81,13.79,VIP,Crypto
ORD-28115,CUST-11247,SESS-33115,CART-30115,1684542588566,94.82,43.33,21.78,Fashion,3,Returned,Social Media,East,P-529,SKU-3103,31.61,8.46,7.59,VIP,Crypto
ORD-28116,CUST-11247,SESS-33116,CART-30116,2025-12-05,479.39,192.52,42.36,Sports,2,Returned,Web,International,P-386,SKU-4911,239.69,8.66,38.35,New,Debit Card
ORD-28117,CUST-11247,SESS-33117,CART-30117,2024-02-03,113.08,41.25,19.06,Sports,3,Cancelled,Web,International,P-124,SKU-136,37.69,10.28,9.05,VIP,Credit Card
ORD-28118,CUST-11248,SESS-33118,CART-30118,2025-06-30,142.60,47.19,23.13,Sports,1,Returned,Mobile App,International,P-279,SKU-2808,142.60,1.96,11.41,Returning,PayPal
ORD-28119,CUST-11248,SESS-33119,CART-30119,2023-10-18,312.97,160.08,15.71,Sports,1,Returned,Mobile App,North,P-187,SKU-1746,312.97,8.60,25.04,Returning,PayPal
ORD-28120,CUST-11249,SESS-33120,CART-30120,2024-08-27,223.25,124.31,23.32,Home,4,Cancelled,Affiliate,South,P-103,SKU-4614,55.81,8.07,17.86,VIP,PayPal
ORD-28121,CUST-11249,SESS-33121,CART-30121,2024-07-28,136.89,54.57,36.93,Fashion,2,Returned,Social Media,South,P-155,SKU-2238,68.44,18.97,10.95,VIP,PayPal
ORD-28122,CUST-11249,SESS-33122,CART-30122,2024-05-18,132.29,60.74,32.93,Fashion,,Returned,Mobile App,North,P-942,SKU-3408,66.15,7.86,10.58,New,PayPal
ORD-28123,CUST-11250,SESS-33123,CART-30123,2024-09-13,319.60,174.33,39.61,Home,3,Shipped,Social Media,South,P-142,SKU-371,106.53,13.75,25.57,New,Debit Card
ORD-28124,CUST-11250,SESS-33124,CART-30124,2024-01-08,354.17,116.20,49.72,Sports,5,Completed,Mobile App,South,P-760,SKU-1247,70.83,0.34,28.33,Returning,Crypto
ORD-28125,CUST-11251,SESS-33125,CART-30125,2023-08-07,78.95,32.30,27.49,Electronics,,Returned,Affiliate,West,P-622,SKU-89,19.74,0.22,6.32,Returning,Credit Card
ORD-28126,CUST-11251,SESS-33126,CART-30126,2023-09-21,365.30,117.87,46.99,  fashion  ,3,Completed,Web,West,P-700,SKU-541,121.77,2.74,29.22,Returning,Crypto
ORD-28127,CUST-11251,SESS-33127,CART-30127,2023-07-28,116.24,50.15,39.77,Sports,1,Completed,Social Media,East,P-369,SKU-4915,116.24,5.09,9.30,VIP,Crypto
ORD-28128,CUST-11252,SESS-33128,CART-30128,2024-04-19,219.71,68.77,49.93,Electronics,5,Completed,Social Media,East,P-646,SKU-2040,43.94,1.28,17.58,New,PayPal
ORD-28129,CUST-11252,SESS-33129,CART-30129,2025-02-01,316.99,149.63,38.82,Fashion,2,Pending,Affiliate,West,P-313,SKU-2124,158.49,19.47,25.36,Returning,Credit Card
ORD-28130,CUST-11253,SESS-33130,CART-30130,2023-03-24,93.99,42.66,13.54,Electronics,2,Pending,Affiliate,West,P-442,SKU-4017,46.99,14.98,7.52,VIP,PayPal
ORD-28131,CUST-11253,SESS-33131,CART-30131,2025-07-07,483.31,280.51,34.64,Home,1,Returned,Social Media,North,P-644,SKU-1631,483.31,18.34,38.66,VIP,PayPal
ORD-28132,CUST-11253,SESS-33132,CART-30132,2025-10-17,153.13,48.39,40.43,Sports,1,Returned,Mobile App,International,P-34,SKU-477,153.13,7.09,12.25,New,Crypto
ORD-28133,CUST-11254,SESS-33133,CART-30133,3/20/2025,,208.33,20.31,Beauty,4,Cancelled,Affiliate,East,P-130,SKU-1691,118.35,7.74,37.87,VIP,PayPal
ORD-28134,CUST-11254,SESS-33134,CART-30134,2024-11-24,437.80,133.48,41.85,Fashion,3,Shipped,Web,East,P-667,SKU-4370,145.93,13.22,35.02,VIP,Crypto
ORD-28135,CUST-11255,SESS-33135,CART-30135,2023-04-12,45.15,14.48,22.59,NULL,4,Returned,Social Media,South,P-838,SKU-2050,11.29,0.29,3.61,New,Debit Card
ORD-28136,CUST-11255,SESS-33136,CART-30136,2023-09-05,53.69,24.89,45.84,Beauty,1,Returned,Mobile App,East,P-77,SKU-4897,53.69,15.18,4.30,Returning,Crypto
ORD-28137,CUST-11255,SESS-33137,CART-30137,2024-04-26,55.93,20.86,37.67,NULL,4,Pending,Social Media,North,P-656,SKU-2077,13.98,8.24,4.47,Returning,Credit Card
ORD-28138,CUST-11256,SESS-33138,CART-30138,2023-05-02,295.43,121.02,44.06,Sports,2,Completed,Web,East,P-282,SKU-1169,147.71,1.97,23.63,Returning,PayPal
ORD-28139,CUST-11256,SESS-33139,CART-30139,2024-06-09,164.59,91.35,20.22,Electronics,4,Returned,Affiliate,East,P-439,SKU-2254,41.15,6.75,13.17,VIP,Debit Card
ORD-28140,CUST-11257,SESS-33140,CART-30140,2023-03-05,58.46,28.93,42.45,Fashion,3,Cancelled,Social Media,International,P-699,SKU-4777,19.49,0.47,4.68,New,Crypto
ORD-28141,CUST-11257,SESS-33141,CART-30141,2024-05-08,248.23,111.66,42.15,Home,5,Completed,Social Media,North,P-240,SKU-1365,49.65,16.43,19.86,VIP,PayPal
ORD-28142,CUST-11257,SESS-33142,CART-30142,2024-04-24,113.43,34.87,0.96,Home,2,Shipped,Web,North,P-273,SKU-830,56.72,8.86,9.07,New,Crypto
ORD-28143,CUST-11258,SESS-33143,CART-30143,2025-05-31,174.83,70.29,45.12,Home,3,Completed,Mobile App,North,P-767,SKU-3807,58.28,1.58,13.99,Returning,PayPal
ORD-28144,CUST-11258,SESS-33144,CART-30144,2023-02-13,354.74,181.24,7.98,Sports,3,Pending,Social Media,East,P-87,SKU-1209,118.25,7.12,28.38,VIP,Credit Card
ORD-28145,CUST-11259,SESS-33145,CART-30145,2024-01-11,294.23,171.92,28.53,Electronics,5,Returned,Social Media,East,P-150,SKU-4955,58.85,13.25,23.54,New,Debit Card
ORD-28146,CUST-11259,SESS-33146,CART-30146,2024-12-03,318.78,166.16,17.60,Electronics,5,Returned,Mobile App,South,P-167,SKU-2521,63.76,1.33,25.50,Returning,Credit Card
ORD-28147,CUST-11259,SESS-33147,CART-30147,2023-04-21,112.46,47.92,37.41,Home,1,Returned,Social Media,South,P-58,SKU-2539,112.46,3.95,9.00,VIP,PayPal
ORD-28148,CUST-11260,SESS-33148,CART-30148,2023-08-03,353.26,199.33,40.00,Sports,2,Shipped,Mobile App,International,P-218,SKU-4875,176.63,1.82,28.26,VIP,PayPal
ORD-28149,CUST-11260,SESS-33149,CART-30149,1762164045068,10.68,5.79,36.72,Fashion,5,Pending,Affiliate,South,P-583,SKU-3302,2.14,19.87,0.85,New,Crypto
ORD-28150,CUST-11261,SESS-33150,CART-30150,2025-05-29,475.49,228.13,41.98,Beauty,1,Completed,Affiliate,International,P-3,SKU-4323,475.49,12.93,38.04,New,Debit Card
ORD-28151,CUST-11261,SESS-33151,CART-30151,2024-04-24,  288.89  ,119.42,30.43,Sports,5,Pending,Affiliate,South,P-794,SKU-513,57.78,7.76,23.11,New,Crypto
ORD-28152,CUST-11261,SESS-33152,CART-30152,2025-10-23,476.54,218.54,37.13,Sports,4,Pending,Social Media,North,P-676,SKU-2490,119.13,15.77,38.12,VIP,Credit Card
ORD-28153,CUST-11262,SESS-33153,CART-30153,2024-02-16,57.51,17.55,12.55,Home,1,Pending,Affiliate,North,P-455,SKU-368,57.51,10.95,4.60,Returning,Crypto
ORD-28154,CUST-11262,SESS-33154,CART-30154,2025-07-27,435.83,173.10,34.41,Fashion,3,Completed,Affiliate,West,P-255,SKU-1793,145.28,0.34,34.87,New,Debit Card
ORD-28155,CUST-11263,SESS-33155,CART-30155,2023-12-01,162.35,54.54,16.18,Sports,3,Returned,Web,South,P-317,SKU-2489,54.12,2.10,12.99,New,PayPal
ORD-28156,CUST-11263,SESS-33156,CART-30156,1746154280351,149.68,63.48,13.20,Sports,3,Cancelled,Mobile App,South,P-353,SKU-4292,49.89,0.10,11.97,VIP,Crypto
ORD-28157,CUST-11263,SESS-33157,CART-30157,2024-03-20,300.34,117.43,14.54,Electronics,3,Completed,Social Media,South,P-450,SKU-4658,100.11,8.49,24.03,Returning,Credit Card
ORD-28158,CUST-11264,SESS-33158,CART-30158,2023-03-10,140.26,53.28,8.25,Home,3,Pending,Mobile App,South,P-651,SKU-2872,46.75,5.21,11.22,VIP,Debit Card
ORD-28159,CUST-11264,SESS-33159,CART-30159,2026-01-15,424.27,134.30,3.97,Beauty,4,Completed,Social Media,North,P-172,SKU-2022,106.07,13.10,33.94,New,PayPal
ORD-28160,CUST-11265,SESS-33160,CART-30160,2024-06-17,406.49,223.57,34.55,Electronics,5,Shipped,Social Media,South,P-482,SKU-1141,81.30,12.01,32.52,VIP,Crypto
ORD-28161,CUST-11265,SESS-33161,CART-30161,2025-06-03,35.09,18.16,13.07,Sports,4,Returned,Web,West,P-563,SKU-891,8.77,4.69,2.81,VIP,PayPal
ORD-28162,CUST-11265,SESS-33162,CART-30162,2025-01-24,12.68,3.98,16.53,Fashion,4,Cancelled,Affiliate,East,P-759,SKU-2227,3.17,6.10,1.01,VIP,Crypto
ORD-28163,CUST-11266,SESS-33163,CART-30163,2025-10-17,186.94,75.55,17.94,Fashion,5,Returned,Mobile App,North,P-313,SKU-1475,37.39,3.64,14.96,VIP,Crypto
ORD-28164,CUST-11266,SESS-33164,CART-30164,2025-08-22,22.09,7.94,16.63,Fashion,5,Pending,Web,East,P-264,SKU-766,4.42,19.88,1.77,New,Credit Card
ORD-28165,CUST-11267,SESS-33165,CART-30165,2025-06-26,363.95,160.09,28.50,Electronics,4,Pending,Mobile App,West,P-912,SKU-1488,90.99,8.25,29.12,New,Credit Card
ORD-28166,CUST-11267,SESS-33166,CART-30166,1683666160754,131.13,57.93,5.26,,3,Shipped,Affiliate,International,P-356,SKU-1761,43.71,17.13,10.49,Returning,Debit Card
ORD-28167,CUST-11267,SESS-33167,CART-30167,2023-05-04,233.51,124.54,11.19,Beauty,5,Cancelled,Mobile App,East,P-206,SKU-3464,46.70,14.66,18.68,Returning,Debit Card
ORD-28168,CUST-11268,SESS-33168,CART-30168,2025-06-17,139.01,48.09,14.23,Fashion,3,Returned,Affiliate,International,P-823,SKU-2237,46.34,18.08,11.12,New,PayPal
ORD-28169,CUST-11268,SESS-33169,CART-30169,2024-06-01,22.65,9.86,16.88,Fashion,3,Pending,Web,International,P-278,SKU-3714,7.55,18.98,1.81,Returning,Credit Card
ORD-28170,CUST-11269,SESS-33170,CART-30170,2023-07-25,248.91,112.57,2.50,Beauty,3,Completed,Web,South,P-33,SKU-637,82.97,7.34,19.91,Returning,Crypto
ORD-28171,CUST-11269,SESS-33171,CART-30171,2025-07-13,71.64,24.90,31.43,Fashion,2,Pending,Social Media,West,P-20,SKU-598,35.82,0.18,5.73,VIP,Debit Card
ORD-28172,CUST-11269,SESS-33172,CART-30172,2025-04-02,328.40,131.74,1.10,Home,2,Pending,Mobile App,South,P-978,SKU-3031,164.20,5.16,26.27,New,Crypto
ORD-28173,CUST-11270,SESS-33173,CART-30173,6/13/2023,255.06,108.28,26.90,Home,4,Completed,Social Media,International,P-675,SKU-3600,63.77,4.53,20.40,New,Credit Card
ORD-28174,CUST-11270,SESS-33174,CART-30174,2024-05-05,130.27,60.61,12.59,Sports,1,Cancelled,Affiliate,International,P-161,SKU-320,130.27,4.89,10.42,New,Credit Card
ORD-28175,CUST-11271,SESS-33175,CART-30175,2023-05-03,NULL,114.12,2.59,Electronics,2,Returned,Affiliate,International,P-302,SKU-1688,165.83,6.80,26.53,VIP,Credit Card
ORD-28176,CUST-11271,SESS-33176,CART-30176,2024-01-04,484.70,279.73,4.92,Home,1,Completed,Social Media,East,P-833,SKU-4918,484.70,14.74,38.78,Returning,Debit Card
ORD-28177,CUST-11271,SESS-33177,CART-30177,2025-02-13,12.89,5.93,47.11,Fashion,4,Shipped,Affiliate,North,P-550,SKU-4323,3.22,2.11,1.03,Returning,PayPal
ORD-28178,CUST-11272,SESS-33178,CART-30178,2023-03-11,29.70,13.34,44.37,Fashion,4,Cancelled,Social Media,East,P-126,SKU-1920,7.42,14.18,2.38,VIP,Credit Card
ORD-28179,CUST-11272,SESS-33179,CART-30179,1703290525165,417.41,135.47,33.06,Beauty,1,Shipped,Mobile App,East,P-696,SKU-4764,417.41,1.01,33.39,Returning,Crypto
ORD-28180,CUST-11273,SESS-33180,CART-30180,2025-02-18,440.77,256.75,26.42,Sports,4,Cancelled,Web,West,P-434,SKU-1896,110.19,7.97,35.26,New,Crypto
ORD-28181,CUST-11273,SESS-33181,CART-30181,2026-01-15,310.84,117.87,24.72,Sports,1,Returned,Social Media,North,P-709,SKU-3958,310.84,16.73,24.87,New,Crypto
ORD-28182,CUST-11273,SESS-33182,CART-30182,2025-04-25,407.05,211.64,24.02,Sports,4,Returned,Affiliate,West,P-675,SKU-2249,101.76,17.34,32.56,New,Crypto
ORD-28183,CUST-11274,SESS-33183,CART-30183,9/8/2024,274.75,83.43,41.60,Electronics,5,Returned,Affiliate,North,P-193,SKU-3145,54.95,18.98,21.98,VIP,Crypto
ORD-28184,CUST-11274,SESS-33184,CART-30184,1726381263399,298.57,174.10,0.66,Beauty,3,Completed,Social Media,East,P-811,SKU-295,99.52,11.75,23.89,Returning,Credit Card
ORD-28185,CUST-11275,SESS-33185,CART-30185,2023-06-16,124.97,68.63,24.10,Sports,2,Returned,Social Media,North,P-106,SKU-3035,62.48,6.05,10.00,VIP,Credit Card
ORD-28186,CUST-11275,SESS-33186,CART-30186,2025-10-26,318.31,114.80,0.19,Electronics,5,Completed,Mobile App,East,P-73,SKU-2596,63.66,18.28,25.46,Returning,PayPal
ORD-28187,CUST-11275,SESS-33187,CART-30187,2024-09-06,127.70,39.46,32.91,Home,4,Pending,Mobile App,East,P-334,SKU-4385,31.93,11.51,10.22,VIP,PayPal
ORD-28188,CUST-11276,SESS-33188,CART-30188,2024-04-29,444.62,245.57,7.64,Electronics,5,Returned,Social Media,West,P-229,SKU-3187,88.92,17.58,35.57,Returning,Debit Card
ORD-28189,CUST-11276,SESS-33189,CART-30189,2023-09-22,196.97,116.91,42.11,Sports,1,Cancelled,Affiliate,East,P-253,SKU-540,196.97,15.54,15.76,Returning,Crypto
ORD-28190,CUST-11277,SESS-33190,CART-30190,2023-06-08,488.45,188.48,42.13,Home,5,Completed,Web,International,P-742,SKU-183,97.69,2.19,39.08,Returning,Credit Card
ORD-28191,CUST-11277,SESS-33191,CART-30191,2023-01-04,478.63,197.69,21.99,Home,3,Returned,Affiliate,International,P-905,SKU-2867,159.54,4.62,38.29,New,Crypto
ORD-28192,CUST-11277,SESS-33192,CART-30192,2024-08-09,415.81,189.19,4.21,Fashion,2,Shipped,Mobile App,West,P-509,SKU-4441,207.90,8.94,33.26,New,Credit Card
ORD-28193,CUST-11278,SESS-33193,CART-30193,2025-06-08,83.70,34.37,35.56,Beauty,1,Pending,Social Media,North,P-314,SKU-3936,83.70,16.81,6.70,New,Credit Card
ORD-28194,CUST-11278,SESS-33194,CART-30194,2025-12-25,458.16,195.18,1.16,Fashion,4,Shipped,Mobile App,International,P-485,SKU-1767,114.54,3.96,36.65,Returning,Credit Card
ORD-28195,CUST-11279,SESS-33195,CART-30195,2024-04-03,397.95,133.36,17.68,Electronics,5,Shipped,Mobile App,East,P-646,SKU-4542,79.59,19.02,31.84,Returning,Debit Card
ORD-28196,CUST-11279,SESS-33196,CART-30196,2025-04-08,131.80,73.71,37.69,,3,Completed,Social Media,South,P-818,SKU-3106,43.93,9.64,10.54,Returning,PayPal
ORD-28197,CUST-11279,SESS-33197,CART-30197,2023-04-12,26.05,15.37,43.54,  beauty  ,2,Cancelled,Web,East,P-483,SKU-1416,13.02,11.53,2.08,New,Crypto
ORD-28198,CUST-11280,SESS-33198,CART-30198,2025-07-27,188.81,98.96,45.20,Home,3,Returned,Mobile App,South,P-771,SKU-4733,62.94,19.24,15.10,New,Debit Card
ORD-28199,CUST-11280,SESS-33199,CART-30199,2025-09-26,292.65,90.46,43.84,Fashion,2,Shipped,Mobile App,North,P-258,SKU-3408,146.33,11.15,23.41,New,Crypto
ORD-28200,CUST-11281,SESS-33200,CART-30200,2026-02-12,444.25,180.74,4.30,Sports,5,Completed,Affiliate,South,P-959,SKU-4994,88.85,3.10,35.54,Returning,Credit Card
ORD-28201,CUST-11281,SESS-33201,CART-30201,1738030754042,117.32,62.78,21.76,Home,5,Returned,Mobile App,East,P-189,SKU-3357,23.46,5.17,9.39,VIP,Debit Card
ORD-28202,CUST-11281,SESS-33202,CART-30202,2023-08-25,55.95,33.42,48.60,Electronics,3,Completed,Mobile App,North,P-894,SKU-580,18.65,11.94,4.48,VIP,Crypto
ORD-28203,CUST-11282,SESS-33203,CART-30203,2025-11-05,423.94,133.61,49.22,Home,4,Completed,Web,West,P-301,SKU-766,105.98,17.66,33.91,New,PayPal
ORD-28204,CUST-11282,SESS-33204,CART-30204,2024-02-18,496.93,209.32,47.01,Electronics,2,Returned,Social Media,South,P-484,SKU-1193,248.47,14.05,39.75,VIP,PayPal
ORD-28205,CUST-11283,SESS-33205,CART-30205,2024-09-21,336.85,191.64,1.16,Fashion,5,Shipped,Affiliate,West,P-985,SKU-2553,67.37,15.82,26.95,New,Crypto
ORD-28206,CUST-11283,SESS-33206,CART-30206,2024-06-02,451.23,232.38,1.65,Electronics,5,Cancelled,Social Media,North,P-989,SKU-697,90.25,7.53,36.10,Returning,Debit Card
ORD-28207,CUST-11283,SESS-33207,CART-30207,2025-07-14,228.15,91.61,39.29,Fashion,1,Returned,Mobile App,South,P-43,SKU-1694,228.15,8.87,18.25,New,PayPal
ORD-28208,CUST-11284,SESS-33208,CART-30208,2026-01-08,NULL,139.31,29.02,Sports,3,Returned,Social Media,South,P-411,SKU-4563,77.45,5.57,18.59,New,PayPal
ORD-28209,CUST-11284,SESS-33209,CART-30209,2026-01-30,16.77,8.15,2.72,  beauty  ,2,Cancelled,Mobile App,North,P-869,SKU-2001,8.39,11.44,1.34,Returning,Crypto
ORD-28210,CUST-11285,SESS-33210,CART-30210,2025-08-07,358.56,122.91,16.32,Beauty,2,Returned,Affiliate,International,P-517,SKU-3725,179.28,10.92,28.68,VIP,PayPal
ORD-28211,CUST-11285,SESS-33211,CART-30211,2024-11-06,72.00,35.46,4.64,Sports,4,Pending,Affiliate,East,P-777,SKU-4145,18.00,14.97,5.76,New,Debit Card
ORD-28212,CUST-11285,SESS-33212,CART-30212,2024-06-24,139.82,83.88,20.78,Home,2,Returned,Mobile App,North,P-390,SKU-3894,69.91,17.44,11.19,Returning,Credit Card
ORD-28213,CUST-11286,SESS-33213,CART-30213,2025-04-15,481.66,247.89,47.97,Fashion,1,Cancelled,Mobile App,North,P-520,SKU-2693,481.66,2.92,38.53,New,Debit Card
ORD-28214,CUST-11286,SESS-33214,CART-30214,2024-01-30,154.68,87.19,36.66,Home,5,Returned,Mobile App,East,P-633,SKU-360,30.94,5.41,12.37,VIP,Crypto
ORD-28215,CUST-11287,SESS-33215,CART-30215,1763351045730,NULL,172.50,32.53,Home,2,Cancelled,Social Media,West,P-140,SKU-2995,148.44,10.46,23.75,New,Debit Card
ORD-28216,CUST-11287,SESS-33216,CART-30216,2023-08-09,,57.87,3.90,Home,5,Returned,Web,South,P-637,SKU-3982,23.84,10.20,9.54,Returning,Crypto
ORD-28217,CUST-11287,SESS-33217,CART-30217,2023-04-07,256.98,110.09,34.06,Beauty,4,Cancelled,Affiliate,North,P-95,SKU-4028,64.25,10.75,20.56,New,Credit Card
ORD-28218,CUST-11288,SESS-33218,CART-30218,1712553353865,268.27,134.80,10.60,Beauty,1,Pending,Affiliate,East,P-287,SKU-4399,268.27,12.84,21.46,New,Debit Card
ORD-28219,CUST-11288,SESS-33219,CART-30219,4/26/2023,242.12,94.10,18.49,  sports  ,5,Cancelled,Affiliate,West,P-920,SKU-718,48.42,7.48,19.37,New,Crypto
ORD-28220,CUST-11289,SESS-33220,CART-30220,2025-04-01,238.37,136.62,17.93,Sports,4,Completed,Web,North,P-811,SKU-4359,59.59,0.18,19.07,New,Credit Card
ORD-28221,CUST-11289,SESS-33221,CART-30221,1702018271980,249.55,126.18,12.92,Home,1,Pending,Social Media,East,P-777,SKU-1852,249.55,9.12,19.96,New,Credit Card
ORD-28222,CUST-11289,SESS-33222,CART-30222,2025-09-02,407.24,225.84,39.61,Home,5,Pending,Social Media,West,P-599,SKU-2527,81.45,7.69,32.58,Returning,Debit Card
ORD-28223,CUST-11290,SESS-33223,CART-30223,2023-03-28,440.66,217.97,43.90,Sports,2,Cancelled,Social Media,South,P-680,SKU-4026,220.33,10.31,35.25,New,Crypto
ORD-28224,CUST-11290,SESS-33224,CART-30224,2023-11-04,253.22,95.71,12.11,Fashion,1,Returned,Affiliate,West,P-639,SKU-4522,253.22,3.61,20.26,Returning,Crypto
ORD-28225,CUST-11291,SESS-33225,CART-30225,2025-10-25,330.28,186.87,5.69,Electronics,1,Returned,Web,West,P-539,SKU-1404,330.28,14.43,26.42,Returning,Crypto
ORD-28226,CUST-11291,SESS-33226,CART-30226,2024-09-22,509.70,205.61,4.72,Fashion,5,Cancelled,Affiliate,South,P-811,SKU-2180,101.94,1.74,40.78,Returning,Debit Card
ORD-28227,CUST-11291,SESS-33227,CART-30227,2024-05-24,306.46,133.51,36.75,Beauty,5,Shipped,Web,South,P-901,SKU-2445,61.29,7.98,24.52,New,Credit Card
ORD-28228,CUST-11292,SESS-33228,CART-30228,2025-01-27,61.42,22.30,27.64,Fashion,3,Shipped,Web,South,P-897,SKU-4668,20.47,3.70,4.91,Returning,Crypto
ORD-28229,CUST-11292,SESS-33229,CART-30229,2024-07-24,446.77,260.61,35.53,Fashion,5,Returned,Web,North,P-887,SKU-2997,89.35,5.19,35.74,VIP,Credit Card
ORD-28230,CUST-11293,SESS-33230,CART-30230,2025-09-17,211.62,75.29,46.53,Sports,2,Pending,Web,North,P-754,SKU-3325,105.81,14.17,16.93,New,Credit Card
ORD-28231,CUST-11293,SESS-33231,CART-30231,2025-03-23,376.22,118.96,43.56,Beauty,3,Completed,Affiliate,North,P-662,SKU-2337,125.41,2.89,30.10,Returning,Debit Card
ORD-28232,CUST-11293,SESS-33232,CART-30232,2025-08-29,84.03,44.27,38.33,Electronics,5,Returned,Mobile App,International,P-409,SKU-4337,16.81,11.62,6.72,Returning,Debit Card
ORD-28233,CUST-11294,SESS-33233,CART-30233,2024-04-26,  496.50  ,229.00,14.52,Sports,2,Pending,Affiliate,East,P-921,SKU-140,248.25,8.46,39.72,Returning,Debit Card
ORD-28234,CUST-11294,SESS-33234,CART-30234,2023-12-07,137.95,46.58,10.50,Home,5,Returned,Social Media,North,P-152,SKU-2441,27.59,18.55,11.04,VIP,Credit Card
ORD-28235,CUST-11295,SESS-33235,CART-30235,2024-11-23,261.01,135.03,33.40,Sports,2,Completed,Social Media,International,P-908,SKU-4551,130.51,0.91,20.88,New,PayPal
ORD-28236,CUST-11295,SESS-33236,CART-30236,2024-11-13,471.78,182.81,18.12,Beauty,1,Completed,Affiliate,South,P-478,SKU-2551,471.78,15.34,37.74,Returning,PayPal
ORD-28237,CUST-11295,SESS-33237,CART-30237,2026-02-06,456.05,224.49,7.66,Sports,3,Cancelled,Mobile App,East,P-596,SKU-3636,152.02,2.85,36.48,Returning,Debit Card
ORD-28238,CUST-11296,SESS-33238,CART-30238,2024-07-27,141.47,50.37,48.20,Home,4,Cancelled,Mobile App,East,P-625,SKU-4355,35.37,12.01,11.32,Returning,Debit Card
ORD-28239,CUST-11296,SESS-33239,CART-30239,2023-12-28,31.60,14.40,43.34,Electronics,2,Cancelled,Social Media,West,P-158,SKU-1766,15.80,4.48,2.53,Returning,Debit Card
ORD-28240,CUST-11297,SESS-33240,CART-30240,2025-02-12,205.20,75.84,39.05,Electronics,4,Shipped,Affiliate,South,P-226,SKU-1613,51.30,15.28,16.42,New,Credit Card
ORD-28241,CUST-11297,SESS-33241,CART-30241,2024-09-05,NULL,237.01,41.83,Beauty,2,Returned,Mobile App,North,P-170,SKU-1749,232.43,17.12,37.19,VIP,Debit Card
ORD-28242,CUST-11297,SESS-33242,CART-30242,2025-02-14,250.09,118.95,35.07,Electronics,5,Completed,Web,South,P-374,SKU-4544,50.02,10.38,20.01,VIP,Credit Card
ORD-28243,CUST-11298,SESS-33243,CART-30243,2023-03-19,40.12,16.66,30.14,Electronics,2,Returned,Social Media,West,P-45,SKU-2050,20.06,9.89,3.21,VIP,Credit Card
ORD-28244,CUST-11298,SESS-33244,CART-30244,2024-12-29,473.42,181.06,37.71,Home,1,Cancelled,Mobile App,West,P-870,SKU-4675,473.42,16.25,37.87,New,Debit Card
ORD-28245,CUST-11299,SESS-33245,CART-30245,1730446349450,237.01,139.73,18.09,Electronics,3,Completed,Web,South,P-158,SKU-1258,79.00,8.16,18.96,Returning,PayPal
ORD-28246,CUST-11299,SESS-33246,CART-30246,3/25/2025,113.19,47.29,1.12,Fashion,2,Returned,Social Media,International,P-944,SKU-3741,56.60,0.02,9.06,Returning,PayPal
ORD-28247,CUST-11299,SESS-33247,CART-30247,2025-05-11,336.14,147.74,44.69,Electronics,5,Pending,Mobile App,West,P-254,SKU-833,67.23,0.00,26.89,Returning,Crypto
ORD-28248,CUST-11300,SESS-33248,CART-30248,2023-03-18,20.79,7.81,35.33,Fashion,4,Completed,Affiliate,East,P-921,SKU-832,5.20,7.17,1.66,Returning,Crypto
ORD-28249,CUST-11300,SESS-33249,CART-30249,2025-10-04,432.65,224.01,26.22,Home,1,Pending,Web,South,P-389,SKU-713,432.65,9.26,34.61,New,Credit Card
ORD-28250,CUST-11301,SESS-33250,CART-30250,2024-09-26,327.95,134.89,21.89,Beauty,1,Completed,Social Media,North,P-8,SKU-4368,327.95,7.25,26.24,New,Debit Card
ORD-28251,CUST-11301,SESS-33251,CART-30251,2026-02-25,278.14,103.42,20.21,Sports,1,Shipped,Web,South,P-495,SKU-590,278.14,5.56,22.25,VIP,Debit Card
ORD-28252,CUST-11301,SESS-33252,CART-30252,2023-09-20,116.42,45.46,18.81,Home,4,Returned,Social Media,North,P-891,SKU-1375,29.10,5.77,9.31,Returning,PayPal
ORD-28253,CUST-11302,SESS-33253,CART-30253,2024-10-17,399.51,239.43,41.45,Beauty,1,Shipped,Affiliate,International,P-448,SKU-1615,399.51,16.42,31.96,Returning,Crypto
ORD-28254,CUST-11302,SESS-33254,CART-30254,1742573957463,306.86,128.30,26.71,Sports,5,Pending,Web,East,P-374,SKU-129,61.37,12.45,24.55,VIP,PayPal
ORD-28255,CUST-11303,SESS-33255,CART-30255,2024-03-12,58.98,21.84,8.05,Electronics,3,Cancelled,Social Media,East,P-700,SKU-1719,19.66,15.31,4.72,VIP,Crypto
ORD-28256,CUST-11303,SESS-33256,CART-30256,2025-12-06,56.33,32.90,37.31,Electronics,4,Returned,Affiliate,South,P-357,SKU-312,14.08,10.09,4.51,VIP,PayPal
ORD-28257,CUST-11303,SESS-33257,CART-30257,2025-11-20,97.99,55.31,0.65,Home,2,Pending,Social Media,International,P-996,SKU-3338,49.00,19.58,7.84,New,Debit Card
ORD-28258,CUST-11304,SESS-33258,CART-30258,2025-02-24,444.36,183.59,12.05,Electronics,2,Cancelled,Social Media,West,P-268,SKU-1543,222.18,3.79,35.55,Returning,Credit Card
ORD-28259,CUST-11304,SESS-33259,CART-30259,2025-08-10,221.09,87.05,41.70,Beauty,4,Returned,Social Media,East,P-290,SKU-2400,55.27,12.18,17.69,Returning,Credit Card
ORD-28260,CUST-11305,SESS-33260,CART-30260,2023-03-04,28.81,14.81,34.29,Beauty,3,Shipped,Affiliate,West,P-400,SKU-1559,9.60,18.14,2.30,VIP,PayPal
ORD-28261,CUST-11305,SESS-33261,CART-30261,2023-10-31,329.77,153.40,11.98,Fashion,4,Cancelled,Web,South,P-380,SKU-3900,82.44,9.81,26.38,Returning,Crypto
ORD-28262,CUST-11305,SESS-33262,CART-30262,6/3/2025,12.95,7.57,14.75,Beauty,2,Cancelled,Affiliate,West,P-811,SKU-1077,6.48,15.74,1.04,Returning,Credit Card
ORD-28263,CUST-11306,SESS-33263,CART-30263,2026-02-03,  56.30  ,21.62,4.12,Sports,5,Returned,Mobile App,West,P-245,SKU-522,11.26,2.50,4.50,New,PayPal
ORD-28264,CUST-11306,SESS-33264,CART-30264,2024-07-20,492.41,272.68,33.69,Sports,1,Returned,Mobile App,East,P-480,SKU-1725,492.41,6.35,39.39,New,Debit Card
ORD-28265,CUST-11307,SESS-33265,CART-30265,2024-04-14,242.55,91.74,31.59,Sports,1,Completed,Mobile App,North,P-118,SKU-2390,242.55,14.07,19.40,Returning,PayPal
ORD-28266,CUST-11307,SESS-33266,CART-30266,2024-01-04,268.05,130.76,36.19,Home,5,Returned,Mobile App,South,P-248,SKU-1282,53.61,7.81,21.44,VIP,PayPal
ORD-28267,CUST-11307,SESS-33267,CART-30267,9/11/2023,261.02,155.15,33.36,Sports,1,Shipped,Web,North,P-122,SKU-329,261.02,12.45,20.88,VIP,PayPal
ORD-28268,CUST-11308,SESS-33268,CART-30268,2023-10-12,47.58,24.19,35.08,Electronics,3,Returned,Social Media,International,P-245,SKU-609,15.86,10.07,3.81,VIP,Debit Card
ORD-28269,CUST-11308,SESS-33269,CART-30269,2025-09-08,59.09,31.99,44.27,Electronics,2,Cancelled,Affiliate,West,P-35,SKU-2294,29.55,14.44,4.73,VIP,Crypto
ORD-28270,CUST-11309,SESS-33270,CART-30270,2023-11-12,301.02,155.63,9.73,Sports,3,Pending,Web,North,P-394,SKU-1995,100.34,3.14,24.08,VIP,Credit Card
ORD-28271,CUST-11309,SESS-33271,CART-30271,2025-02-27,329.86,167.59,4.32,Fashion,2,Completed,Affiliate,International,P-178,SKU-15,164.93,10.73,26.39,Returning,Crypto
ORD-28272,CUST-11309,SESS-33272,CART-30272,2025-01-14,291.33,156.68,38.91,Fashion,1,Shipped,Social Media,International,P-381,SKU-793,291.33,16.09,23.31,Returning,PayPal
ORD-28273,CUST-11310,SESS-33273,CART-30273,2024-07-09,,85.80,49.93,Beauty,2,Returned,Mobile App,International,P-26,SKU-3650,94.93,10.51,15.19,New,Debit Card
ORD-28274,CUST-11310,SESS-33274,CART-30274,2024-03-18,442.76,185.99,40.00,Sports,1,Pending,Social Media,East,P-493,SKU-772,442.76,15.99,35.42,Returning,Crypto
ORD-28275,CUST-11311,SESS-33275,CART-30275,2024-08-23,383.85,222.93,29.90,Fashion,4,Cancelled,Affiliate,West,P-606,SKU-2609,95.96,19.99,30.71,Returning,PayPal
ORD-28276,CUST-11311,SESS-33276,CART-30276,2023-10-16,66.63,22.38,16.25,Sports,2,Returned,Affiliate,West,P-708,SKU-847,33.32,16.01,5.33,VIP,Credit Card
ORD-28277,CUST-11311,SESS-33277,CART-30277,2024-01-23,414.47,197.63,18.60,Sports,5,Completed,Affiliate,South,P-292,SKU-420,82.89,13.98,33.16,VIP,Debit Card
ORD-28278,CUST-11312,SESS-33278,CART-30278,2023-11-04,223.18,130.72,25.02,,2,Returned,Affiliate,West,P-795,SKU-4749,111.59,19.15,17.85,Returning,Crypto
ORD-28279,CUST-11312,SESS-33279,CART-30279,2023-11-06,,147.06,32.86,Electronics,3,Pending,Affiliate,North,P-626,SKU-2253,125.29,10.83,30.07,VIP,Crypto
ORD-28280,CUST-11313,SESS-33280,CART-30280,2025-05-13,400.95,122.78,27.36,Electronics,3,Pending,Mobile App,East,P-499,SKU-2396,133.65,2.41,32.08,Returning,Debit Card
ORD-28281,CUST-11313,SESS-33281,CART-30281,2026-01-21,304.84,113.83,24.17,Beauty,1,Completed,Web,North,P-768,SKU-4068,304.84,14.66,24.39,Returning,Crypto
ORD-28282,CUST-11313,SESS-33282,CART-30282,2023-11-23,371.12,186.51,9.65,NULL,1,Pending,Mobile App,North,P-490,SKU-3442,371.12,11.13,29.69,VIP,PayPal
ORD-28283,CUST-11314,SESS-33283,CART-30283,2024-06-26,394.77,148.25,48.65,Home,1,Cancelled,Mobile App,West,P-239,SKU-3011,394.77,0.89,31.58,New,PayPal
ORD-28284,CUST-11314,SESS-33284,CART-30284,11/13/2023,121.80,63.01,29.08,Fashion,4,Shipped,Social Media,North,P-636,SKU-1883,30.45,17.65,9.74,VIP,Credit Card
ORD-28285,CUST-11315,SESS-33285,CART-30285,2023-07-31,141.97,55.23,29.20,Beauty,3,Returned,Affiliate,East,P-46,SKU-2718,47.32,6.28,11.36,New,Crypto
ORD-28286,CUST-11315,SESS-33286,CART-30286,2026-01-18,453.96,147.13,35.54,Beauty,5,Pending,Affiliate,South,P-957,SKU-2267,90.79,12.04,36.32,VIP,Crypto
ORD-28287,CUST-11315,SESS-33287,CART-30287,2025-12-07,94.53,41.34,4.70,Home,4,Cancelled,Mobile App,International,P-474,SKU-3927,23.63,8.82,7.56,Returning,Credit Card
ORD-28288,CUST-11316,SESS-33288,CART-30288,2024-03-26,294.44,88.55,31.27,Beauty,4,Pending,Web,North,P-263,SKU-2156,73.61,1.37,23.55,Returning,Credit Card
ORD-28289,CUST-11316,SESS-33289,CART-30289,2025-12-29,412.95,229.11,9.00,Home,1,Shipped,Social Media,South,P-978,SKU-1911,412.95,16.64,33.04,New,PayPal
ORD-28290,CUST-11317,SESS-33290,CART-30290,2023-08-15,148.09,51.84,6.52,Fashion,2,Cancelled,Mobile App,North,P-712,SKU-4644,74.05,0.66,11.85,Returning,Debit Card
ORD-28291,CUST-11317,SESS-33291,CART-30291,2024-02-02,194.26,75.44,29.63,Fashion,,Pending,Affiliate,International,P-977,SKU-3267,194.26,14.03,15.54,Returning,Crypto
ORD-28292,CUST-11317,SESS-33292,CART-30292,2025-02-16,493.07,287.38,42.23,Electronics,3,Completed,Social Media,North,P-578,SKU-4806,164.36,3.17,39.45,Returning,Debit Card
ORD-28293,CUST-11318,SESS-33293,CART-30293,2026-01-03,28.81,10.32,47.56,Fashion,3,Completed,Affiliate,International,P-740,SKU-1660,9.60,19.03,2.31,New,PayPal
ORD-28294,CUST-11318,SESS-33294,CART-30294,2023-06-28,415.64,125.17,47.18,Electronics,5,Shipped,Social Media,East,P-53,SKU-4362,83.13,5.83,33.25,Returning,PayPal
ORD-28295,CUST-11319,SESS-33295,CART-30295,2023-02-05,376.32,175.22,18.73,Beauty,3,Completed,Social Media,North,P-524,SKU-566,125.44,17.90,30.11,VIP,Credit Card
ORD-28296,CUST-11319,SESS-33296,CART-30296,2025-05-25,429.03,141.42,10.25,Sports,4,Cancelled,Web,West,P-836,SKU-2426,107.26,0.00,34.32,Returning,Credit Card
ORD-28297,CUST-11319,SESS-33297,CART-30297,2025-12-17,398.95,123.74,23.32,Electronics,,Returned,Social Media,West,P-514,SKU-1329,132.98,1.97,31.92,New,Credit Card
ORD-28298,CUST-11320,SESS-33298,CART-30298,2025-01-22,428.51,245.73,31.27,Home,1,Pending,Social Media,East,P-572,SKU-990,428.51,1.02,34.28,New,Crypto
ORD-28299,CUST-11320,SESS-33299,CART-30299,2023-12-28,,131.65,12.19,Electronics,5,Cancelled,Mobile App,East,P-828,SKU-1533,52.24,11.57,20.90,Returning,Credit Card
ORD-28300,CUST-11321,SESS-33300,CART-30300,2026-03-12,384.20,188.16,14.06,Fashion,3,Shipped,Web,South,P-448,SKU-2157,128.07,10.38,30.74,Returning,PayPal
ORD-28301,CUST-11321,SESS-33301,CART-30301,2025-03-08,163.71,82.63,0.86,Electronics,4,Cancelled,Mobile App,International,P-123,SKU-4241,40.93,18.10,13.10,VIP,Debit Card
ORD-28302,CUST-11321,SESS-33302,CART-30302,2023-11-15,369.37,183.91,11.21,Fashion,2,Completed,Web,South,P-803,SKU-2538,184.69,12.29,29.55,VIP,Debit Card
ORD-28303,CUST-11322,SESS-33303,CART-30303,2023-06-11,481.03,249.10,45.15,  beauty  ,1,Completed,Social Media,West,P-390,SKU-1136,481.03,2.68,38.48,Returning,Debit Card
ORD-28304,CUST-11322,SESS-33304,CART-30304,2025-08-19,92.34,37.02,25.90,Electronics,1,Shipped,Affiliate,East,P-256,SKU-770,92.34,16.13,7.39,Returning,Credit Card
ORD-28305,CUST-11323,SESS-33305,CART-30305,2025-11-20,478.32,279.89,34.88,Sports,1,Cancelled,Mobile App,West,P-385,SKU-196,478.32,2.06,38.27,Returning,PayPal
ORD-28306,CUST-11323,SESS-33306,CART-30306,2024-06-21,11.71,3.79,16.39,Home,1,Completed,Affiliate,South,P-510,SKU-4203,11.71,13.25,0.94,VIP,Crypto
ORD-28307,CUST-11323,SESS-33307,CART-30307,2025-12-14,303.74,155.64,5.82,Electronics,4,Cancelled,Affiliate,West,P-359,SKU-1717,75.93,6.15,24.30,Returning,Credit Card
ORD-28308,CUST-11324,SESS-33308,CART-30308,2026-01-05,317.33,151.45,41.09,Fashion,5,Completed,Social Media,East,P-316,SKU-2873,63.47,11.10,25.39,VIP,Credit Card
ORD-28309,CUST-11324,SESS-33309,CART-30309,2024-09-09,175.45,73.87,42.42,Home,3,Returned,Web,South,P-596,SKU-3485,58.48,15.84,14.04,Returning,PayPal
ORD-28310,CUST-11325,SESS-33310,CART-30310,9/26/2025,193.05,109.65,12.35,Beauty,1,Returned,Web,North,P-787,SKU-2047,193.05,3.03,15.44,New,Debit Card
ORD-28311,CUST-11325,SESS-33311,CART-30311,2025-07-16,446.63,212.85,18.95,Home,1,Completed,Web,South,P-688,SKU-1794,446.63,0.04,35.73,VIP,Credit Card
ORD-28312,CUST-11325,SESS-33312,CART-30312,2024-08-24,134.46,73.12,39.78,Sports,4,Shipped,Mobile App,East,P-961,SKU-1137,33.62,14.99,10.76,New,Crypto
ORD-28313,CUST-11326,SESS-33313,CART-30313,2024-08-05,275.11,103.29,43.10,Sports,2,Pending,Web,International,P-20,SKU-4976,137.56,17.40,22.01,Returning,Credit Card
ORD-28314,CUST-11326,SESS-33314,CART-30314,2025-03-28,320.54,156.13,29.00,Home,4,Shipped,Mobile App,East,P-19,SKU-1588,80.13,12.58,25.64,Returning,Credit Card
ORD-28315,CUST-11327,SESS-33315,CART-30315,2023-11-07,370.46,164.17,16.09,Beauty,2,Completed,Affiliate,International,P-659,SKU-4807,185.23,2.12,29.64,Returning,Credit Card
ORD-28316,CUST-11327,SESS-33316,CART-30316,1/5/2025,337.73,182.31,23.00,Beauty,5,Cancelled,Social Media,West,P-318,SKU-1896,67.55,13.48,27.02,Returning,PayPal
ORD-28317,CUST-11327,SESS-33317,CART-30317,1764917842940,320.83,158.39,23.96,Fashion,4,Shipped,Affiliate,West,P-518,SKU-970,80.21,2.16,25.67,New,Credit Card
ORD-28318,CUST-11328,SESS-33318,CART-30318,2024-11-24,228.65,111.55,46.15,Beauty,3,Completed,Social Media,South,P-575,SKU-4354,76.22,7.36,18.29,VIP,PayPal
ORD-28319,CUST-11328,SESS-33319,CART-30319,2024-04-25,34.13,16.77,25.41,Sports,4,Completed,Web,South,P-425,SKU-2804,8.53,3.93,2.73,VIP,Credit Card
ORD-28320,CUST-11329,SESS-33320,CART-30320,2024-12-22,137.22,59.75,13.98,Electronics,2,Cancelled,Social Media,North,P-681,SKU-2108,68.61,8.43,10.98,Returning,Debit Card
ORD-28321,CUST-11329,SESS-33321,CART-30321,2023-11-12,248.08,95.24,31.38,Home,5,Returned,Mobile App,South,P-158,SKU-4326,49.62,12.73,19.85,New,Crypto
ORD-28322,CUST-11329,SESS-33322,CART-30322,2025-11-01,293.53,138.90,37.38,Sports,5,Completed,Affiliate,South,P-956,SKU-3708,58.71,12.73,23.48,VIP,Debit Card
ORD-28323,CUST-11330,SESS-33323,CART-30323,2023-12-10,318.13,159.16,44.61,Sports,3,Returned,Social Media,East,P-632,SKU-1668,106.04,2.25,25.45,VIP,Credit Card
ORD-28324,CUST-11330,SESS-33324,CART-30324,2024-07-22,203.10,118.72,47.31,Beauty,5,Pending,Social Media,South,P-925,SKU-3173,40.62,8.51,16.25,Returning,Credit Card
ORD-28325,CUST-11331,SESS-33325,CART-30325,2025-11-19,82.87,48.49,22.44,Sports,4,Pending,Mobile App,East,P-443,SKU-4684,20.72,0.05,6.63,VIP,Crypto
ORD-28326,CUST-11331,SESS-33326,CART-30326,2023-09-22,125.08,45.75,22.33,Sports,2,Cancelled,Web,South,P-869,SKU-1999,62.54,19.60,10.01,New,Credit Card
ORD-28327,CUST-11331,SESS-33327,CART-30327,2024-07-27,501.39,165.74,4.20,Sports,3,Returned,Web,East,P-110,SKU-295,167.13,4.27,40.11,Returning,Crypto
ORD-28328,CUST-11332,SESS-33328,CART-30328,2025-10-19,406.73,232.38,43.08,Fashion,2,Returned,Mobile App,West,P-559,SKU-178,203.36,6.20,32.54,New,Credit Card
ORD-28329,CUST-11332,SESS-33329,CART-30329,2026-03-07,462.75,196.98,8.44,Fashion,3,Returned,Mobile App,North,P-978,SKU-1976,154.25,12.81,37.02,Returning,Credit Card
ORD-28330,CUST-11333,SESS-33330,CART-30330,2024-06-05,152.62,47.94,19.90,Fashion,3,Returned,Social Media,South,P-957,SKU-1922,50.87,5.49,12.21,Returning,Crypto
ORD-28331,CUST-11333,SESS-33331,CART-30331,9/10/2023,403.22,145.50,12.13,Electronics,3,Pending,Social Media,North,P-1,SKU-1119,134.41,2.04,32.26,New,Crypto
ORD-28332,CUST-11333,SESS-33332,CART-30332,2024-10-04,44.16,16.79,36.70,Home,2,Returned,Social Media,West,P-425,SKU-2292,22.08,7.94,3.53,New,Credit Card
ORD-28333,CUST-11334,SESS-33333,CART-30333,2023-08-01,241.88,83.99,49.55,Beauty,5,Cancelled,Web,International,P-63,SKU-874,48.38,19.92,19.35,Returning,Debit Card
ORD-28334,CUST-11334,SESS-33334,CART-30334,2024-10-10,410.76,177.98,10.36,Electronics,4,Returned,Web,South,P-545,SKU-2292,102.69,16.56,32.86,New,Debit Card
ORD-28335,CUST-11335,SESS-33335,CART-30335,2023-09-30,162.23,95.83,26.39,Sports,2,Completed,Social Media,North,P-80,SKU-3772,81.11,15.02,12.98,Returning,Credit Card
ORD-28336,CUST-11335,SESS-33336,CART-30336,2026-02-15,467.24,182.74,1.33,Sports,1,Shipped,Web,East,P-866,SKU-3925,467.24,15.25,37.38,VIP,PayPal
ORD-28337,CUST-11335,SESS-33337,CART-30337,2026-01-24,254.65,86.00,30.82,Beauty,5,Completed,Social Media,International,P-800,SKU-2555,50.93,16.04,20.37,VIP,Crypto
ORD-28338,CUST-11336,SESS-33338,CART-30338,2024-12-03,351.34,156.78,16.29,Electronics,5,Cancelled,Social Media,North,P-964,SKU-1515,70.27,0.54,28.11,Returning,Debit Card
ORD-28339,CUST-11336,SESS-33339,CART-30339,2023-05-03,179.77,77.08,28.10,Sports,2,Returned,Web,West,P-618,SKU-4556,89.88,14.65,14.38,Returning,Crypto
ORD-28340,CUST-11337,SESS-33340,CART-30340,2024-06-27,76.61,41.28,38.83,Sports,3,Pending,Affiliate,South,P-465,SKU-1681,25.54,11.97,6.13,New,Debit Card
ORD-28341,CUST-11337,SESS-33341,CART-30341,2025-04-14,383.99,161.68,48.96,Beauty,3,Pending,Affiliate,North,P-711,SKU-2018,128.00,3.82,30.72,New,PayPal
ORD-28342,CUST-11337,SESS-33342,CART-30342,2025-03-12,60.07,32.78,34.46,Fashion,3,Completed,Web,South,P-45,SKU-1950,20.02,6.11,4.81,New,Crypto
ORD-28343,CUST-11338,SESS-33343,CART-30343,2025-03-30,209.75,64.99,30.37,Beauty,1,Returned,Social Media,International,P-169,SKU-4952,209.75,8.15,16.78,VIP,Debit Card
ORD-28344,CUST-11338,SESS-33344,CART-30344,2025-03-05,336.37,128.70,31.06,Sports,3,Completed,Mobile App,West,P-780,SKU-4898,112.12,7.32,26.91,VIP,Credit Card
ORD-28345,CUST-11339,SESS-33345,CART-30345,2023-03-12,82.52,37.84,9.21,Beauty,4,Returned,Mobile App,International,P-102,SKU-2526,20.63,17.10,6.60,VIP,Credit Card
ORD-28346,CUST-11339,SESS-33346,CART-30346,2025-08-23,NULL,152.34,13.63,,3,Returned,Affiliate,International,P-418,SKU-1356,98.11,2.05,23.55,New,Credit Card
ORD-28347,CUST-11339,SESS-33347,CART-30347,2023-10-07,43.95,17.12,38.72,Sports,3,Cancelled,Social Media,West,P-567,SKU-1784,14.65,11.44,3.52,VIP,PayPal
ORD-28348,CUST-11340,SESS-33348,CART-30348,2025-02-06,352.19,124.48,28.61,Home,4,Shipped,Mobile App,East,P-232,SKU-3894,88.05,10.45,28.18,New,Credit Card
ORD-28349,CUST-11340,SESS-33349,CART-30349,2023-10-24,436.86,180.51,7.01,Sports,5,Completed,Web,South,P-726,SKU-4329,87.37,5.13,34.95,Returning,PayPal
ORD-28350,CUST-11341,SESS-33350,CART-30350,2023-06-27,11.94,6.65,34.59,Electronics,1,Cancelled,Mobile App,South,P-761,SKU-605,11.94,4.08,0.96,Returning,Credit Card
ORD-28351,CUST-11341,SESS-33351,CART-30351,2023-04-21,377.35,218.35,43.97,Electronics,1,Returned,Affiliate,West,P-264,SKU-4179,377.35,13.02,30.19,New,PayPal
ORD-28352,CUST-11341,SESS-33352,CART-30352,2023-07-27,33.79,16.11,21.71,Home,4,Cancelled,Mobile App,North,P-57,SKU-1952,8.45,11.06,2.70,New,Debit Card
ORD-28353,CUST-11342,SESS-33353,CART-30353,2024-04-15,270.37,111.52,4.07,Beauty,1,Cancelled,Affiliate,International,P-121,SKU-2158,270.37,2.78,21.63,Returning,PayPal
ORD-28354,CUST-11342,SESS-33354,CART-30354,2024-03-11,34.10,20.38,47.73,Sports,5,Completed,Web,South,P-169,SKU-4669,6.82,1.48,2.73,VIP,Credit Card
ORD-28355,CUST-11343,SESS-33355,CART-30355,2025-01-30,233.72,124.43,25.41,Sports,4,Returned,Affiliate,North,P-642,SKU-693,58.43,14.27,18.70,VIP,Debit Card
ORD-28356,CUST-11343,SESS-33356,CART-30356,2024-03-25,469.81,154.32,9.89,Fashion,5,Shipped,Social Media,West,P-814,SKU-1589,93.96,19.06,37.58,Returning,Debit Card
ORD-28357,CUST-11343,SESS-33357,CART-30357,2023-05-09,,138.21,47.15,Beauty,3,Returned,Affiliate,International,P-824,SKU-4842,99.39,11.51,23.85,VIP,Credit Card
ORD-28358,CUST-11344,SESS-33358,CART-30358,8/23/2023,  342.41  ,184.40,37.29,Home,4,Pending,Affiliate,South,P-710,SKU-1637,85.60,4.82,27.39,Returning,Credit Card
ORD-28359,CUST-11344,SESS-33359,CART-30359,2025-09-01,155.22,56.21,49.90,Fashion,4,Cancelled,Affiliate,International,P-61,SKU-4247,38.81,6.91,12.42,Returning,Credit Card
ORD-28360,CUST-11345,SESS-33360,CART-30360,2023-10-25,344.12,176.29,5.41,Beauty,1,Pending,Affiliate,International,P-267,SKU-1648,344.12,11.90,27.53,VIP,Credit Card
ORD-28361,CUST-11345,SESS-33361,CART-30361,2023-04-06,149.27,50.84,3.94,Sports,1,Pending,Mobile App,East,P-751,SKU-1225,149.27,2.42,11.94,Returning,Debit Card
ORD-28362,CUST-11345,SESS-33362,CART-30362,2025-05-09,,33.82,27.36,Electronics,4,Cancelled,Web,North,P-784,SKU-2142,14.13,18.24,4.52,Returning,Credit Card
ORD-28363,CUST-11346,SESS-33363,CART-30363,2024-03-17,365.51,186.38,11.14,Beauty,2,Completed,Web,South,P-699,SKU-3405,182.76,0.44,29.24,Returning,Crypto
ORD-28364,CUST-11346,SESS-33364,CART-30364,1763530144644,491.07,248.59,40.48,Home,5,Shipped,Web,International,P-285,SKU-3,98.21,9.78,39.29,New,PayPal
ORD-28365,CUST-11347,SESS-33365,CART-30365,2026-01-02,379.90,174.02,29.48,Sports,3,Cancelled,Social Media,West,P-637,SKU-3444,126.63,0.91,30.39,VIP,Debit Card
ORD-28366,CUST-11347,SESS-33366,CART-30366,2023-04-14,310.23,176.66,18.00,Home,1,Returned,Web,East,P-705,SKU-4920,310.23,15.49,24.82,Returning,Crypto
ORD-28367,CUST-11347,SESS-33367,CART-30367,2025-01-17,316.46,119.48,49.93,Beauty,3,Shipped,Social Media,South,P-135,SKU-4747,105.49,8.23,25.32,New,Crypto
ORD-28368,CUST-11348,SESS-33368,CART-30368,2025-12-28,200.91,105.29,12.07,Sports,5,Pending,Affiliate,International,P-38,SKU-2403,40.18,8.61,16.07,VIP,Credit Card
ORD-28369,CUST-11348,SESS-33369,CART-30369,2025-11-07,309.38,180.53,18.24,Home,1,Shipped,Social Media,West,P-158,SKU-1393,309.38,15.55,24.75,New,Debit Card
ORD-28370,CUST-11349,SESS-33370,CART-30370,2023-05-06,468.27,140.52,40.02,Beauty,1,Shipped,Social Media,East,P-989,SKU-4038,468.27,6.99,37.46,Returning,Crypto
ORD-28371,CUST-11349,SESS-33371,CART-30371,2024-04-30,201.29,110.15,21.29,Beauty,4,Pending,Web,North,P-805,SKU-2544,50.32,5.74,16.10,Returning,Debit Card
ORD-28372,CUST-11349,SESS-33372,CART-30372,2023-11-19,358.02,149.75,4.32,Electronics,1,Returned,Web,South,P-241,SKU-4706,358.02,18.80,28.64,Returning,PayPal
ORD-28373,CUST-11350,SESS-33373,CART-30373,1/9/2024,389.71,176.67,44.74,Electronics,4,Returned,Affiliate,South,P-396,SKU-4298,97.43,13.51,31.18,Returning,Crypto
ORD-28374,CUST-11350,SESS-33374,CART-30374,2023-01-16,,230.11,30.87,Home,5,Returned,Mobile App,North,P-963,SKU-723,91.12,6.68,36.45,New,Crypto
ORD-28375,CUST-11351,SESS-33375,CART-30375,2024-03-25,425.09,181.68,12.32,Beauty,3,Returned,Web,North,P-49,SKU-690,141.70,9.97,34.01,New,Credit Card
ORD-28376,CUST-11351,SESS-33376,CART-30376,1753289176606,97.82,37.41,44.21,Sports,1,Completed,Affiliate,North,P-255,SKU-4633,97.82,6.05,7.83,New,Crypto
ORD-28377,CUST-11351,SESS-33377,CART-30377,2023-01-23,44.09,13.95,14.77,Sports,3,Pending,Affiliate,West,P-850,SKU-1728,14.70,19.08,3.53,New,Debit Card
ORD-28378,CUST-11352,SESS-33378,CART-30378,2024-07-09,213.22,81.75,22.55,  home  ,3,Pending,Mobile App,International,P-691,SKU-2406,71.07,10.88,17.06,Returning,Debit Card
ORD-28379,CUST-11352,SESS-33379,CART-30379,2025-09-17,27.03,13.27,25.67,  home  ,3,Completed,Affiliate,West,P-905,SKU-2252,9.01,12.03,2.16,New,PayPal
ORD-28380,CUST-11353,SESS-33380,CART-30380,2024-06-24,374.32,163.18,5.45,Beauty,4,Shipped,Social Media,International,P-113,SKU-1810,93.58,9.84,29.95,New,Credit Card
ORD-28381,CUST-11353,SESS-33381,CART-30381,2023-11-18,210.02,81.08,20.50,Electronics,4,Cancelled,Affiliate,West,P-920,SKU-3385,52.51,14.96,16.80,Returning,Debit Card
ORD-28382,CUST-11353,SESS-33382,CART-30382,2024-04-21,481.62,157.22,18.62,Fashion,1,Returned,Affiliate,International,P-59,SKU-278,481.62,0.52,38.53,Returning,Credit Card
ORD-28383,CUST-11354,SESS-33383,CART-30383,2024-05-05,54.78,22.99,38.65,Sports,5,Shipped,Affiliate,North,P-705,SKU-3823,10.96,19.12,4.38,New,PayPal
ORD-28384,CUST-11354,SESS-33384,CART-30384,2024-07-20,245.08,92.95,17.63,Electronics,3,Shipped,Social Media,International,P-884,SKU-3295,81.69,6.30,19.61,New,Credit Card
ORD-28385,CUST-11355,SESS-33385,CART-30385,2024-06-29,100.92,54.79,24.25,Electronics,1,Pending,Web,South,P-739,SKU-3907,100.92,14.76,8.07,Returning,Crypto
ORD-28386,CUST-11355,SESS-33386,CART-30386,2024-05-13,478.28,214.88,27.44,Fashion,2,Cancelled,Social Media,International,P-846,SKU-2249,239.14,16.90,38.26,Returning,Credit Card
ORD-28387,CUST-11355,SESS-33387,CART-30387,2025-10-13,73.15,36.51,14.32,Home,5,Returned,Social Media,North,P-897,SKU-4187,14.63,14.28,5.85,Returning,Crypto
ORD-28388,CUST-11356,SESS-33388,CART-30388,2024-01-05,287.15,132.44,9.00,Beauty,2,Cancelled,Mobile App,North,P-22,SKU-4927,143.58,19.52,22.97,Returning,Crypto
ORD-28389,CUST-11356,SESS-33389,CART-30389,2024-03-06,194.89,116.66,0.05,Fashion,4,Shipped,Web,North,P-232,SKU-4842,48.72,3.85,15.59,New,Crypto
ORD-28390,CUST-11357,SESS-33390,CART-30390,2023-07-16,108.59,45.71,5.80,Home,2,Returned,Web,West,P-953,SKU-4638,54.30,3.42,8.69,VIP,PayPal
ORD-28391,CUST-11357,SESS-33391,CART-30391,2024-05-05,203.92,63.64,20.43,Beauty,2,Completed,Affiliate,West,P-577,SKU-4397,101.96,4.10,16.31,VIP,Debit Card
ORD-28392,CUST-11357,SESS-33392,CART-30392,2024-10-21,194.59,75.57,37.03,Fashion,2,Pending,Affiliate,South,P-426,SKU-4564,97.30,14.67,15.57,Returning,Debit Card
ORD-28393,CUST-11358,SESS-33393,CART-30393,2024-09-24,167.81,99.18,28.07,Beauty,2,Returned,Web,East,P-848,SKU-952,83.90,14.55,13.42,VIP,PayPal
ORD-28394,CUST-11358,SESS-33394,CART-30394,2024-02-24,433.23,156.44,20.46,Fashion,3,Completed,Web,East,P-180,SKU-547,144.41,2.61,34.66,VIP,Debit Card
ORD-28395,CUST-11359,SESS-33395,CART-30395,2024-07-17,461.37,145.66,7.64,Fashion,3,Shipped,Social Media,West,P-730,SKU-1438,153.79,12.12,36.91,New,PayPal
ORD-28396,CUST-11359,SESS-33396,CART-30396,2023-09-01,310.44,173.39,29.30,Beauty,2,Pending,Social Media,North,P-574,SKU-2686,155.22,15.78,24.83,VIP,PayPal
ORD-28397,CUST-11359,SESS-33397,CART-30397,1/22/2024,143.41,78.14,34.13,  fashion  ,5,Completed,Affiliate,South,P-672,SKU-2629,28.68,7.91,11.47,New,Crypto
ORD-28398,CUST-11360,SESS-33398,CART-30398,2024-04-24,434.44,247.40,30.83,Beauty,1,Pending,Web,International,P-200,SKU-2918,434.44,14.59,34.76,Returning,Debit Card
ORD-28399,CUST-11360,SESS-33399,CART-30399,2023-01-12,432.78,161.48,29.07,Electronics,3,Returned,Web,North,P-331,SKU-3395,144.26,16.36,34.62,New,Credit Card
ORD-28400,CUST-11361,SESS-33400,CART-30400,2025-12-16,307.28,137.27,48.39,Home,4,Pending,Affiliate,South,P-631,SKU-1482,76.82,1.30,24.58,Returning,PayPal
ORD-28401,CUST-11361,SESS-33401,CART-30401,2025-02-18,126.40,38.44,21.77,Sports,5,Returned,Mobile App,International,P-694,SKU-1895,25.28,10.43,10.11,Returning,Credit Card
ORD-28402,CUST-11361,SESS-33402,CART-30402,2/21/2023,27.60,12.71,46.94,Beauty,2,Returned,Mobile App,East,P-514,SKU-4993,13.80,16.09,2.21,New,Debit Card
ORD-28403,CUST-11362,SESS-33403,CART-30403,2023-08-02,389.80,168.56,13.01,Beauty,4,Shipped,Mobile App,West,P-724,SKU-2446,97.45,12.89,31.18,New,Debit Card
ORD-28404,CUST-11362,SESS-33404,CART-30404,2023-03-19,237.87,137.37,27.32,Beauty,5,Pending,Affiliate,South,P-140,SKU-2242,47.57,10.59,19.03,New,Credit Card
ORD-28405,CUST-11363,SESS-33405,CART-30405,2023-12-15,348.37,108.31,37.04,Electronics,4,Cancelled,Affiliate,International,P-451,SKU-3491,87.09,13.12,27.87,VIP,Debit Card
ORD-28406,CUST-11363,SESS-33406,CART-30406,2026-01-31,185.87,82.51,44.80,Electronics,3,Shipped,Social Media,East,P-540,SKU-2489,61.96,19.56,14.87,Returning,PayPal
ORD-28407,CUST-11363,SESS-33407,CART-30407,2023-07-14,492.97,208.70,44.95,Home,5,Shipped,Web,South,P-895,SKU-2363,98.59,7.53,39.44,New,Debit Card
ORD-28408,CUST-11364,SESS-33408,CART-30408,2024-05-04,484.73,200.01,40.48,Sports,5,Returned,Social Media,West,P-234,SKU-1739,96.95,12.51,38.78,New,Crypto
ORD-28409,CUST-11364,SESS-33409,CART-30409,2025-10-30,  489.95  ,200.79,44.59,Sports,1,Shipped,Social Media,International,P-635,SKU-3498,489.95,12.01,39.20,VIP,Crypto
ORD-28410,CUST-11365,SESS-33410,CART-30410,2023-10-15,385.06,192.87,9.83,Home,,Pending,Mobile App,East,P-740,SKU-1572,96.27,5.78,30.81,New,Credit Card
ORD-28411,CUST-11365,SESS-33411,CART-30411,2024-02-12,117.72,67.07,34.11,Fashion,1,Completed,Mobile App,West,P-225,SKU-214,117.72,11.44,9.42,New,Crypto
ORD-28412,CUST-11365,SESS-33412,CART-30412,2025-09-04,191.08,77.71,3.32,Fashion,4,Cancelled,Social Media,International,P-335,SKU-4987,47.77,9.70,15.29,New,PayPal
ORD-28413,CUST-11366,SESS-33413,CART-30413,2023-06-10,506.44,288.05,37.97,Electronics,4,Returned,Mobile App,East,P-405,SKU-319,126.61,1.32,40.52,New,PayPal
ORD-28414,CUST-11366,SESS-33414,CART-30414,2/26/2026,105.30,41.56,37.70,Beauty,1,Pending,Web,East,P-747,SKU-535,105.30,7.09,8.42,Returning,Credit Card
ORD-28415,CUST-11367,SESS-33415,CART-30415,2024-04-26,490.06,234.66,38.72,Electronics,2,Cancelled,Social Media,North,P-49,SKU-3973,245.03,14.48,39.20,VIP,PayPal
ORD-28416,CUST-11367,SESS-33416,CART-30416,2024-11-05,254.07,122.40,30.36,Home,1,Cancelled,Web,South,P-19,SKU-353,254.07,10.33,20.33,VIP,Crypto
ORD-28417,CUST-11367,SESS-33417,CART-30417,2025-10-06,88.66,47.30,27.99,Beauty,2,Cancelled,Web,North,P-882,SKU-3792,44.33,4.91,7.09,New,Crypto
ORD-28418,CUST-11368,SESS-33418,CART-30418,2023-03-01,112.20,56.66,3.12,Beauty,4,Completed,Web,North,P-377,SKU-1492,28.05,6.43,8.98,Returning,Credit Card
ORD-28419,CUST-11368,SESS-33419,CART-30419,2026-01-05,388.32,172.31,22.56,Fashion,1,Shipped,Affiliate,West,P-557,SKU-3321,388.32,19.85,31.07,Returning,Crypto
ORD-28420,CUST-11369,SESS-33420,CART-30420,2025-03-03,406.90,162.35,16.94,Sports,2,Completed,Mobile App,International,P-857,SKU-2215,203.45,14.67,32.55,Returning,PayPal
ORD-28421,CUST-11369,SESS-33421,CART-30421,2024-03-03,275.87,118.45,7.22,Fashion,4,Returned,Affiliate,East,P-498,SKU-4664,68.97,17.88,22.07,VIP,PayPal
ORD-28422,CUST-11369,SESS-33422,CART-30422,2025-01-03,446.00,148.76,23.95,Beauty,4,Completed,Social Media,South,P-576,SKU-2418,111.50,7.09,35.68,Returning,Debit Card
ORD-28423,CUST-11370,SESS-33423,CART-30423,2024-06-14,137.02,50.13,48.97,Electronics,2,Shipped,Mobile App,International,P-272,SKU-2778,68.51,3.23,10.96,VIP,Crypto
ORD-28424,CUST-11370,SESS-33424,CART-30424,2023-10-07,465.25,157.37,32.60,Beauty,4,Cancelled,Web,International,P-663,SKU-4424,116.31,3.47,37.22,VIP,Debit Card
ORD-28425,CUST-11371,SESS-33425,CART-30425,6/23/2025,426.64,150.75,18.31,Home,2,Shipped,Social Media,East,P-272,SKU-2066,213.32,2.52,34.13,New,Credit Card
ORD-28426,CUST-11371,SESS-33426,CART-30426,2023-05-03,425.62,241.90,49.57,Fashion,5,Returned,Affiliate,International,P-417,SKU-3579,85.12,10.70,34.05,Returning,Crypto
ORD-28427,CUST-11371,SESS-33427,CART-30427,2025-06-14,285.18,139.06,49.99,Sports,4,Cancelled,Social Media,South,P-411,SKU-641,71.29,2.37,22.81,Returning,Debit Card
ORD-28428,CUST-11372,SESS-33428,CART-30428,1697773287430,314.50,140.22,49.70,Beauty,1,Returned,Web,North,P-778,SKU-1538,314.50,17.30,25.16,VIP,Credit Card
ORD-28429,CUST-11372,SESS-33429,CART-30429,2025-01-30,202.71,66.09,0.57,Electronics,2,Shipped,Affiliate,East,P-116,SKU-1461,101.36,7.49,16.22,Returning,Debit Card
ORD-28430,CUST-11373,SESS-33430,CART-30430,2024-04-23,25.54,12.47,8.73,Electronics,4,Pending,Web,East,P-314,SKU-1650,6.39,11.33,2.04,New,PayPal
ORD-28431,CUST-11373,SESS-33431,CART-30431,2024-01-15,299.36,97.99,15.49,Beauty,3,Returned,Web,East,P-214,SKU-2078,99.79,6.60,23.95,VIP,PayPal
ORD-28432,CUST-11373,SESS-33432,CART-30432,2024-12-09,216.65,88.19,25.78,Beauty,1,Cancelled,Social Media,International,P-672,SKU-3927,216.65,11.75,17.33,VIP,PayPal
ORD-28433,CUST-11374,SESS-33433,CART-30433,2023-01-01,445.07,196.73,48.86,Home,4,Returned,Web,West,P-969,SKU-1451,111.27,9.64,35.61,New,Credit Card
ORD-28434,CUST-11374,SESS-33434,CART-30434,2023-02-04,192.30,98.56,43.87,Sports,5,Shipped,Affiliate,North,P-348,SKU-2693,38.46,15.39,15.38,VIP,Crypto
ORD-28435,CUST-11375,SESS-33435,CART-30435,2024-03-19,48.57,28.01,14.55,Beauty,1,Completed,Affiliate,International,P-307,SKU-2338,48.57,18.43,3.89,VIP,Crypto
ORD-28436,CUST-11375,SESS-33436,CART-30436,2025-01-08,24.24,9.45,15.46,Beauty,1,Completed,Mobile App,East,P-860,SKU-3321,24.24,10.93,1.94,New,PayPal
ORD-28437,CUST-11375,SESS-33437,CART-30437,2025-01-15,102.55,56.53,0.91,Electronics,3,Returned,Affiliate,International,P-467,SKU-2497,34.18,11.38,8.20,New,Credit Card
ORD-28438,CUST-11376,SESS-33438,CART-30438,2023-02-09,157.46,74.46,22.74,Beauty,5,Returned,Web,International,P-30,SKU-1131,31.49,11.19,12.60,New,Debit Card
ORD-28439,CUST-11376,SESS-33439,CART-30439,2023-06-08,287.75,171.04,11.65,Electronics,2,Returned,Web,North,P-828,SKU-2005,143.87,19.47,23.02,VIP,Debit Card
ORD-28440,CUST-11377,SESS-33440,CART-30440,2024-02-10,443.70,236.76,48.82,Home,,Pending,Affiliate,North,P-112,SKU-4741,147.90,5.50,35.50,VIP,PayPal
ORD-28441,CUST-11377,SESS-33441,CART-30441,2024-04-21,250.84,79.84,36.33,Home,4,Returned,Mobile App,International,P-693,SKU-2008,62.71,18.92,20.07,VIP,Crypto
ORD-28442,CUST-11377,SESS-33442,CART-30442,2023-01-19,254.60,109.64,2.08,Fashion,1,Cancelled,Mobile App,West,P-824,SKU-3501,254.60,6.74,20.37,Returning,Crypto
ORD-28443,CUST-11378,SESS-33443,CART-30443,2023-07-29,65.89,39.03,48.22,Fashion,4,Cancelled,Affiliate,East,P-844,SKU-4963,16.47,17.76,5.27,New,Crypto
ORD-28444,CUST-11378,SESS-33444,CART-30444,2025-08-06,79.33,32.85,45.13,Home,3,Returned,Web,North,P-852,SKU-2327,26.44,10.79,6.35,Returning,PayPal
ORD-28445,CUST-11379,SESS-33445,CART-30445,2025-09-15,437.76,220.30,21.67,Sports,5,Shipped,Web,West,P-491,SKU-2327,87.55,10.29,35.02,VIP,Crypto
ORD-28446,CUST-11379,SESS-33446,CART-30446,2024-06-15,19.23,9.12,4.66,Home,3,Shipped,Social Media,South,P-315,SKU-4746,6.41,11.64,1.54,Returning,Crypto
ORD-28447,CUST-11379,SESS-33447,CART-30447,2024-08-06,425.79,228.05,9.78,Home,2,Completed,Web,International,P-82,SKU-613,212.89,11.55,34.06,VIP,Debit Card
ORD-28448,CUST-11380,SESS-33448,CART-30448,2023-09-14,106.06,52.58,27.80,Home,1,Shipped,Social Media,North,P-689,SKU-49,106.06,9.03,8.49,Returning,Debit Card
ORD-28449,CUST-11380,SESS-33449,CART-30449,2025-12-11,253.63,99.88,13.06,Home,2,Cancelled,Web,South,P-23,SKU-613,126.82,19.93,20.29,New,Credit Card
ORD-28450,CUST-11381,SESS-33450,CART-30450,1728510552768,363.80,155.16,34.31,Home,5,Shipped,Web,North,P-15,SKU-703,72.76,15.22,29.10,VIP,PayPal
ORD-28451,CUST-11381,SESS-33451,CART-30451,2023-11-11,413.19,218.90,5.23,Beauty,2,Pending,Mobile App,International,P-278,SKU-2915,206.59,10.53,33.06,Returning,Credit Card
ORD-28452,CUST-11381,SESS-33452,CART-30452,2024-09-02,296.59,94.58,42.88,Sports,1,Returned,Web,South,P-285,SKU-905,296.59,19.84,23.73,Returning,Credit Card
ORD-28453,CUST-11382,SESS-33453,CART-30453,2025-05-26,364.49,208.76,0.35,Sports,1,Cancelled,Affiliate,East,P-366,SKU-4992,364.49,16.06,29.16,Returning,Debit Card
ORD-28454,CUST-11382,SESS-33454,CART-30454,2024-06-20,73.22,33.50,32.77,Home,5,Pending,Mobile App,North,P-868,SKU-4020,14.64,9.85,5.86,Returning,PayPal
ORD-28455,CUST-11383,SESS-33455,CART-30455,1713036528521,405.35,197.69,24.79,Fashion,5,Pending,Social Media,International,P-46,SKU-4529,81.07,10.18,32.43,VIP,Crypto
ORD-28456,CUST-11383,SESS-33456,CART-30456,2024-06-12,30.31,15.81,6.34,Fashion,1,Shipped,Affiliate,North,P-842,SKU-3301,30.31,0.93,2.42,New,Debit Card
ORD-28457,CUST-11383,SESS-33457,CART-30457,2025-01-06,161.27,61.20,0.99,Sports,4,Returned,Affiliate,West,P-280,SKU-1711,40.32,3.73,12.90,New,Crypto
ORD-28458,CUST-11384,SESS-33458,CART-30458,2024-09-19,367.47,145.86,34.37,Electronics,1,Completed,Mobile App,North,P-634,SKU-4139,367.47,0.94,29.40,VIP,PayPal
ORD-28459,CUST-11384,SESS-33459,CART-30459,2025-04-02,169.20,72.94,49.70,Beauty,4,Completed,Social Media,West,P-654,SKU-3336,42.30,19.33,13.54,Returning,Debit Card
ORD-28460,CUST-11385,SESS-33460,CART-30460,2025-03-12,  369.58  ,188.02,37.46,,5,Completed,Affiliate,East,P-574,SKU-4176,73.92,9.92,29.57,VIP,Debit Card
ORD-28461,CUST-11385,SESS-33461,CART-30461,2024-10-22,322.21,151.25,35.12,Home,4,Shipped,Affiliate,North,P-533,SKU-3655,80.55,19.67,25.78,Returning,Credit Card
ORD-28462,CUST-11385,SESS-33462,CART-30462,2023-12-20,  385.09  ,180.90,16.81,Electronics,3,Shipped,Web,West,P-422,SKU-787,128.36,5.43,30.81,VIP,Credit Card
ORD-28463,CUST-11386,SESS-33463,CART-30463,2025-10-28,480.61,174.13,49.66,Home,3,Returned,Affiliate,South,P-241,SKU-3580,160.20,13.24,38.45,VIP,Credit Card
ORD-28464,CUST-11386,SESS-33464,CART-30464,2025-10-07,385.74,179.39,7.96,Fashion,2,Returned,Social Media,East,P-877,SKU-2572,192.87,16.79,30.86,New,Debit Card
ORD-28465,CUST-11387,SESS-33465,CART-30465,2026-01-12,86.66,39.74,26.02,  sports  ,4,Returned,Social Media,North,P-667,SKU-4592,21.67,1.99,6.93,New,Crypto
ORD-28466,CUST-11387,SESS-33466,CART-30466,2024-06-14,99.26,37.84,44.78,Electronics,4,Shipped,Web,International,P-661,SKU-290,24.81,14.22,7.94,VIP,Debit Card
ORD-28467,CUST-11387,SESS-33467,CART-30467,9/6/2023,501.93,250.75,5.37,Sports,1,Cancelled,Mobile App,International,P-918,SKU-1602,501.93,5.16,40.15,VIP,Debit Card
ORD-28468,CUST-11388,SESS-33468,CART-30468,2024-02-25,192.22,79.77,4.60,Sports,4,Completed,Affiliate,North,P-355,SKU-4813,48.06,0.10,15.38,New,Credit Card
ORD-28469,CUST-11388,SESS-33469,CART-30469,2025-10-25,143.27,66.33,47.99,Sports,3,Shipped,Social Media,West,P-20,SKU-51,47.76,7.22,11.46,New,Crypto
ORD-28470,CUST-11389,SESS-33470,CART-30470,2025-08-23,51.23,30.57,25.01,Sports,,Returned,Mobile App,East,P-616,SKU-606,17.08,2.37,4.10,VIP,Crypto
ORD-28471,CUST-11389,SESS-33471,CART-30471,1/17/2025,235.79,75.77,45.97,Electronics,1,Shipped,Social Media,International,P-216,SKU-4641,235.79,12.43,18.86,New,Crypto
ORD-28472,CUST-11389,SESS-33472,CART-30472,2023-04-02,213.17,65.88,9.49,Beauty,5,Returned,Web,South,P-578,SKU-953,42.63,14.08,17.05,VIP,Crypto
ORD-28473,CUST-11390,SESS-33473,CART-30473,1/11/2024,497.25,271.48,15.67,Fashion,4,Pending,Affiliate,East,P-14,SKU-2766,124.31,15.09,39.78,New,Credit Card
ORD-28474,CUST-11390,SESS-33474,CART-30474,2026-01-12,119.75,65.16,30.61,Fashion,1,Shipped,Social Media,West,P-355,SKU-3031,119.75,2.90,9.58,New,Crypto
ORD-28475,CUST-11391,SESS-33475,CART-30475,2024-11-10,391.23,227.97,13.92,Beauty,3,Shipped,Mobile App,West,P-532,SKU-766,130.41,0.92,31.30,VIP,Credit Card
ORD-28476,CUST-11391,SESS-33476,CART-30476,2024-12-06,57.11,26.64,46.94,Sports,2,Returned,Affiliate,International,P-571,SKU-2589,28.56,16.07,4.57,Returning,Credit Card
ORD-28477,CUST-11391,SESS-33477,CART-30477,2024-01-23,196.14,61.49,35.05,Beauty,5,Pending,Affiliate,West,P-321,SKU-751,39.23,6.69,15.69,Returning,Crypto
ORD-28478,CUST-11392,SESS-33478,CART-30478,2023-10-22,293.50,98.34,11.83,Electronics,2,Cancelled,Affiliate,International,P-19,SKU-4385,146.75,10.12,23.48,Returning,Crypto
ORD-28479,CUST-11392,SESS-33479,CART-30479,2024-06-14,123.85,69.87,25.04,Beauty,4,Returned,Social Media,East,P-930,SKU-3925,30.96,13.46,9.91,New,Credit Card
ORD-28480,CUST-11393,SESS-33480,CART-30480,2025-10-09,461.97,152.21,32.95,Fashion,1,Returned,Mobile App,West,P-663,SKU-2086,461.97,13.26,36.96,Returning,Credit Card
ORD-28481,CUST-11393,SESS-33481,CART-30481,2025-12-01,19.30,9.52,0.83,Sports,1,Completed,Mobile App,International,P-318,SKU-1454,19.30,7.88,1.54,New,Debit Card
ORD-28482,CUST-11393,SESS-33482,CART-30482,2025-11-28,325.79,175.11,17.66,Electronics,4,Completed,Social Media,International,P-328,SKU-3944,81.45,17.52,26.06,New,Credit Card
ORD-28483,CUST-11394,SESS-33483,CART-30483,2024-07-27,190.36,76.05,34.47,Fashion,5,Shipped,Affiliate,North,P-541,SKU-2276,38.07,14.96,15.23,VIP,Credit Card
ORD-28484,CUST-11394,SESS-33484,CART-30484,2025-08-28,440.20,256.15,30.89,Electronics,4,Returned,Mobile App,International,P-3,SKU-3313,110.05,4.72,35.22,VIP,Debit Card
ORD-28485,CUST-11395,SESS-33485,CART-30485,2023-09-22,  172.23  ,91.61,8.05,Sports,5,Pending,Web,South,P-78,SKU-402,34.45,12.21,13.78,Returning,PayPal
ORD-28486,CUST-11395,SESS-33486,CART-30486,1679777833599,453.70,241.64,41.54,Home,3,Completed,Affiliate,West,P-332,SKU-3093,151.23,17.58,36.30,Returning,Credit Card
ORD-28487,CUST-11395,SESS-33487,CART-30487,2023-05-11,430.97,129.34,19.65,Beauty,2,Cancelled,Web,International,P-684,SKU-3140,215.49,14.71,34.48,Returning,Debit Card
ORD-28488,CUST-11396,SESS-33488,CART-30488,2024-03-20,313.07,116.72,16.11,Beauty,5,Completed,Affiliate,North,P-270,SKU-1995,62.61,7.30,25.05,New,Credit Card
ORD-28489,CUST-11396,SESS-33489,CART-30489,2025-04-25,82.89,40.34,33.89,Electronics,2,Pending,Affiliate,West,P-130,SKU-2735,41.45,13.21,6.63,New,Crypto
ORD-28490,CUST-11397,SESS-33490,CART-30490,2025-07-06,489.68,239.43,16.69,Home,2,Shipped,Web,South,P-192,SKU-4947,244.84,6.10,39.17,VIP,Credit Card
ORD-28491,CUST-11397,SESS-33491,CART-30491,2023-11-18,237.88,72.04,14.92,Fashion,1,Returned,Social Media,South,P-34,SKU-4810,237.88,3.48,19.03,New,Debit Card
ORD-28492,CUST-11397,SESS-33492,CART-30492,2024-02-16,54.52,26.23,37.80,Home,4,Returned,Social Media,East,P-220,SKU-3514,13.63,3.31,4.36,VIP,Debit Card
ORD-28493,CUST-11398,SESS-33493,CART-30493,2023-11-02,37.13,16.63,30.53,Sports,2,Shipped,Web,East,P-24,SKU-3307,18.56,9.67,2.97,New,Debit Card
ORD-28494,CUST-11398,SESS-33494,CART-30494,2025-09-23,424.31,248.45,4.77,Beauty,5,Returned,Web,East,P-852,SKU-3006,84.86,19.47,33.95,VIP,Debit Card
ORD-28495,CUST-11399,SESS-33495,CART-30495,2025-10-30,462.71,203.58,6.54,  fashion  ,5,Shipped,Social Media,South,P-979,SKU-1898,92.54,9.16,37.02,New,Crypto
ORD-28496,CUST-11399,SESS-33496,CART-30496,2024-03-15,98.03,54.64,38.75,Beauty,1,Completed,Web,International,P-109,SKU-2814,98.03,4.56,7.84,New,Crypto
ORD-28497,CUST-11399,SESS-33497,CART-30497,2/27/2023,267.19,93.76,12.15,Sports,5,Cancelled,Mobile App,North,P-235,SKU-3192,53.44,8.04,21.37,VIP,Credit Card
ORD-28498,CUST-11400,SESS-33498,CART-30498,2023-10-05,236.04,84.85,20.27,Beauty,4,Shipped,Affiliate,South,P-584,SKU-3399,59.01,15.39,18.88,New,Credit Card
ORD-28499,CUST-11400,SESS-33499,CART-30499,2024-01-18,295.01,136.29,32.85,Home,5,Cancelled,Affiliate,South,P-487,SKU-1907,59.00,12.36,23.60,New,Credit Card
ORD-28500,CUST-11401,SESS-33500,CART-30500,2023-11-19,478.22,208.71,12.82,Beauty,2,Returned,Web,East,P-234,SKU-457,239.11,6.86,38.26,Returning,Crypto
ORD-28501,CUST-11401,SESS-33501,CART-30501,2025-06-28,337.56,143.45,47.55,Home,4,Cancelled,Mobile App,North,P-911,SKU-1431,84.39,0.85,27.00,Returning,Crypto
ORD-28502,CUST-11401,SESS-33502,CART-30502,2024-11-28,68.63,24.26,31.78,Home,3,Completed,Affiliate,North,P-399,SKU-3145,22.88,11.09,5.49,Returning,Credit Card
ORD-28503,CUST-11402,SESS-33503,CART-30503,2025-06-21,NULL,252.21,10.77,Home,2,Cancelled,Mobile App,North,P-245,SKU-3216,232.92,8.39,37.27,Returning,Credit Card
ORD-28504,CUST-11402,SESS-33504,CART-30504,2023-09-23,250.89,77.85,34.66,  home  ,4,Completed,Mobile App,South,P-787,SKU-1737,62.72,15.14,20.07,New,Debit Card
ORD-28505,CUST-11403,SESS-33505,CART-30505,2025-01-06,207.00,84.27,32.74,Home,1,Pending,Social Media,West,P-445,SKU-4558,207.00,12.47,16.56,VIP,Credit Card
ORD-28506,CUST-11403,SESS-33506,CART-30506,2024-01-12,126.19,63.45,3.06,Beauty,5,Pending,Mobile App,North,P-977,SKU-3589,25.24,15.31,10.10,VIP,Crypto
ORD-28507,CUST-11403,SESS-33507,CART-30507,2025-02-08,219.10,73.16,1.17,Home,5,Cancelled,Web,North,P-339,SKU-2949,43.82,14.02,17.53,Returning,PayPal
ORD-28508,CUST-11404,SESS-33508,CART-30508,1734104619195,90.92,52.99,22.09,Sports,2,Shipped,Mobile App,South,P-459,SKU-3124,45.46,13.17,7.27,Returning,Crypto
ORD-28509,CUST-11404,SESS-33509,CART-30509,2023-03-18,226.83,105.42,48.95,Electronics,2,Cancelled,Social Media,South,P-735,SKU-1121,113.41,4.07,18.15,Returning,Crypto
ORD-28510,CUST-11405,SESS-33510,CART-30510,2024-10-20,10.05,4.52,21.07,Beauty,1,Cancelled,Mobile App,International,P-111,SKU-969,10.05,15.01,0.80,Returning,Crypto
ORD-28511,CUST-11405,SESS-33511,CART-30511,2025-03-08,98.43,54.56,43.87,Fashion,3,Pending,Affiliate,West,P-941,SKU-378,32.81,13.29,7.87,VIP,PayPal
ORD-28512,CUST-11405,SESS-33512,CART-30512,2024-07-29,218.11,90.48,15.44,Sports,3,Cancelled,Affiliate,West,P-246,SKU-3257,72.70,4.75,17.45,New,Debit Card
ORD-28513,CUST-11406,SESS-33513,CART-30513,2024-06-16,329.19,133.95,33.36,Electronics,2,Completed,Social Media,West,P-844,SKU-4658,164.59,2.99,26.34,New,Crypto
ORD-28514,CUST-11406,SESS-33514,CART-30514,2023-07-02,346.36,113.04,36.91,Sports,2,Completed,Affiliate,West,P-510,SKU-2961,173.18,17.07,27.71,VIP,PayPal
ORD-28515,CUST-11407,SESS-33515,CART-30515,6/21/2024,494.23,288.45,4.61,  electronics  ,1,Shipped,Web,West,P-62,SKU-1319,494.23,3.47,39.54,New,Debit Card
ORD-28516,CUST-11407,SESS-33516,CART-30516,2023-10-26,341.31,192.89,10.37,Home,1,Completed,Web,North,P-570,SKU-4567,341.31,0.47,27.30,New,Crypto
ORD-28517,CUST-11407,SESS-33517,CART-30517,2024-04-04,230.62,112.50,48.58,Home,1,Completed,Social Media,East,P-781,SKU-3895,230.62,19.30,18.45,New,Credit Card
ORD-28518,CUST-11408,SESS-33518,CART-30518,1698050655000,319.75,149.44,23.83,Electronics,3,Shipped,Web,North,P-423,SKU-4060,106.58,11.21,25.58,VIP,Crypto
ORD-28519,CUST-11408,SESS-33519,CART-30519,2023-06-15,316.39,180.45,21.25,Beauty,2,Cancelled,Affiliate,International,P-859,SKU-1422,158.20,19.43,25.31,VIP,Credit Card
ORD-28520,CUST-11409,SESS-33520,CART-30520,2023-02-09,410.40,165.42,42.68,Beauty,1,Shipped,Affiliate,International,P-733,SKU-3610,410.40,4.36,32.83,VIP,PayPal
ORD-28521,CUST-11409,SESS-33521,CART-30521,2024-01-20,166.87,59.87,6.27,Fashion,5,Shipped,Affiliate,South,P-26,SKU-3196,33.37,7.74,13.35,New,Crypto
ORD-28522,CUST-11409,SESS-33522,CART-30522,2024-03-28,91.77,44.76,38.75,Sports,5,Pending,Social Media,East,P-703,SKU-4363,18.35,13.74,7.34,VIP,Debit Card
ORD-28523,CUST-11410,SESS-33523,CART-30523,1732506011024,402.25,173.57,13.52,Electronics,1,Returned,Web,North,P-966,SKU-3835,402.25,6.78,32.18,Returning,Crypto
ORD-28524,CUST-11410,SESS-33524,CART-30524,2023-05-03,298.53,144.21,49.89,Home,1,Completed,Web,South,P-448,SKU-168,298.53,15.83,23.88,VIP,Debit Card
ORD-28525,CUST-11411,SESS-33525,CART-30525,2024-02-03,364.59,187.26,0.38,Beauty,3,Returned,Mobile App,West,P-357,SKU-1559,121.53,6.79,29.17,VIP,Debit Card
ORD-28526,CUST-11411,SESS-33526,CART-30526,2024-01-04,405.82,170.65,48.59,Electronics,2,Cancelled,Web,International,P-642,SKU-1962,202.91,2.22,32.47,New,Crypto
ORD-28527,CUST-11411,SESS-33527,CART-30527,2023-10-18,458.02,154.23,44.98,Sports,3,Cancelled,Web,North,P-791,SKU-3205,152.67,9.90,36.64,New,Crypto
ORD-28528,CUST-11412,SESS-33528,CART-30528,2026-03-12,489.80,233.33,20.98,Sports,3,Pending,Affiliate,East,P-321,SKU-2549,163.27,11.34,39.18,Returning,Debit Card
ORD-28529,CUST-11412,SESS-33529,CART-30529,2024-06-05,507.71,179.57,20.78,Electronics,3,Cancelled,Web,International,P-994,SKU-2420,169.24,19.18,40.62,New,Credit Card
ORD-28530,CUST-11413,SESS-33530,CART-30530,2024-04-03,29.12,10.06,48.94,Home,3,Cancelled,Affiliate,West,P-196,SKU-2616,9.71,14.15,2.33,New,Crypto
ORD-28531,CUST-11413,SESS-33531,CART-30531,2025-01-13,161.11,52.76,17.24,Electronics,3,Pending,Affiliate,East,P-794,SKU-4324,53.70,17.34,12.89,New,Credit Card
ORD-28532,CUST-11413,SESS-33532,CART-30532,2025-06-11,500.07,232.82,15.91,Home,1,Cancelled,Web,South,P-393,SKU-1264,500.07,9.07,40.01,Returning,Crypto
ORD-28533,CUST-11414,SESS-33533,CART-30533,2023-12-11,458.78,227.52,20.20,Fashion,1,Shipped,Mobile App,West,P-802,SKU-1870,458.78,6.84,36.70,VIP,Credit Card
ORD-28534,CUST-11414,SESS-33534,CART-30534,2023-07-24,232.81,124.52,3.67,Home,2,Completed,Affiliate,North,P-370,SKU-4383,116.40,18.83,18.62,Returning,PayPal
ORD-28535,CUST-11415,SESS-33535,CART-30535,2025-01-18,195.45,65.32,37.72,Electronics,2,Cancelled,Mobile App,South,P-166,SKU-563,97.72,17.77,15.64,Returning,Debit Card
ORD-28536,CUST-11415,SESS-33536,CART-30536,2025-03-11,286.68,140.21,43.74,NULL,4,Completed,Affiliate,North,P-695,SKU-1302,71.67,6.59,22.93,Returning,Credit Card
ORD-28537,CUST-11415,SESS-33537,CART-30537,12/29/2023,68.41,27.89,2.93,Beauty,5,Cancelled,Mobile App,North,P-424,SKU-3130,13.68,8.17,5.47,New,PayPal
ORD-28538,CUST-11416,SESS-33538,CART-30538,2025-09-14,132.42,45.50,29.88,Electronics,2,Pending,Social Media,International,P-42,SKU-406,66.21,2.11,10.59,VIP,PayPal
ORD-28539,CUST-11416,SESS-33539,CART-30539,2025-12-14,125.06,51.48,45.26,Beauty,1,Pending,Affiliate,International,P-309,SKU-4629,125.06,2.56,10.00,VIP,Crypto
ORD-28540,CUST-11417,SESS-33540,CART-30540,2024-05-25,443.56,186.62,6.67,Beauty,4,Cancelled,Social Media,International,P-747,SKU-92,110.89,7.94,35.48,VIP,Crypto
ORD-28541,CUST-11417,SESS-33541,CART-30541,2025-12-01,363.92,204.75,13.69,Sports,1,Pending,Web,East,P-879,SKU-4082,363.92,4.75,29.11,New,Debit Card
ORD-28542,CUST-11417,SESS-33542,CART-30542,2024-03-19,443.28,227.79,2.36,Beauty,3,Pending,Web,South,P-147,SKU-1625,147.76,15.02,35.46,VIP,Crypto
ORD-28543,CUST-11418,SESS-33543,CART-30543,2024-11-17,120.50,48.05,47.67,Electronics,1,Cancelled,Web,International,P-362,SKU-3852,120.50,18.78,9.64,VIP,PayPal
ORD-28544,CUST-11418,SESS-33544,CART-30544,7/24/2024,478.58,207.16,37.44,Fashion,4,Pending,Web,West,P-543,SKU-2774,119.64,5.88,38.29,Returning,Debit Card
ORD-28545,CUST-11419,SESS-33545,CART-30545,8/20/2023,480.55,251.84,28.84,Electronics,1,Shipped,Affiliate,South,P-562,SKU-1417,480.55,16.68,38.44,VIP,Credit Card
ORD-28546,CUST-11419,SESS-33546,CART-30546,2025-07-02,359.81,134.30,4.94,Sports,4,Returned,Social Media,International,P-506,SKU-4483,89.95,3.72,28.79,VIP,PayPal
ORD-28547,CUST-11419,SESS-33547,CART-30547,2025-03-10,57.45,19.33,7.30,Electronics,4,Pending,Mobile App,East,P-550,SKU-2555,14.36,0.59,4.60,Returning,Credit Card
ORD-28548,CUST-11420,SESS-33548,CART-30548,2023-11-18,474.00,149.03,39.13,Electronics,2,Pending,Social Media,East,P-269,SKU-1455,237.00,0.73,37.92,New,Credit Card
ORD-28549,CUST-11420,SESS-33549,CART-30549,2024-08-02,291.68,163.93,36.23,Beauty,3,Returned,Web,West,P-802,SKU-4411,97.23,13.63,23.33,New,Debit Card
ORD-28550,CUST-11421,SESS-33550,CART-30550,2026-02-07,431.06,223.87,46.98,Fashion,2,Pending,Social Media,East,P-780,SKU-4455,215.53,0.34,34.49,New,Debit Card
ORD-28551,CUST-11421,SESS-33551,CART-30551,2025-03-31,103.30,37.95,7.94,Beauty,2,Shipped,Web,North,P-290,SKU-2673,51.65,2.85,8.26,New,Crypto
ORD-28552,CUST-11421,SESS-33552,CART-30552,2025-03-12,25.43,8.00,49.02,Home,1,Cancelled,Web,South,P-404,SKU-2572,25.43,14.51,2.03,Returning,PayPal
ORD-28553,CUST-11422,SESS-33553,CART-30553,2023-10-23,305.87,123.04,19.70,Sports,2,Shipped,Web,North,P-973,SKU-540,152.94,6.33,24.47,New,Crypto
ORD-28554,CUST-11422,SESS-33554,CART-30554,2025-10-05,147.07,54.33,17.49,Sports,3,Shipped,Social Media,South,P-776,SKU-2200,49.02,18.05,11.77,New,Debit Card
ORD-28555,CUST-11423,SESS-33555,CART-30555,2023-01-02,56.08,31.18,17.66,Beauty,5,Cancelled,Social Media,International,P-866,SKU-1195,11.22,5.24,4.49,New,Crypto
ORD-28556,CUST-11423,SESS-33556,CART-30556,2026-01-07,165.77,72.86,34.33,Home,1,Pending,Web,North,P-407,SKU-675,165.77,11.57,13.26,Returning,PayPal
ORD-28557,CUST-11423,SESS-33557,CART-30557,2023-05-11,236.02,87.34,19.20,Fashion,2,Pending,Affiliate,South,P-357,SKU-3970,118.01,10.46,18.88,New,Debit Card
ORD-28558,CUST-11424,SESS-33558,CART-30558,2024-08-04,,95.79,40.69,Electronics,2,Cancelled,Web,West,P-932,SKU-2904,83.77,19.14,13.40,New,Crypto
ORD-28559,CUST-11424,SESS-33559,CART-30559,2025-10-12,211.03,120.41,30.62,Electronics,3,Pending,Web,International,P-117,SKU-1430,70.34,15.53,16.88,Returning,Crypto
ORD-28560,CUST-11425,SESS-33560,CART-30560,1708586778461,147.96,84.19,25.48,Fashion,4,Completed,Affiliate,East,P-72,SKU-3309,36.99,16.13,11.84,New,Credit Card
ORD-28561,CUST-11425,SESS-33561,CART-30561,2024-07-30,343.20,115.25,19.80,Fashion,5,Shipped,Web,West,P-285,SKU-1764,68.64,16.42,27.46,Returning,Credit Card
ORD-28562,CUST-11425,SESS-33562,CART-30562,2023-04-04,256.58,77.46,33.30,Fashion,2,Returned,Social Media,South,P-994,SKU-3905,128.29,2.17,20.53,New,Crypto
ORD-28563,CUST-11426,SESS-33563,CART-30563,2023-04-27,437.70,201.42,6.26,Electronics,1,Pending,Mobile App,East,P-794,SKU-1010,437.70,10.67,35.02,Returning,Credit Card
ORD-28564,CUST-11426,SESS-33564,CART-30564,2025-03-05,266.38,149.88,24.78,Beauty,5,Returned,Mobile App,International,P-469,SKU-3157,53.28,14.33,21.31,Returning,Credit Card
ORD-28565,CUST-11427,SESS-33565,CART-30565,2023-08-29,167.00,56.66,43.35,Fashion,5,Shipped,Mobile App,International,P-398,SKU-2575,33.40,5.38,13.36,VIP,Credit Card
ORD-28566,CUST-11427,SESS-33566,CART-30566,2024-11-11,259.05,98.93,3.78,Beauty,3,Cancelled,Web,East,P-539,SKU-4868,86.35,16.27,20.72,Returning,Crypto
ORD-28567,CUST-11427,SESS-33567,CART-30567,2025-09-15,507.41,263.54,1.50,Fashion,5,Completed,Web,International,P-552,SKU-4859,101.48,11.87,40.59,Returning,PayPal
ORD-28568,CUST-11428,SESS-33568,CART-30568,2023-08-16,88.21,52.11,11.23,Beauty,3,Pending,Social Media,International,P-339,SKU-3950,29.40,15.77,7.06,Returning,PayPal
ORD-28569,CUST-11428,SESS-33569,CART-30569,2024-09-05,377.95,130.05,20.76,Electronics,3,Shipped,Mobile App,International,P-673,SKU-4551,125.98,8.05,30.24,VIP,Debit Card
ORD-28570,CUST-11429,SESS-33570,CART-30570,2026-02-06,52.46,24.79,23.39,Home,3,Cancelled,Web,North,P-756,SKU-575,17.49,6.68,4.20,New,Credit Card
ORD-28571,CUST-11429,SESS-33571,CART-30571,2026-02-27,88.93,28.80,49.33,Beauty,2,Cancelled,Web,International,P-667,SKU-448,44.47,11.72,7.11,Returning,Debit Card
ORD-28572,CUST-11429,SESS-33572,CART-30572,2023-08-22,331.69,181.12,47.42,Beauty,1,Completed,Affiliate,East,P-474,SKU-1960,331.69,8.47,26.54,New,PayPal
ORD-28573,CUST-11430,SESS-33573,CART-30573,1726589851398,207.61,107.21,18.65,Beauty,3,Completed,Mobile App,International,P-343,SKU-1825,69.20,6.13,16.61,VIP,PayPal
ORD-28574,CUST-11430,SESS-33574,CART-30574,2025-03-25,74.64,43.97,5.17,Electronics,5,Completed,Social Media,West,P-399,SKU-2742,14.93,19.03,5.97,Returning,Credit Card
ORD-28575,CUST-11431,SESS-33575,CART-30575,2024-02-29,398.44,192.63,45.81,Home,2,Returned,Social Media,International,P-429,SKU-2426,199.22,19.07,31.88,Returning,Debit Card
ORD-28576,CUST-11431,SESS-33576,CART-30576,2024-11-28,193.57,95.05,7.80,Electronics,2,Cancelled,Web,North,P-666,SKU-1362,96.79,0.67,15.49,VIP,Debit Card
ORD-28577,CUST-11431,SESS-33577,CART-30577,1737665795336,248.68,98.72,19.89,Electronics,2,Shipped,Web,South,P-58,SKU-2857,124.34,5.42,19.89,VIP,Crypto
ORD-28578,CUST-11432,SESS-33578,CART-30578,1757677715855,81.44,30.65,41.11,Sports,1,Completed,Affiliate,South,P-23,SKU-1114,81.44,11.86,6.52,VIP,Crypto
ORD-28579,CUST-11432,SESS-33579,CART-30579,2025-11-15,94.27,47.22,7.59,  fashion  ,2,Returned,Mobile App,North,P-687,SKU-1371,47.14,5.86,7.54,Returning,Debit Card
ORD-28580,CUST-11433,SESS-33580,CART-30580,1677512723113,236.55,131.12,43.56,Sports,4,Pending,Social Media,International,P-867,SKU-3519,59.14,12.11,18.92,VIP,Credit Card
ORD-28581,CUST-11433,SESS-33581,CART-30581,2/7/2024,90.59,46.87,3.49,Home,5,Returned,Web,East,P-184,SKU-2393,18.12,17.71,7.25,Returning,PayPal
ORD-28582,CUST-11433,SESS-33582,CART-30582,2025-04-06,450.00,257.88,16.46,Home,5,Pending,Social Media,East,P-724,SKU-2525,90.00,15.55,36.00,Returning,Crypto
ORD-28583,CUST-11434,SESS-33583,CART-30583,2024-05-07,116.14,56.36,31.14,Sports,1,Completed,Mobile App,South,P-338,SKU-3577,116.14,0.92,9.29,New,PayPal
ORD-28584,CUST-11434,SESS-33584,CART-30584,2025-05-13,184.20,108.08,41.98,Electronics,1,Returned,Mobile App,North,P-977,SKU-3931,184.20,9.39,14.74,VIP,Credit Card
ORD-28585,CUST-11435,SESS-33585,CART-30585,2024-03-27,376.66,198.66,33.87,Fashion,5,Cancelled,Mobile App,East,P-724,SKU-4375,75.33,18.79,30.13,Returning,Credit Card
ORD-28586,CUST-11435,SESS-33586,CART-30586,2025-06-12,186.79,104.08,43.44,Fashion,,Shipped,Affiliate,South,P-144,SKU-4674,46.70,0.16,14.94,Returning,PayPal
ORD-28587,CUST-11435,SESS-33587,CART-30587,2024-03-03,504.20,289.20,12.87,Fashion,2,Completed,Social Media,International,P-925,SKU-1022,252.10,1.99,40.34,Returning,Debit Card
ORD-28588,CUST-11436,SESS-33588,CART-30588,2023-04-11,270.00,130.07,26.06,Electronics,2,Cancelled,Affiliate,West,P-32,SKU-58,135.00,2.88,21.60,New,Debit Card
ORD-28589,CUST-11436,SESS-33589,CART-30589,2024-06-21,84.65,40.49,27.59,,1,Pending,Affiliate,North,P-942,SKU-1914,84.65,15.45,6.77,Returning,Debit Card
ORD-28590,CUST-11437,SESS-33590,CART-30590,2023-05-09,200.49,91.58,31.00,Beauty,2,Shipped,Web,International,P-957,SKU-3266,100.24,19.87,16.04,Returning,Crypto
ORD-28591,CUST-11437,SESS-33591,CART-30591,2023-08-14,317.13,150.25,6.81,Electronics,2,Returned,Mobile App,South,P-789,SKU-1791,158.56,14.11,25.37,Returning,Credit Card
ORD-28592,CUST-11437,SESS-33592,CART-30592,2023-11-01,389.30,166.64,19.74,Electronics,4,Shipped,Mobile App,International,P-847,SKU-48,97.32,11.91,31.14,VIP,Debit Card
ORD-28593,CUST-11438,SESS-33593,CART-30593,9/27/2024,23.50,10.13,10.65,Home,5,Cancelled,Affiliate,South,P-869,SKU-4149,4.70,11.08,1.88,New,PayPal
ORD-28594,CUST-11438,SESS-33594,CART-30594,2025-03-13,186.36,77.77,24.18,Home,1,Pending,Mobile App,East,P-743,SKU-2834,186.36,13.88,14.91,VIP,Credit Card
ORD-28595,CUST-11439,SESS-33595,CART-30595,2024-04-06,438.35,138.81,28.04,Beauty,3,Completed,Affiliate,International,P-673,SKU-3795,146.12,17.83,35.07,VIP,Debit Card
ORD-28596,CUST-11439,SESS-33596,CART-30596,2023-09-11,44.96,19.61,10.57,Electronics,4,Pending,Affiliate,International,P-239,SKU-2950,11.24,0.62,3.60,New,Crypto
ORD-28597,CUST-11439,SESS-33597,CART-30597,2023-09-22,345.37,116.32,20.58,Fashion,2,Returned,Web,East,P-517,SKU-4408,172.68,11.76,27.63,Returning,Debit Card
ORD-28598,CUST-11440,SESS-33598,CART-30598,2025-07-07,498.99,211.97,16.26,Home,3,Pending,Web,East,P-133,SKU-403,166.33,12.56,39.92,VIP,Credit Card
ORD-28599,CUST-11440,SESS-33599,CART-30599,2025-08-03,336.54,195.99,36.66,Home,1,Shipped,Mobile App,South,P-716,SKU-1575,336.54,19.81,26.92,Returning,Crypto
ORD-28600,CUST-11441,SESS-33600,CART-30600,6/26/2023,280.18,135.12,5.96,Beauty,1,Returned,Mobile App,South,P-956,SKU-997,280.18,5.33,22.41,VIP,PayPal
ORD-28601,CUST-11441,SESS-33601,CART-30601,2026-03-06,496.27,278.38,12.80,Home,2,Pending,Affiliate,International,P-851,SKU-801,248.13,9.39,39.70,Returning,Debit Card
ORD-28602,CUST-11441,SESS-33602,CART-30602,2024-01-31,508.65,252.14,1.09,,4,Shipped,Mobile App,South,P-233,SKU-4079,127.16,1.35,40.69,VIP,Debit Card
ORD-28603,CUST-11442,SESS-33603,CART-30603,2024-07-04,250.29,87.95,4.43,Home,3,Returned,Web,South,P-530,SKU-2543,83.43,19.29,20.02,VIP,PayPal
ORD-28604,CUST-11442,SESS-33604,CART-30604,2023-04-05,251.82,124.82,4.52,Electronics,5,Shipped,Web,South,P-72,SKU-1567,50.36,2.72,20.15,Returning,Credit Card
ORD-28605,CUST-11443,SESS-33605,CART-30605,2024-08-29,295.24,159.96,28.70,,1,Pending,Social Media,International,P-619,SKU-1499,295.24,6.16,23.62,Returning,PayPal
ORD-28606,CUST-11443,SESS-33606,CART-30606,2023-11-08,352.10,208.63,34.02,Electronics,3,Returned,Affiliate,International,P-633,SKU-3906,117.37,12.24,28.17,Returning,Debit Card
ORD-28607,CUST-11443,SESS-33607,CART-30607,2025-12-14,419.84,169.42,37.31,Fashion,2,Cancelled,Web,East,P-929,SKU-3709,209.92,0.24,33.59,New,Debit Card
ORD-28608,CUST-11444,SESS-33608,CART-30608,1729672158519,404.00,165.03,23.38,Sports,5,Returned,Affiliate,International,P-54,SKU-1803,80.80,1.82,32.32,VIP,PayPal
ORD-28609,CUST-11444,SESS-33609,CART-30609,2024-06-06,395.92,145.87,7.42,Fashion,4,Completed,Social Media,North,P-143,SKU-4626,98.98,1.09,31.67,Returning,PayPal
ORD-28610,CUST-11445,SESS-33610,CART-30610,3/10/2024,456.66,223.73,31.78,Beauty,5,Pending,Affiliate,South,P-105,SKU-3629,91.33,14.26,36.53,New,PayPal
ORD-28611,CUST-11445,SESS-33611,CART-30611,2023-01-07,192.69,59.02,29.74,Home,4,Cancelled,Mobile App,North,P-337,SKU-4903,48.17,7.70,15.42,New,Crypto
ORD-28612,CUST-11445,SESS-33612,CART-30612,2025-01-14,425.79,190.19,47.82,Electronics,2,Completed,Mobile App,East,P-642,SKU-4973,212.90,1.47,34.06,VIP,Credit Card
ORD-28613,CUST-11446,SESS-33613,CART-30613,2024-04-24,332.42,109.17,32.33,Fashion,4,Cancelled,Web,North,P-737,SKU-3152,83.11,12.02,26.59,New,Debit Card
ORD-28614,CUST-11446,SESS-33614,CART-30614,2024-05-10,213.47,108.42,20.27,Sports,3,Shipped,Mobile App,South,P-158,SKU-4560,71.16,15.92,17.08,Returning,Credit Card
ORD-28615,CUST-11447,SESS-33615,CART-30615,2023-06-13,255.84,117.57,18.80,Beauty,1,Shipped,Social Media,West,P-704,SKU-271,255.84,4.52,20.47,Returning,Credit Card
ORD-28616,CUST-11447,SESS-33616,CART-30616,2023-06-29,132.68,59.86,6.68,Sports,1,Returned,Mobile App,South,P-624,SKU-687,132.68,17.13,10.61,Returning,Debit Card
ORD-28617,CUST-11447,SESS-33617,CART-30617,2025-09-11,141.02,65.81,28.38,,3,Pending,Affiliate,North,P-851,SKU-957,47.01,13.38,11.28,Returning,PayPal
ORD-28618,CUST-11448,SESS-33618,CART-30618,2024-05-13,208.09,94.72,14.07,Beauty,3,Shipped,Mobile App,West,P-752,SKU-1393,69.36,17.40,16.65,VIP,PayPal
ORD-28619,CUST-11448,SESS-33619,CART-30619,2024-03-16,71.06,22.85,29.12,Fashion,3,Cancelled,Affiliate,South,P-479,SKU-1234,23.69,9.86,5.68,VIP,Crypto
ORD-28620,CUST-11449,SESS-33620,CART-30620,1756689702168,358.03,167.87,4.12,Beauty,2,Shipped,Affiliate,North,P-346,SKU-4590,179.01,18.81,28.64,New,PayPal
ORD-28621,CUST-11449,SESS-33621,CART-30621,2025-03-13,106.50,60.41,17.57,Beauty,2,Returned,Affiliate,International,P-918,SKU-1819,53.25,17.43,8.52,VIP,PayPal
ORD-28622,CUST-11449,SESS-33622,CART-30622,2024-09-05,481.51,281.67,41.12,Fashion,2,Pending,Mobile App,International,P-85,SKU-2499,240.76,15.28,38.52,New,PayPal
ORD-28623,CUST-11450,SESS-33623,CART-30623,2025-04-05,389.92,151.08,16.86,Fashion,5,Completed,Mobile App,East,P-143,SKU-2396,77.98,0.86,31.19,Returning,Debit Card
ORD-28624,CUST-11450,SESS-33624,CART-30624,2026-01-17,379.31,198.47,13.26,Sports,2,Returned,Web,East,P-360,SKU-1632,189.65,0.30,30.34,VIP,Crypto
ORD-28625,CUST-11451,SESS-33625,CART-30625,2025-12-12,496.42,179.53,9.15,Beauty,3,Shipped,Mobile App,International,P-287,SKU-1359,165.47,13.80,39.71,VIP,PayPal
ORD-28626,CUST-11451,SESS-33626,CART-30626,2025-02-16,351.51,136.30,20.41,Beauty,1,Shipped,Web,North,P-113,SKU-210,351.51,14.72,28.12,VIP,Debit Card
ORD-28627,CUST-11451,SESS-33627,CART-30627,2023-05-15,227.72,125.40,10.65,Sports,4,Shipped,Mobile App,International,P-199,SKU-881,56.93,5.68,18.22,VIP,Credit Card
ORD-28628,CUST-11452,SESS-33628,CART-30628,2023-07-28,243.62,142.15,23.84,Electronics,3,Pending,Web,East,P-575,SKU-4104,81.21,16.74,19.49,Returning,Crypto
ORD-28629,CUST-11452,SESS-33629,CART-30629,12/25/2025,17.94,10.72,21.57,Fashion,3,Cancelled,Web,South,P-666,SKU-2406,5.98,2.19,1.44,Returning,PayPal
ORD-28630,CUST-11453,SESS-33630,CART-30630,2025-06-19,279.57,165.13,38.09,NULL,2,Completed,Web,West,P-438,SKU-3800,139.79,13.79,22.37,Returning,Credit Card
ORD-28631,CUST-11453,SESS-33631,CART-30631,2026-01-14,41.04,22.95,8.26,NULL,4,Returned,Social Media,South,P-264,SKU-1613,10.26,9.96,3.28,New,Crypto
ORD-28632,CUST-11453,SESS-33632,CART-30632,2024-08-28,495.29,267.41,9.00,Beauty,1,Pending,Affiliate,East,P-162,SKU-1682,495.29,4.02,39.62,Returning,Credit Card
ORD-28633,CUST-11454,SESS-33633,CART-30633,2025-05-12,373.80,162.19,4.70,Beauty,2,Pending,Social Media,North,P-762,SKU-2509,186.90,4.04,29.90,VIP,Crypto
ORD-28634,CUST-11454,SESS-33634,CART-30634,2025-01-10,10.96,5.92,40.49,Beauty,5,Pending,Social Media,West,P-327,SKU-1847,2.19,12.02,0.88,Returning,Crypto
ORD-28635,CUST-11455,SESS-33635,CART-30635,2025-09-12,116.09,42.19,18.30,Beauty,4,Completed,Affiliate,International,P-658,SKU-2109,29.02,14.45,9.29,New,PayPal
ORD-28636,CUST-11455,SESS-33636,CART-30636,2024-09-23,195.94,107.09,9.78,Home,2,Returned,Web,West,P-342,SKU-4773,97.97,2.32,15.68,New,PayPal
ORD-28637,CUST-11455,SESS-33637,CART-30637,2023-05-06,461.09,273.60,33.01,Sports,,Completed,Web,North,P-949,SKU-824,92.22,14.35,36.89,New,Debit Card
ORD-28638,CUST-11456,SESS-33638,CART-30638,2024-05-28,223.49,130.36,31.82,  fashion  ,3,Pending,Web,South,P-23,SKU-616,74.50,1.60,17.88,New,PayPal
ORD-28639,CUST-11456,SESS-33639,CART-30639,2023-05-15,221.47,81.33,8.05,Electronics,3,Returned,Mobile App,International,P-800,SKU-3523,73.82,10.04,17.72,Returning,Credit Card
ORD-28640,CUST-11457,SESS-33640,CART-30640,2023-10-11,134.46,45.51,36.15,Fashion,4,Cancelled,Social Media,West,P-135,SKU-3043,33.62,13.83,10.76,VIP,Crypto
ORD-28641,CUST-11457,SESS-33641,CART-30641,1706196216736,64.19,30.51,32.74,Home,2,Shipped,Web,North,P-817,SKU-3233,32.10,14.27,5.14,VIP,Credit Card
ORD-28642,CUST-11457,SESS-33642,CART-30642,2025-06-16,391.96,184.47,8.69,Fashion,5,Shipped,Mobile App,West,P-609,SKU-3011,78.39,9.10,31.36,VIP,Crypto
ORD-28643,CUST-11458,SESS-33643,CART-30643,2025-04-28,420.08,186.00,5.74,Fashion,1,Completed,Web,North,P-466,SKU-992,420.08,4.32,33.61,New,PayPal
ORD-28644,CUST-11458,SESS-33644,CART-30644,2025-08-20,141.46,64.05,19.67,Electronics,1,Pending,Mobile App,International,P-924,SKU-1249,141.46,15.73,11.32,VIP,PayPal
ORD-28645,CUST-11459,SESS-33645,CART-30645,2024-06-11,481.24,214.89,22.71,Sports,3,Completed,Affiliate,International,P-880,SKU-1365,160.41,12.78,38.50,VIP,Credit Card
ORD-28646,CUST-11459,SESS-33646,CART-30646,2025-06-02,224.52,108.22,11.15,Home,2,Cancelled,Affiliate,North,P-731,SKU-191,112.26,2.87,17.96,VIP,Credit Card
ORD-28647,CUST-11459,SESS-33647,CART-30647,1690781309408,273.83,113.80,4.23,Fashion,1,Cancelled,Affiliate,South,P-292,SKU-1832,273.83,7.83,21.91,Returning,Credit Card
ORD-28648,CUST-11460,SESS-33648,CART-30648,2025-06-30,236.23,93.49,2.09,Home,5,Shipped,Social Media,East,P-595,SKU-1789,47.25,15.12,18.90,VIP,Crypto
ORD-28649,CUST-11460,SESS-33649,CART-30649,2025-05-02,473.28,221.84,19.71,Beauty,5,Completed,Social Media,South,P-982,SKU-3009,94.66,8.77,37.86,Returning,Debit Card
ORD-28650,CUST-11461,SESS-33650,CART-30650,2025-03-13,51.45,26.86,11.95,Beauty,2,Pending,Mobile App,West,P-707,SKU-2028,25.73,15.10,4.12,New,PayPal
ORD-28651,CUST-11461,SESS-33651,CART-30651,2026-02-21,203.01,73.37,3.62,Beauty,4,Cancelled,Social Media,International,P-793,SKU-2279,50.75,7.75,16.24,VIP,Credit Card
ORD-28652,CUST-11461,SESS-33652,CART-30652,2023-06-28,262.18,84.56,24.49,Electronics,4,Cancelled,Mobile App,International,P-928,SKU-4205,65.54,19.65,20.97,New,PayPal
ORD-28653,CUST-11462,SESS-33653,CART-30653,2025-04-29,127.52,39.75,49.44,Sports,1,Pending,Social Media,East,P-111,SKU-2,127.52,11.41,10.20,VIP,Debit Card
ORD-28654,CUST-11462,SESS-33654,CART-30654,2024-12-20,316.72,158.45,37.00,Beauty,1,Cancelled,Affiliate,South,P-707,SKU-2018,316.72,15.17,25.34,Returning,Credit Card
ORD-28655,CUST-11463,SESS-33655,CART-30655,2023-11-28,144.27,61.92,23.78,Fashion,3,Returned,Affiliate,North,P-429,SKU-2912,48.09,18.65,11.54,New,PayPal
ORD-28656,CUST-11463,SESS-33656,CART-30656,2024-10-07,162.40,52.70,9.35,Sports,4,Shipped,Web,South,P-816,SKU-4489,40.60,11.81,12.99,Returning,Credit Card
ORD-28657,CUST-11463,SESS-33657,CART-30657,2025-06-11,117.43,58.54,34.60,Electronics,2,Cancelled,Web,West,P-223,SKU-1476,58.72,2.00,9.39,New,Debit Card
ORD-28658,CUST-11464,SESS-33658,CART-30658,2023-11-22,89.07,43.41,13.53,Fashion,4,Pending,Web,International,P-349,SKU-1982,22.27,9.06,7.13,VIP,Debit Card
ORD-28659,CUST-11464,SESS-33659,CART-30659,2025-04-14,398.45,142.85,41.14,Electronics,4,Completed,Social Media,East,P-306,SKU-2726,99.61,2.83,31.88,Returning,Crypto
ORD-28660,CUST-11465,SESS-33660,CART-30660,2024-01-21,383.16,210.37,49.81,Sports,4,Pending,Mobile App,International,P-411,SKU-4649,95.79,2.63,30.65,New,PayPal
ORD-28661,CUST-11465,SESS-33661,CART-30661,2023-01-24,366.59,165.05,1.98,Home,5,Pending,Mobile App,East,P-823,SKU-3475,73.32,0.00,29.33,New,Debit Card
ORD-28662,CUST-11465,SESS-33662,CART-30662,2025-09-25,466.15,217.53,43.42,Beauty,2,Pending,Web,South,P-329,SKU-2214,233.07,0.58,37.29,New,PayPal
ORD-28663,CUST-11466,SESS-33663,CART-30663,2024-03-10,490.37,291.18,23.62,Fashion,3,Shipped,Social Media,South,P-780,SKU-4287,163.46,0.80,39.23,Returning,Credit Card
ORD-28664,CUST-11466,SESS-33664,CART-30664,2026-03-02,,191.92,14.92,Sports,1,Cancelled,Affiliate,East,P-592,SKU-199,495.41,9.84,39.63,New,PayPal
ORD-28665,CUST-11467,SESS-33665,CART-30665,2024-06-19,400.23,161.89,17.98,Sports,1,Shipped,Mobile App,West,P-275,SKU-2908,400.23,16.94,32.02,New,Crypto
ORD-28666,CUST-11467,SESS-33666,CART-30666,2025-01-15,401.44,184.62,24.05,Beauty,1,Returned,Web,South,P-587,SKU-2486,401.44,19.36,32.11,Returning,Credit Card
ORD-28667,CUST-11467,SESS-33667,CART-30667,1681069636310,67.23,39.11,8.08,,3,Cancelled,Web,West,P-308,SKU-1810,22.41,16.20,5.38,New,Crypto
ORD-28668,CUST-11468,SESS-33668,CART-30668,2024-06-04,132.98,63.48,29.63,Electronics,5,Completed,Affiliate,East,P-434,SKU-1455,26.60,1.27,10.64,VIP,Credit Card
ORD-28669,CUST-11468,SESS-33669,CART-30669,2024-01-23,63.68,29.73,25.76,Home,3,Completed,Social Media,South,P-349,SKU-1375,21.23,19.86,5.09,Returning,Crypto
ORD-28670,CUST-11469,SESS-33670,CART-30670,1715478776298,353.42,159.11,33.02,Electronics,4,Shipped,Social Media,East,P-35,SKU-2149,88.36,15.47,28.27,VIP,Credit Card
ORD-28671,CUST-11469,SESS-33671,CART-30671,2023-08-26,353.60,148.98,8.23,Home,1,Cancelled,Web,North,P-582,SKU-844,353.60,18.57,28.29,VIP,Credit Card
ORD-28672,CUST-11469,SESS-33672,CART-30672,2026-03-10,171.27,99.20,32.88,Home,4,Shipped,Web,North,P-767,SKU-1301,42.82,8.84,13.70,New,Credit Card
ORD-28673,CUST-11470,SESS-33673,CART-30673,2023-11-28,153.71,88.24,27.44,Sports,3,Cancelled,Affiliate,West,P-436,SKU-1497,51.24,3.25,12.30,Returning,Credit Card
ORD-28674,CUST-11470,SESS-33674,CART-30674,2024-12-05,155.25,67.88,4.79,Electronics,2,Pending,Affiliate,North,P-904,SKU-708,77.62,6.75,12.42,VIP,PayPal
ORD-28675,CUST-11471,SESS-33675,CART-30675,2024-07-18,58.19,22.27,29.07,Home,1,Pending,Mobile App,North,P-828,SKU-1054,58.19,11.80,4.66,New,PayPal
ORD-28676,CUST-11471,SESS-33676,CART-30676,2025-12-23,278.17,153.94,19.86,Home,3,Completed,Social Media,West,P-592,SKU-303,92.72,12.23,22.25,VIP,Crypto
ORD-28677,CUST-11471,SESS-33677,CART-30677,2024-11-03,304.41,101.33,48.04,Fashion,2,Completed,Mobile App,South,P-930,SKU-1856,152.20,12.34,24.35,Returning,Credit Card
ORD-28678,CUST-11472,SESS-33678,CART-30678,2023-03-04,230.62,127.24,39.93,Fashion,3,Cancelled,Web,South,P-679,SKU-362,76.87,6.35,18.45,Returning,PayPal
ORD-28679,CUST-11472,SESS-33679,CART-30679,2025-04-18,372.67,202.87,14.36,Beauty,5,Cancelled,Mobile App,International,P-762,SKU-1188,74.53,15.09,29.81,VIP,Credit Card
ORD-28680,CUST-11473,SESS-33680,CART-30680,2026-01-11,91.90,39.42,14.29,Fashion,1,Cancelled,Social Media,International,P-451,SKU-1045,91.90,15.76,7.35,Returning,Credit Card
ORD-28681,CUST-11473,SESS-33681,CART-30681,2024-10-27,56.37,21.50,23.79,Beauty,4,Cancelled,Social Media,West,P-4,SKU-43,14.09,10.46,4.51,Returning,Credit Card
ORD-28682,CUST-11473,SESS-33682,CART-30682,2025-10-23,419.22,202.98,36.08,Fashion,5,Cancelled,Social Media,International,P-604,SKU-488,83.84,17.42,33.54,VIP,PayPal
ORD-28683,CUST-11474,SESS-33683,CART-30683,2023-05-24,351.88,122.04,39.68,Beauty,3,Completed,Web,South,P-329,SKU-2786,117.29,10.48,28.15,Returning,Debit Card
ORD-28684,CUST-11474,SESS-33684,CART-30684,2024-08-11,287.64,113.16,13.22,Sports,5,Shipped,Social Media,East,P-559,SKU-1824,57.53,9.26,23.01,Returning,PayPal
ORD-28685,CUST-11475,SESS-33685,CART-30685,2024-06-05,84.09,32.48,20.53,Electronics,2,Shipped,Web,International,P-946,SKU-4539,42.05,2.91,6.73,Returning,Debit Card
ORD-28686,CUST-11475,SESS-33686,CART-30686,2026-01-18,480.57,255.27,44.35,  beauty  ,2,Pending,Social Media,South,P-831,SKU-2792,240.29,14.65,38.45,New,Credit Card
ORD-28687,CUST-11475,SESS-33687,CART-30687,2024-11-12,475.45,199.72,40.39,Home,2,Shipped,Mobile App,International,P-739,SKU-2086,237.72,3.79,38.04,Returning,Debit Card
ORD-28688,CUST-11476,SESS-33688,CART-30688,2024-08-23,119.66,54.21,45.58,Home,4,Pending,Mobile App,North,P-995,SKU-4966,29.92,0.15,9.57,VIP,Credit Card
ORD-28689,CUST-11476,SESS-33689,CART-30689,2024-12-17,468.93,268.16,40.37,Fashion,5,Shipped,Mobile App,North,P-454,SKU-3610,93.79,0.50,37.51,New,Debit Card
ORD-28690,CUST-11477,SESS-33690,CART-30690,2025-02-10,400.10,122.93,21.45,Beauty,3,Cancelled,Social Media,East,P-281,SKU-550,133.37,10.55,32.01,VIP,Credit Card
ORD-28691,CUST-11477,SESS-33691,CART-30691,2024-08-22,275.61,134.32,17.37,Home,5,Returned,Affiliate,West,P-316,SKU-371,55.12,2.01,22.05,New,Debit Card
ORD-28692,CUST-11477,SESS-33692,CART-30692,2023-01-11,186.61,103.72,42.11,Sports,5,Completed,Mobile App,South,P-556,SKU-3045,37.32,18.62,14.93,New,Credit Card
ORD-28693,CUST-11478,SESS-33693,CART-30693,2024-08-16,56.28,27.70,47.11,Sports,3,Cancelled,Mobile App,West,P-241,SKU-735,18.76,1.57,4.50,Returning,Credit Card
ORD-28694,CUST-11478,SESS-33694,CART-30694,2026-02-12,507.26,236.06,29.96,Fashion,2,Cancelled,Affiliate,North,P-493,SKU-4868,253.63,9.00,40.58,Returning,Crypto
ORD-28695,CUST-11479,SESS-33695,CART-30695,2025-04-06,77.88,34.92,16.23,Home,4,Pending,Mobile App,West,P-316,SKU-2944,19.47,15.20,6.23,Returning,PayPal
ORD-28696,CUST-11479,SESS-33696,CART-30696,2024-03-07,35.80,17.12,25.92,Beauty,1,Shipped,Web,North,P-875,SKU-477,35.80,5.14,2.86,Returning,Crypto
ORD-28697,CUST-11479,SESS-33697,CART-30697,2024-02-06,321.66,187.99,7.33,  home  ,,Cancelled,Mobile App,East,P-642,SKU-164,160.83,15.99,25.73,New,Debit Card
ORD-28698,CUST-11480,SESS-33698,CART-30698,2023-10-10,,97.46,33.71,Electronics,4,Completed,Web,North,P-36,SKU-3171,53.18,3.29,17.02,Returning,PayPal
ORD-28699,CUST-11480,SESS-33699,CART-30699,2025-06-08,475.06,214.69,25.48,Beauty,3,Shipped,Social Media,International,P-759,SKU-2996,158.35,1.84,38.00,New,Debit Card
ORD-28700,CUST-11481,SESS-33700,CART-30700,2025-08-24,152.43,70.01,48.77,Beauty,5,Returned,Web,West,P-640,SKU-1523,30.49,0.82,12.19,Returning,PayPal
ORD-28701,CUST-11481,SESS-33701,CART-30701,1762940343841,NULL,218.66,19.83,Fashion,2,Completed,Web,South,P-672,SKU-3154,209.06,3.39,33.45,New,Debit Card
ORD-28702,CUST-11481,SESS-33702,CART-30702,2025-09-15,382.96,156.18,8.75,Fashion,1,Cancelled,Affiliate,East,P-65,SKU-4479,382.96,17.85,30.64,Returning,Credit Card
ORD-28703,CUST-11482,SESS-33703,CART-30703,2024-02-01,106.28,41.38,1.26,Sports,5,Completed,Mobile App,West,P-775,SKU-3141,21.26,7.29,8.50,VIP,Credit Card
ORD-28704,CUST-11482,SESS-33704,CART-30704,2025-02-19,99.72,32.46,5.46,Sports,3,Completed,Affiliate,West,P-671,SKU-1386,33.24,19.47,7.98,New,PayPal
ORD-28705,CUST-11483,SESS-33705,CART-30705,2025-06-17,364.22,175.38,41.50,Electronics,3,Cancelled,Social Media,South,P-702,SKU-817,121.41,6.41,29.14,New,Debit Card
ORD-28706,CUST-11483,SESS-33706,CART-30706,2023-05-28,165.97,54.96,37.24,Fashion,1,Shipped,Web,West,P-889,SKU-3077,165.97,3.94,13.28,VIP,Debit Card
ORD-28707,CUST-11483,SESS-33707,CART-30707,2025-06-27,177.12,69.39,6.33,Home,4,Cancelled,Mobile App,South,P-461,SKU-3196,44.28,8.83,14.17,New,PayPal
ORD-28708,CUST-11484,SESS-33708,CART-30708,2023-02-26,31.24,9.84,39.55,Electronics,2,Cancelled,Affiliate,West,P-893,SKU-414,15.62,1.60,2.50,Returning,Debit Card
ORD-28709,CUST-11484,SESS-33709,CART-30709,2023-03-01,152.04,58.84,11.63,Sports,2,Cancelled,Web,International,P-399,SKU-3894,76.02,0.23,12.16,Returning,Debit Card
ORD-28710,CUST-11485,SESS-33710,CART-30710,2023-06-20,  175.12  ,102.35,24.39,Beauty,4,Returned,Mobile App,West,P-155,SKU-3783,43.78,6.15,14.01,VIP,PayPal
ORD-28711,CUST-11485,SESS-33711,CART-30711,2025-10-10,81.93,30.10,9.55,Electronics,3,Completed,Web,East,P-950,SKU-3360,27.31,16.13,6.55,New,Crypto
ORD-28712,CUST-11485,SESS-33712,CART-30712,2023-10-12,492.41,200.88,32.39,Sports,1,Pending,Affiliate,North,P-264,SKU-862,492.41,12.56,39.39,VIP,PayPal
ORD-28713,CUST-11486,SESS-33713,CART-30713,2025-05-07,126.04,53.48,26.92,Electronics,1,Cancelled,Web,North,P-445,SKU-2561,126.04,7.62,10.08,Returning,Debit Card
ORD-28714,CUST-11486,SESS-33714,CART-30714,2024-04-29,257.17,119.54,20.00,Fashion,4,Returned,Social Media,West,P-890,SKU-1133,64.29,6.86,20.57,VIP,PayPal
ORD-28715,CUST-11487,SESS-33715,CART-30715,1723408830238,448.94,170.11,0.91,Home,2,Cancelled,Mobile App,International,P-24,SKU-2049,224.47,8.65,35.92,VIP,Credit Card
ORD-28716,CUST-11487,SESS-33716,CART-30716,1712228651700,435.72,195.01,5.83,Beauty,1,Pending,Web,East,P-139,SKU-4871,435.72,9.72,34.86,VIP,Debit Card
ORD-28717,CUST-11487,SESS-33717,CART-30717,2025-02-13,251.43,138.36,34.38,Fashion,4,Returned,Social Media,South,P-929,SKU-2473,62.86,3.01,20.11,Returning,PayPal
ORD-28718,CUST-11488,SESS-33718,CART-30718,2025-12-11,264.45,89.29,5.17,Beauty,4,Cancelled,Affiliate,East,P-149,SKU-4028,66.11,14.99,21.16,Returning,PayPal
ORD-28719,CUST-11488,SESS-33719,CART-30719,2024-06-17,356.76,119.47,13.48,Electronics,1,Completed,Mobile App,East,P-302,SKU-3055,356.76,7.74,28.54,New,Credit Card
ORD-28720,CUST-11489,SESS-33720,CART-30720,2024-02-01,326.10,177.88,23.84,Home,4,Shipped,Mobile App,South,P-101,SKU-2055,81.53,14.08,26.09,Returning,Crypto
ORD-28721,CUST-11489,SESS-33721,CART-30721,7/13/2025,125.33,71.72,40.83,Electronics,3,Returned,Affiliate,North,P-993,SKU-4450,41.78,12.65,10.03,Returning,PayPal
ORD-28722,CUST-11489,SESS-33722,CART-30722,2024-01-13,426.65,204.12,42.23,Fashion,4,Pending,Affiliate,International,P-918,SKU-2610,106.66,2.43,34.13,VIP,Debit Card
ORD-28723,CUST-11490,SESS-33723,CART-30723,2024-11-25,467.55,267.26,39.21,Fashion,1,Shipped,Affiliate,International,P-961,SKU-953,467.55,9.63,37.40,New,Credit Card
ORD-28724,CUST-11490,SESS-33724,CART-30724,2025-08-01,381.50,177.21,36.24,Electronics,2,Returned,Mobile App,International,P-957,SKU-388,190.75,14.94,30.52,Returning,PayPal
ORD-28725,CUST-11491,SESS-33725,CART-30725,2024-02-25,442.09,191.79,12.66,Electronics,3,Pending,Web,International,P-758,SKU-4350,147.36,1.57,35.37,Returning,Crypto
ORD-28726,CUST-11491,SESS-33726,CART-30726,2023-09-07,229.64,86.52,39.77,Beauty,3,Returned,Affiliate,East,P-115,SKU-2197,76.55,12.28,18.37,New,PayPal
ORD-28727,CUST-11491,SESS-33727,CART-30727,2025-11-16,108.36,33.38,25.46,Fashion,2,Returned,Social Media,South,P-938,SKU-4677,54.18,16.01,8.67,Returning,PayPal
ORD-28728,CUST-11492,SESS-33728,CART-30728,2024-11-29,173.44,93.15,40.82,Fashion,4,Pending,Web,South,P-461,SKU-1975,43.36,4.96,13.88,VIP,Crypto
ORD-28729,CUST-11492,SESS-33729,CART-30729,2024-08-14,361.54,181.31,18.20,Sports,1,Cancelled,Affiliate,East,P-83,SKU-64,361.54,8.30,28.92,Returning,Credit Card
ORD-28730,CUST-11493,SESS-33730,CART-30730,2023-10-22,209.12,65.43,38.40,Fashion,4,Pending,Mobile App,East,P-617,SKU-1761,52.28,13.43,16.73,New,Crypto
ORD-28731,CUST-11493,SESS-33731,CART-30731,2/23/2026,158.01,64.44,22.15,Beauty,2,Completed,Web,East,P-781,SKU-4706,79.01,11.29,12.64,VIP,PayPal
ORD-28732,CUST-11493,SESS-33732,CART-30732,2023-11-07,508.60,276.06,23.75,Home,5,Returned,Social Media,East,P-338,SKU-1767,101.72,11.77,40.69,New,Debit Card
ORD-28733,CUST-11494,SESS-33733,CART-30733,2024-01-21,411.92,166.99,36.74,Electronics,1,Shipped,Web,East,P-192,SKU-1984,411.92,9.73,32.95,New,Credit Card
ORD-28734,CUST-11494,SESS-33734,CART-30734,2024-08-21,143.90,69.08,1.30,Electronics,4,Pending,Mobile App,International,P-531,SKU-1381,35.97,6.64,11.51,New,Debit Card
ORD-28735,CUST-11495,SESS-33735,CART-30735,2025-09-02,218.86,73.67,38.62,Sports,4,Shipped,Web,West,P-410,SKU-3401,54.72,19.59,17.51,New,PayPal
ORD-28736,CUST-11495,SESS-33736,CART-30736,2025-04-11,378.16,133.95,21.12,Sports,4,Cancelled,Social Media,East,P-283,SKU-2887,94.54,20.00,30.25,VIP,Debit Card
ORD-28737,CUST-11495,SESS-33737,CART-30737,2023-04-17,73.74,39.55,44.91,Home,1,Cancelled,Mobile App,West,P-286,SKU-976,73.74,11.72,5.90,Returning,Credit Card
ORD-28738,CUST-11496,SESS-33738,CART-30738,2025-10-10,451.87,140.32,41.80,Sports,4,Cancelled,Social Media,East,P-455,SKU-2414,112.97,16.77,36.15,VIP,Debit Card
ORD-28739,CUST-11496,SESS-33739,CART-30739,2025-03-07,,19.94,42.92,Electronics,3,Shipped,Web,North,P-676,SKU-4122,14.64,8.95,3.51,Returning,Credit Card
ORD-28740,CUST-11497,SESS-33740,CART-30740,5/7/2024,30.74,15.71,7.46,Sports,5,Cancelled,Affiliate,North,P-651,SKU-1051,6.15,14.76,2.46,Returning,Credit Card
ORD-28741,CUST-11497,SESS-33741,CART-30741,2026-01-21,340.48,163.29,5.77,  home  ,5,Returned,Affiliate,North,P-588,SKU-1033,68.10,19.15,27.24,New,Debit Card
ORD-28742,CUST-11497,SESS-33742,CART-30742,11/23/2023,205.08,116.55,19.10,Electronics,4,Completed,Social Media,International,P-416,SKU-781,51.27,18.78,16.41,New,Credit Card
ORD-28743,CUST-11498,SESS-33743,CART-30743,2024-11-06,150.43,70.96,35.57,Beauty,2,Cancelled,Social Media,South,P-781,SKU-1895,75.21,1.53,12.03,VIP,PayPal
ORD-28744,CUST-11498,SESS-33744,CART-30744,2024-04-24,298.39,162.23,36.07,  fashion  ,2,Pending,Social Media,West,P-711,SKU-1273,149.19,8.22,23.87,Returning,PayPal
ORD-28745,CUST-11499,SESS-33745,CART-30745,2025-06-18,443.92,202.13,46.80,Home,2,Shipped,Mobile App,North,P-701,SKU-882,221.96,18.84,35.51,VIP,PayPal
ORD-28746,CUST-11499,SESS-33746,CART-30746,2025-09-02,175.91,74.43,13.18,Electronics,1,Completed,Web,North,P-197,SKU-1596,175.91,2.69,14.07,VIP,Crypto
ORD-28747,CUST-11499,SESS-33747,CART-30747,2025-04-30,330.75,166.90,46.12,Sports,4,Cancelled,Affiliate,International,P-469,SKU-4991,82.69,19.23,26.46,New,PayPal
ORD-28748,CUST-11500,SESS-33748,CART-30748,2025-12-10,160.39,67.37,23.88,Fashion,3,Returned,Affiliate,South,P-436,SKU-4908,53.46,17.92,12.83,VIP,PayPal
ORD-28749,CUST-11500,SESS-33749,CART-30749,2025-08-30,373.35,159.79,33.66,Beauty,3,Pending,Social Media,North,P-575,SKU-1016,124.45,17.00,29.87,Returning,Credit Card
ORD-28750,CUST-11501,SESS-33750,CART-30750,2023-08-31,195.53,80.38,12.99,Electronics,2,Cancelled,Mobile App,North,P-739,SKU-4239,97.76,16.15,15.64,Returning,Crypto
ORD-28751,CUST-11501,SESS-33751,CART-30751,2025-06-29,364.34,164.95,39.59,Beauty,2,Pending,Affiliate,North,P-323,SKU-942,182.17,3.24,29.15,New,Debit Card
ORD-28752,CUST-11501,SESS-33752,CART-30752,2024-07-15,209.07,123.18,30.87,Fashion,4,Cancelled,Social Media,International,P-974,SKU-4088,52.27,11.05,16.73,Returning,Debit Card
ORD-28753,CUST-11502,SESS-33753,CART-30753,2025-07-24,64.19,27.94,27.38,Sports,1,Cancelled,Mobile App,East,P-962,SKU-848,64.19,19.88,5.14,Returning,PayPal
ORD-28754,CUST-11502,SESS-33754,CART-30754,2023-03-02,338.37,126.44,46.78,Sports,4,Cancelled,Affiliate,East,P-397,SKU-1075,84.59,17.06,27.07,VIP,Crypto
ORD-28755,CUST-11503,SESS-33755,CART-30755,2026-02-26,318.32,108.80,2.02,Electronics,5,Pending,Web,West,P-590,SKU-2248,63.66,0.67,25.47,New,Crypto
ORD-28756,CUST-11503,SESS-33756,CART-30756,2024-11-02,356.46,110.37,39.40,Fashion,3,Cancelled,Affiliate,South,P-631,SKU-1171,118.82,2.95,28.52,New,Debit Card
ORD-28757,CUST-11503,SESS-33757,CART-30757,2026-02-20,60.15,30.89,9.51,Home,2,Shipped,Social Media,South,P-349,SKU-4909,30.07,17.66,4.81,Returning,Credit Card
ORD-28758,CUST-11504,SESS-33758,CART-30758,2025-10-11,443.98,236.62,0.64,Fashion,2,Cancelled,Web,West,P-341,SKU-657,221.99,1.45,35.52,VIP,Debit Card
ORD-28759,CUST-11504,SESS-33759,CART-30759,11/17/2025,241.33,124.89,42.24,Sports,5,Completed,Affiliate,West,P-775,SKU-996,48.27,10.70,19.31,Returning,PayPal
ORD-28760,CUST-11505,SESS-33760,CART-30760,2025-05-14,375.04,157.37,43.05,Sports,3,Completed,Affiliate,South,P-26,SKU-3196,125.01,0.22,30.00,VIP,Credit Card
ORD-28761,CUST-11505,SESS-33761,CART-30761,2024-12-26,173.40,92.08,9.47,Fashion,3,Returned,Web,International,P-150,SKU-3274,57.80,17.64,13.87,VIP,Crypto
ORD-28762,CUST-11505,SESS-33762,CART-30762,2025-03-29,224.14,76.64,4.01,Fashion,2,Pending,Social Media,South,P-817,SKU-4285,112.07,14.74,17.93,New,PayPal
ORD-28763,CUST-11506,SESS-33763,CART-30763,2023-12-07,385.82,218.16,39.51,Home,4,Shipped,Social Media,West,P-839,SKU-1740,96.46,15.00,30.87,VIP,Debit Card
ORD-28764,CUST-11506,SESS-33764,CART-30764,2024-04-06,315.58,160.84,14.18,Home,4,Cancelled,Affiliate,International,P-683,SKU-597,78.90,17.65,25.25,VIP,Credit Card
ORD-28765,CUST-11507,SESS-33765,CART-30765,2024-11-02,296.24,149.27,32.71,Home,2,Returned,Web,South,P-796,SKU-2264,148.12,12.19,23.70,New,Debit Card
ORD-28766,CUST-11507,SESS-33766,CART-30766,2024-11-23,392.17,180.86,18.24,Fashion,1,Returned,Social Media,West,P-453,SKU-4086,392.17,0.50,31.37,New,Crypto
ORD-28767,CUST-11507,SESS-33767,CART-30767,2024-03-01,341.54,163.05,24.66,Beauty,1,Returned,Mobile App,East,P-902,SKU-1329,341.54,19.63,27.32,VIP,PayPal
ORD-28768,CUST-11508,SESS-33768,CART-30768,2024-03-29,489.16,235.55,23.51,Sports,1,Returned,Social Media,East,P-142,SKU-2930,489.16,13.15,39.13,Returning,PayPal
ORD-28769,CUST-11508,SESS-33769,CART-30769,2023-03-18,73.91,38.17,46.15,Sports,5,Pending,Mobile App,East,P-997,SKU-802,14.78,19.90,5.91,Returning,Crypto
ORD-28770,CUST-11509,SESS-33770,CART-30770,2025-03-20,222.33,113.80,15.54,Fashion,4,Pending,Social Media,North,P-474,SKU-2321,55.58,8.90,17.79,New,Crypto
ORD-28771,CUST-11509,SESS-33771,CART-30771,2024-07-27,  48.02  ,15.34,14.69,Sports,5,Completed,Web,East,P-121,SKU-3664,9.60,5.14,3.84,Returning,Crypto
ORD-28772,CUST-11509,SESS-33772,CART-30772,2023-08-12,75.32,40.94,35.91,Sports,4,Returned,Social Media,West,P-836,SKU-2184,18.83,3.40,6.03,New,Debit Card
ORD-28773,CUST-11510,SESS-33773,CART-30773,2024-06-06,12.81,7.52,36.06,Beauty,4,Cancelled,Affiliate,International,P-164,SKU-27,3.20,7.46,1.02,New,Credit Card
ORD-28774,CUST-11510,SESS-33774,CART-30774,2025-09-26,479.98,157.15,29.67,Sports,5,Returned,Mobile App,East,P-511,SKU-4447,96.00,11.85,38.40,New,Debit Card
ORD-28775,CUST-11511,SESS-33775,CART-30775,2023-06-18,135.65,50.38,7.74,Fashion,5,Cancelled,Affiliate,West,P-304,SKU-266,27.13,3.25,10.85,VIP,Credit Card
ORD-28776,CUST-11511,SESS-33776,CART-30776,1682020514206,383.07,149.38,46.28,Sports,4,Cancelled,Affiliate,South,P-554,SKU-2278,95.77,0.31,30.65,VIP,Credit Card
ORD-28777,CUST-11511,SESS-33777,CART-30777,2023-11-22,136.01,66.64,30.61,  electronics  ,2,Completed,Social Media,East,P-960,SKU-1543,68.00,3.70,10.88,Returning,Debit Card
ORD-28778,CUST-11512,SESS-33778,CART-30778,2026-01-13,180.56,54.30,31.11,Fashion,1,Returned,Web,South,P-835,SKU-2284,180.56,2.07,14.44,VIP,Crypto
ORD-28779,CUST-11512,SESS-33779,CART-30779,2023-04-12,142.37,43.23,22.05,Beauty,1,Completed,Affiliate,South,P-803,SKU-3150,142.37,1.08,11.39,Returning,PayPal
ORD-28780,CUST-11513,SESS-33780,CART-30780,2023-11-25,148.93,86.82,20.71,Fashion,3,Shipped,Affiliate,North,P-522,SKU-4012,49.64,4.63,11.91,New,Debit Card
ORD-28781,CUST-11513,SESS-33781,CART-30781,2025-03-22,128.75,70.60,29.25,Electronics,1,Cancelled,Web,East,P-181,SKU-418,128.75,6.69,10.30,Returning,PayPal
ORD-28782,CUST-11513,SESS-33782,CART-30782,2024-03-25,42.19,24.53,25.49,Fashion,5,Returned,Social Media,North,P-919,SKU-3130,8.44,11.85,3.38,Returning,PayPal
ORD-28783,CUST-11514,SESS-33783,CART-30783,1702469292111,307.31,146.98,0.14,Home,5,Completed,Mobile App,East,P-127,SKU-2242,61.46,0.28,24.59,VIP,Credit Card
ORD-28784,CUST-11514,SESS-33784,CART-30784,2025-02-08,323.41,156.24,32.29,Electronics,2,Completed,Social Media,East,P-74,SKU-3812,161.71,14.44,25.87,VIP,PayPal
ORD-28785,CUST-11515,SESS-33785,CART-30785,2024-09-15,378.19,219.34,42.48,Sports,1,Shipped,Affiliate,West,P-651,SKU-1654,378.19,17.19,30.26,New,Credit Card
ORD-28786,CUST-11515,SESS-33786,CART-30786,2023-11-12,404.58,187.32,34.16,Fashion,2,Shipped,Social Media,West,P-491,SKU-2284,202.29,8.52,32.37,Returning,Crypto
ORD-28787,CUST-11515,SESS-33787,CART-30787,2024-01-28,221.06,101.30,13.00,Beauty,2,Pending,Mobile App,South,P-90,SKU-648,110.53,3.44,17.68,Returning,Debit Card
ORD-28788,CUST-11516,SESS-33788,CART-30788,8/19/2024,436.32,178.67,48.99,Sports,1,Completed,Affiliate,West,P-798,SKU-3009,436.32,17.37,34.91,Returning,Debit Card
ORD-28789,CUST-11516,SESS-33789,CART-30789,2025-01-08,69.84,35.46,8.64,Beauty,5,Completed,Mobile App,North,P-829,SKU-1891,13.97,18.42,5.59,VIP,Credit Card
ORD-28790,CUST-11517,SESS-33790,CART-30790,2023-11-13,45.88,27.31,45.74,Sports,1,Pending,Social Media,North,P-749,SKU-4259,45.88,7.81,3.67,Returning,PayPal
ORD-28791,CUST-11517,SESS-33791,CART-30791,2024-01-15,375.68,223.73,8.41,  electronics  ,2,Completed,Web,East,P-317,SKU-2080,187.84,17.72,30.05,Returning,Debit Card
ORD-28792,CUST-11517,SESS-33792,CART-30792,9/26/2025,228.27,72.29,34.01,Fashion,2,Completed,Mobile App,North,P-765,SKU-4027,114.13,7.28,18.26,New,Debit Card
ORD-28793,CUST-11518,SESS-33793,CART-30793,2024-12-27,200.85,71.66,9.97,,4,Returned,Social Media,East,P-34,SKU-624,50.21,13.96,16.07,Returning,Credit Card
ORD-28794,CUST-11518,SESS-33794,CART-30794,2023-01-19,189.32,72.54,5.89,Sports,3,Completed,Social Media,West,P-138,SKU-479,63.11,2.65,15.15,Returning,Crypto
ORD-28795,CUST-11519,SESS-33795,CART-30795,2025-05-03,382.11,184.45,32.94,Home,5,Pending,Affiliate,North,P-320,SKU-951,76.42,9.12,30.57,Returning,PayPal
ORD-28796,CUST-11519,SESS-33796,CART-30796,2023-06-17,304.44,124.33,49.57,Home,1,Shipped,Mobile App,North,P-828,SKU-2091,304.44,17.19,24.36,VIP,PayPal
ORD-28797,CUST-11519,SESS-33797,CART-30797,2025-01-28,222.11,80.13,26.87,Electronics,4,Cancelled,Social Media,International,P-986,SKU-3011,55.53,15.09,17.77,New,Crypto
ORD-28798,CUST-11520,SESS-33798,CART-30798,2026-02-24,138.84,52.06,25.07,Fashion,3,Cancelled,Affiliate,International,P-767,SKU-280,46.28,9.30,11.11,VIP,Crypto
ORD-28799,CUST-11520,SESS-33799,CART-30799,1709177167898,344.07,193.08,46.92,Home,5,Shipped,Social Media,International,P-29,SKU-2177,68.81,14.04,27.53,VIP,Credit Card
ORD-28800,CUST-11521,SESS-33800,CART-30800,2024-11-07,117.63,51.89,41.30,Fashion,3,Returned,Web,North,P-613,SKU-3572,39.21,19.90,9.41,Returning,PayPal
ORD-28801,CUST-11521,SESS-33801,CART-30801,2023-01-06,198.85,94.00,48.84,Home,1,Shipped,Web,South,P-666,SKU-1170,198.85,2.17,15.91,VIP,Crypto
ORD-28802,CUST-11521,SESS-33802,CART-30802,2024-03-28,303.44,113.79,42.39,Sports,4,Pending,Web,North,P-62,SKU-1683,75.86,6.95,24.28,New,PayPal
ORD-28803,CUST-11522,SESS-33803,CART-30803,2023-12-28,337.06,145.25,32.78,Beauty,4,Completed,Mobile App,North,P-938,SKU-2954,84.27,11.39,26.96,VIP,Debit Card
ORD-28804,CUST-11522,SESS-33804,CART-30804,5/28/2025,93.25,44.38,38.23,Electronics,2,Pending,Social Media,North,P-202,SKU-3567,46.63,15.73,7.46,New,PayPal
ORD-28805,CUST-11523,SESS-33805,CART-30805,2024-10-27,363.04,207.12,36.68,Electronics,3,Shipped,Affiliate,South,P-128,SKU-2497,121.01,11.55,29.04,VIP,Credit Card
ORD-28806,CUST-11523,SESS-33806,CART-30806,2025-01-09,151.44,48.51,48.18,Home,5,Shipped,Social Media,North,P-693,SKU-567,30.29,2.04,12.12,New,PayPal
ORD-28807,CUST-11523,SESS-33807,CART-30807,2023-10-14,358.67,176.48,30.36,Fashion,5,Shipped,Web,North,P-454,SKU-2933,71.73,14.84,28.69,VIP,Credit Card
ORD-28808,CUST-11524,SESS-33808,CART-30808,2023-08-25,501.85,182.24,31.35,,1,Shipped,Web,International,P-226,SKU-238,501.85,4.04,40.15,New,PayPal
ORD-28809,CUST-11524,SESS-33809,CART-30809,2023-04-15,390.51,165.29,1.36,Electronics,2,Cancelled,Affiliate,International,P-179,SKU-1158,195.26,5.20,31.24,VIP,Credit Card
ORD-28810,CUST-11525,SESS-33810,CART-30810,2024-06-23,140.81,73.63,29.34,Home,2,Cancelled,Mobile App,West,P-600,SKU-1108,70.41,13.29,11.26,VIP,PayPal
ORD-28811,CUST-11525,SESS-33811,CART-30811,2023-10-06,259.95,140.36,4.33,Electronics,2,Shipped,Affiliate,West,P-627,SKU-785,129.98,12.29,20.80,Returning,PayPal
ORD-28812,CUST-11525,SESS-33812,CART-30812,2025-08-13,49.24,18.63,9.53,Beauty,2,Shipped,Social Media,International,P-600,SKU-4577,24.62,15.88,3.94,VIP,Debit Card
ORD-28813,CUST-11526,SESS-33813,CART-30813,2023-02-04,101.58,32.71,30.72,Electronics,3,Shipped,Mobile App,International,P-569,SKU-2107,33.86,18.19,8.13,Returning,Debit Card
ORD-28814,CUST-11526,SESS-33814,CART-30814,2025-11-21,54.36,16.34,4.12,Sports,5,Completed,Affiliate,International,P-789,SKU-2415,10.87,8.40,4.35,New,PayPal
ORD-28815,CUST-11527,SESS-33815,CART-30815,2022-12-31,492.34,273.06,49.72,Sports,5,Completed,Social Media,International,P-646,SKU-544,98.47,4.25,39.39,New,Credit Card
ORD-28816,CUST-11527,SESS-33816,CART-30816,2025-01-07,93.52,36.20,23.24,Home,5,Returned,Social Media,South,P-699,SKU-906,18.70,19.52,7.48,New,Credit Card
ORD-28817,CUST-11527,SESS-33817,CART-30817,2023-08-25,336.67,118.41,18.45,Beauty,4,Pending,Web,West,P-202,SKU-2716,84.17,8.72,26.93,New,PayPal
ORD-28818,CUST-11528,SESS-33818,CART-30818,2023-06-26,348.05,154.75,28.77,Beauty,3,Returned,Web,South,P-147,SKU-910,116.02,15.49,27.84,Returning,Credit Card
ORD-28819,CUST-11528,SESS-33819,CART-30819,2023-02-02,  450.71  ,257.78,21.42,Electronics,2,Returned,Social Media,International,P-17,SKU-4844,225.35,8.09,36.06,VIP,PayPal
ORD-28820,CUST-11529,SESS-33820,CART-30820,2023-07-20,371.09,166.64,0.68,  beauty  ,1,Returned,Mobile App,South,P-941,SKU-1155,371.09,3.31,29.69,VIP,Crypto
ORD-28821,CUST-11529,SESS-33821,CART-30821,2024-10-11,490.62,196.91,32.09,Beauty,5,Returned,Web,South,P-154,SKU-372,98.12,14.23,39.25,Returning,Crypto
ORD-28822,CUST-11529,SESS-33822,CART-30822,2025-11-24,26.56,13.23,38.17,Home,3,Cancelled,Social Media,North,P-81,SKU-3205,8.85,19.88,2.12,VIP,Credit Card
ORD-28823,CUST-11530,SESS-33823,CART-30823,2024-11-05,258.56,105.56,5.69,Electronics,5,Shipped,Social Media,South,P-411,SKU-2157,51.71,6.16,20.68,Returning,Credit Card
ORD-28824,CUST-11530,SESS-33824,CART-30824,2023-08-17,254.94,87.07,42.85,Fashion,5,Completed,Affiliate,East,P-207,SKU-3675,50.99,14.22,20.39,VIP,Crypto
ORD-28825,CUST-11531,SESS-33825,CART-30825,2025-12-25,394.82,200.15,41.65,Electronics,5,Cancelled,Social Media,South,P-498,SKU-155,78.96,9.72,31.59,New,Crypto
ORD-28826,CUST-11531,SESS-33826,CART-30826,2023-11-08,  45.14  ,16.70,17.31,NULL,2,Returned,Social Media,South,P-548,SKU-2291,22.57,11.27,3.61,VIP,Crypto
ORD-28827,CUST-11531,SESS-33827,CART-30827,2025-07-16,453.42,184.47,38.66,Electronics,NULL,Returned,Social Media,West,P-563,SKU-3689,151.14,0.27,36.27,VIP,Credit Card
ORD-28828,CUST-11532,SESS-33828,CART-30828,2025-05-02,312.30,108.80,13.24,Home,5,Shipped,Mobile App,South,P-117,SKU-259,62.46,2.64,24.98,New,PayPal
ORD-28829,CUST-11532,SESS-33829,CART-30829,1692000384776,89.11,48.62,34.36,Beauty,5,Returned,Mobile App,East,P-994,SKU-575,17.82,18.25,7.13,New,Debit Card
ORD-28830,CUST-11533,SESS-33830,CART-30830,2024-09-15,71.99,26.86,32.54,Electronics,3,Returned,Social Media,International,P-388,SKU-1125,24.00,4.07,5.76,Returning,Crypto
ORD-28831,CUST-11533,SESS-33831,CART-30831,2023-10-21,207.34,76.61,12.59,Sports,2,Cancelled,Mobile App,North,P-363,SKU-856,103.67,12.35,16.59,New,Credit Card
ORD-28832,CUST-11533,SESS-33832,CART-30832,2024-10-31,84.01,33.65,22.26,,,Shipped,Affiliate,East,P-981,SKU-3305,28.00,1.79,6.72,New,Crypto
ORD-28833,CUST-11534,SESS-33833,CART-30833,2026-03-11,409.42,154.49,26.78,Sports,5,Returned,Social Media,East,P-504,SKU-484,81.88,17.60,32.75,New,PayPal
ORD-28834,CUST-11534,SESS-33834,CART-30834,2026-02-24,100.37,52.17,41.79,Beauty,3,Pending,Web,North,P-853,SKU-2987,33.46,14.50,8.03,Returning,Debit Card
ORD-28835,CUST-11535,SESS-33835,CART-30835,5/6/2025,437.85,169.21,14.42,Electronics,1,Pending,Web,East,P-104,SKU-2060,437.85,5.90,35.03,VIP,Credit Card
ORD-28836,CUST-11535,SESS-33836,CART-30836,2025-01-04,429.34,201.11,2.85,Beauty,5,Cancelled,Affiliate,East,P-176,SKU-2170,85.87,8.69,34.35,VIP,Crypto
ORD-28837,CUST-11535,SESS-33837,CART-30837,2023-06-09,316.74,107.38,25.01,Sports,2,Pending,Affiliate,North,P-738,SKU-1693,158.37,18.06,25.34,Returning,Crypto
ORD-28838,CUST-11536,SESS-33838,CART-30838,2025-09-29,246.98,99.01,7.85,Sports,2,Returned,Affiliate,International,P-892,SKU-785,123.49,1.28,19.76,New,Debit Card
ORD-28839,CUST-11536,SESS-33839,CART-30839,2023-07-17,412.15,232.73,14.57,Sports,4,Pending,Web,West,P-149,SKU-1936,103.04,19.35,32.97,Returning,Crypto
ORD-28840,CUST-11537,SESS-33840,CART-30840,2025-04-23,501.69,158.31,32.85,Fashion,1,Shipped,Affiliate,East,P-721,SKU-4044,501.69,13.00,40.14,New,Debit Card
ORD-28841,CUST-11537,SESS-33841,CART-30841,2023-10-13,226.60,113.30,47.74,Beauty,5,Pending,Affiliate,South,P-380,SKU-3534,45.32,13.78,18.13,Returning,PayPal
ORD-28842,CUST-11537,SESS-33842,CART-30842,2024-04-07,325.09,124.64,33.80,Fashion,1,Pending,Web,East,P-155,SKU-4514,325.09,15.66,26.01,VIP,Debit Card
ORD-28843,CUST-11538,SESS-33843,CART-30843,2024-09-26,228.77,89.17,13.58,Fashion,3,Shipped,Mobile App,West,P-545,SKU-1159,76.26,7.87,18.30,VIP,Debit Card
ORD-28844,CUST-11538,SESS-33844,CART-30844,2025-10-05,343.70,155.72,39.18,Fashion,2,Cancelled,Affiliate,West,P-821,SKU-3662,171.85,8.47,27.50,Returning,Debit Card
ORD-28845,CUST-11539,SESS-33845,CART-30845,2025-04-13,272.29,86.54,17.68,Fashion,4,Pending,Mobile App,North,P-405,SKU-4331,68.07,8.08,21.78,VIP,Credit Card
ORD-28846,CUST-11539,SESS-33846,CART-30846,2024-05-18,157.57,86.59,44.17,Fashion,1,Shipped,Affiliate,East,P-108,SKU-2805,157.57,7.08,12.61,Returning,PayPal
ORD-28847,CUST-11539,SESS-33847,CART-30847,2025-09-07,355.93,202.15,6.60,Fashion,1,Shipped,Web,East,P-702,SKU-3910,355.93,15.31,28.47,Returning,Debit Card
ORD-28848,CUST-11540,SESS-33848,CART-30848,2025-01-21,382.68,139.47,9.68,,4,Returned,Web,West,P-767,SKU-4338,95.67,9.95,30.61,New,Crypto
ORD-28849,CUST-11540,SESS-33849,CART-30849,2025-10-09,48.72,16.58,28.91,Electronics,3,Shipped,Web,North,P-316,SKU-3480,16.24,5.29,3.90,Returning,Debit Card
ORD-28850,CUST-11541,SESS-33850,CART-30850,2025-07-09,387.36,203.61,15.11,Beauty,4,Returned,Mobile App,South,P-442,SKU-4703,96.84,13.16,30.99,VIP,PayPal
ORD-28851,CUST-11541,SESS-33851,CART-30851,2025-01-21,454.22,235.82,35.29,Sports,2,Pending,Web,South,P-896,SKU-3787,227.11,2.95,36.34,New,Debit Card
ORD-28852,CUST-11541,SESS-33852,CART-30852,2026-01-12,97.87,32.62,0.42,,1,Shipped,Social Media,North,P-894,SKU-3241,97.87,2.15,7.83,New,Debit Card
ORD-28853,CUST-11542,SESS-33853,CART-30853,2023-01-12,302.81,124.72,16.94,Fashion,1,Cancelled,Mobile App,International,P-972,SKU-66,302.81,3.93,24.22,New,Credit Card
ORD-28854,CUST-11542,SESS-33854,CART-30854,2023-05-08,446.68,146.85,37.09,Fashion,1,Shipped,Affiliate,West,P-166,SKU-1404,446.68,5.80,35.73,Returning,Crypto
ORD-28855,CUST-11543,SESS-33855,CART-30855,2025-09-14,303.06,158.50,10.11,Electronics,2,Shipped,Web,North,P-935,SKU-813,151.53,8.21,24.24,VIP,Debit Card
ORD-28856,CUST-11543,SESS-33856,CART-30856,2025-06-16,264.80,89.87,14.32,,5,Shipped,Mobile App,North,P-45,SKU-4569,52.96,3.15,21.18,New,Credit Card
ORD-28857,CUST-11543,SESS-33857,CART-30857,2024-08-28,123.15,60.92,42.68,Electronics,3,Shipped,Web,East,P-13,SKU-2568,41.05,1.77,9.85,Returning,PayPal
ORD-28858,CUST-11544,SESS-33858,CART-30858,10/29/2024,341.03,156.18,28.25,Home,1,Cancelled,Mobile App,South,P-411,SKU-2889,341.03,2.91,27.28,New,Credit Card
ORD-28859,CUST-11544,SESS-33859,CART-30859,2024-04-25,86.41,38.43,42.65,Sports,3,Cancelled,Social Media,International,P-920,SKU-4952,28.80,12.89,6.91,Returning,Crypto
ORD-28860,CUST-11545,SESS-33860,CART-30860,2024-06-04,,27.98,43.48,Sports,1,Cancelled,Mobile App,East,P-993,SKU-606,48.59,7.46,3.89,Returning,PayPal
ORD-28861,CUST-11545,SESS-33861,CART-30861,2025-06-28,173.99,65.76,46.85,Sports,1,Returned,Social Media,North,P-12,SKU-2363,173.99,18.45,13.92,Returning,Crypto
ORD-28862,CUST-11545,SESS-33862,CART-30862,2024-06-27,459.98,223.15,44.40,Sports,5,Cancelled,Mobile App,East,P-393,SKU-3200,92.00,1.59,36.80,Returning,Credit Card
ORD-28863,CUST-11546,SESS-33863,CART-30863,2023-05-14,184.29,68.99,41.88,Fashion,1,Cancelled,Mobile App,West,P-622,SKU-4476,184.29,0.02,14.74,Returning,Crypto
ORD-28864,CUST-11546,SESS-33864,CART-30864,2025-11-09,436.81,168.66,3.04,  home  ,1,Shipped,Mobile App,East,P-15,SKU-1981,436.81,11.59,34.94,New,Credit Card
ORD-28865,CUST-11547,SESS-33865,CART-30865,2/19/2025,NULL,42.30,5.49,Sports,5,Completed,Mobile App,South,P-3,SKU-2733,23.26,17.67,9.30,VIP,PayPal
ORD-28866,CUST-11547,SESS-33866,CART-30866,2024-03-16,324.07,172.07,4.16,,2,Completed,Web,South,P-274,SKU-2439,162.04,11.93,25.93,VIP,Credit Card
ORD-28867,CUST-11547,SESS-33867,CART-30867,2023-10-27,,67.08,17.82,Home,3,Completed,Mobile App,South,P-516,SKU-1872,64.85,3.39,15.56,New,PayPal
ORD-28868,CUST-11548,SESS-33868,CART-30868,2024-08-04,87.09,48.78,27.23,Sports,1,Returned,Mobile App,North,P-878,SKU-835,87.09,12.30,6.97,VIP,Crypto
ORD-28869,CUST-11548,SESS-33869,CART-30869,2024-08-15,265.70,119.22,29.05,Sports,1,Cancelled,Mobile App,West,P-135,SKU-4857,265.70,10.55,21.26,Returning,PayPal
ORD-28870,CUST-11549,SESS-33870,CART-30870,2025-02-28,78.76,31.94,32.12,,4,Returned,Mobile App,East,P-949,SKU-3605,19.69,14.21,6.30,VIP,Debit Card
ORD-28871,CUST-11549,SESS-33871,CART-30871,2024-10-08,462.72,258.90,19.72,Home,3,Completed,Mobile App,West,P-175,SKU-1654,154.24,12.31,37.02,New,Debit Card
ORD-28872,CUST-11549,SESS-33872,CART-30872,2025-09-06,224.80,133.48,44.18,Electronics,5,Shipped,Affiliate,International,P-184,SKU-4527,44.96,19.88,17.98,New,PayPal
ORD-28873,CUST-11550,SESS-33873,CART-30873,2025-07-28,473.73,216.23,20.32,Electronics,2,Pending,Affiliate,North,P-243,SKU-2490,236.86,8.47,37.90,New,Debit Card
ORD-28874,CUST-11550,SESS-33874,CART-30874,2024-10-02,408.79,161.94,28.19,Home,3,Completed,Mobile App,North,P-880,SKU-1696,136.26,4.12,32.70,New,Crypto
ORD-28875,CUST-11551,SESS-33875,CART-30875,2023-04-26,413.23,234.03,15.70,Home,5,Pending,Social Media,International,P-206,SKU-1921,82.65,12.30,33.06,Returning,Crypto
ORD-28876,CUST-11551,SESS-33876,CART-30876,2025-08-25,310.99,120.54,14.73,Beauty,5,Pending,Social Media,East,P-461,SKU-3184,62.20,1.51,24.88,Returning,Crypto
ORD-28877,CUST-11551,SESS-33877,CART-30877,2024-05-30,416.47,204.67,7.13,Sports,5,Returned,Affiliate,North,P-452,SKU-4072,83.29,0.77,33.32,Returning,Crypto
ORD-28878,CUST-11552,SESS-33878,CART-30878,2025-06-30,58.64,33.15,13.31,Electronics,3,Completed,Mobile App,North,P-16,SKU-2193,19.55,2.75,4.69,Returning,PayPal
ORD-28879,CUST-11552,SESS-33879,CART-30879,1725627805187,28.79,16.09,1.45,Home,3,Cancelled,Affiliate,West,P-339,SKU-4840,9.60,11.67,2.30,New,Credit Card
ORD-28880,CUST-11553,SESS-33880,CART-30880,2024-11-23,205.32,123.17,0.08,Sports,1,Cancelled,Social Media,East,P-690,SKU-80,205.32,4.51,16.43,VIP,Credit Card
ORD-28881,CUST-11553,SESS-33881,CART-30881,2026-03-12,,9.76,14.43,Beauty,5,Cancelled,Affiliate,West,P-852,SKU-4383,5.63,5.25,2.25,Returning,Crypto
ORD-28882,CUST-11553,SESS-33882,CART-30882,1720513703533,92.44,33.51,23.84,Sports,1,Returned,Web,South,P-204,SKU-3235,92.44,12.74,7.40,Returning,Crypto
ORD-28883,CUST-11554,SESS-33883,CART-30883,2023-07-14,191.06,84.10,20.55,Beauty,5,Pending,Web,East,P-710,SKU-751,38.21,5.14,15.28,VIP,Credit Card
ORD-28884,CUST-11554,SESS-33884,CART-30884,2025-03-24,423.40,178.09,23.23,Sports,3,Cancelled,Web,International,P-947,SKU-343,141.13,12.91,33.87,New,Credit Card
ORD-28885,CUST-11555,SESS-33885,CART-30885,1753049896682,66.57,25.33,33.45,Sports,3,Shipped,Social Media,International,P-415,SKU-3234,22.19,7.01,5.33,New,Debit Card
ORD-28886,CUST-11555,SESS-33886,CART-30886,2024-08-17,131.69,78.56,15.24,Sports,3,Pending,Social Media,South,P-828,SKU-277,43.90,9.59,10.53,VIP,Credit Card
ORD-28887,CUST-11555,SESS-33887,CART-30887,2024-07-07,395.01,156.11,40.48,Sports,2,Pending,Affiliate,North,P-664,SKU-3132,197.51,4.22,31.60,New,PayPal
ORD-28888,CUST-11556,SESS-33888,CART-30888,2025-10-05,91.61,28.29,18.53,Fashion,5,Shipped,Web,South,P-504,SKU-1604,18.32,15.31,7.33,VIP,Credit Card
ORD-28889,CUST-11556,SESS-33889,CART-30889,2025-01-27,149.37,57.09,48.14,Beauty,1,Cancelled,Mobile App,West,P-715,SKU-3801,149.37,10.98,11.95,New,Crypto
ORD-28890,CUST-11557,SESS-33890,CART-30890,2024-11-13,64.46,28.64,28.76,Fashion,5,Cancelled,Mobile App,East,P-509,SKU-1484,12.89,11.50,5.16,New,Credit Card
ORD-28891,CUST-11557,SESS-33891,CART-30891,2024-10-24,405.85,195.36,2.71,Electronics,1,Returned,Social Media,East,P-103,SKU-1044,405.85,10.52,32.47,New,PayPal
ORD-28892,CUST-11557,SESS-33892,CART-30892,2023-05-18,420.30,249.50,25.09,Sports,5,Shipped,Social Media,International,P-850,SKU-2720,84.06,16.34,33.62,VIP,Debit Card
ORD-28893,CUST-11558,SESS-33893,CART-30893,2025-08-20,23.05,7.27,24.23,Home,5,Pending,Social Media,West,P-564,SKU-1045,4.61,13.17,1.84,Returning,Crypto
ORD-28894,CUST-11558,SESS-33894,CART-30894,2025-04-14,  482.33  ,280.66,32.72,Sports,3,Returned,Mobile App,International,P-141,SKU-1212,160.78,2.29,38.59,VIP,Debit Card
ORD-28895,CUST-11559,SESS-33895,CART-30895,2025-04-19,125.30,41.87,4.85,Sports,4,Returned,Social Media,North,P-126,SKU-4419,31.33,10.20,10.02,VIP,Credit Card
ORD-28896,CUST-11559,SESS-33896,CART-30896,2024-07-23,153.02,85.30,17.68,Fashion,4,Shipped,Social Media,South,P-971,SKU-1759,38.26,11.91,12.24,Returning,Crypto
ORD-28897,CUST-11559,SESS-33897,CART-30897,2025-10-04,127.80,48.97,32.78,Home,4,Cancelled,Mobile App,East,P-843,SKU-790,31.95,1.77,10.22,Returning,PayPal
ORD-28898,CUST-11560,SESS-33898,CART-30898,2025-08-12,66.68,28.40,36.51,Home,3,Cancelled,Mobile App,South,P-642,SKU-3257,22.23,14.68,5.33,Returning,Credit Card
ORD-28899,CUST-11560,SESS-33899,CART-30899,2024-05-29,370.37,119.19,34.31,Sports,3,Completed,Web,International,P-545,SKU-4896,123.46,14.78,29.63,Returning,PayPal
ORD-28900,CUST-11561,SESS-33900,CART-30900,2025-12-26,211.19,113.46,30.94,Beauty,5,Shipped,Social Media,West,P-502,SKU-362,42.24,9.56,16.90,New,Debit Card
ORD-28901,CUST-11561,SESS-33901,CART-30901,2/2/2024,113.66,51.44,18.35,  home  ,1,Returned,Social Media,North,P-770,SKU-1760,113.66,1.48,9.09,New,Credit Card
ORD-28902,CUST-11561,SESS-33902,CART-30902,2024-01-15,37.00,17.29,25.16,Beauty,3,Pending,Mobile App,West,P-8,SKU-2807,12.33,14.19,2.96,Returning,Crypto
ORD-28903,CUST-11562,SESS-33903,CART-30903,1730709673365,16.28,9.45,29.15,Fashion,4,Cancelled,Social Media,International,P-905,SKU-3909,4.07,16.14,1.30,New,Debit Card
ORD-28904,CUST-11562,SESS-33904,CART-30904,2023-07-28,421.97,219.40,14.40,Sports,3,Cancelled,Mobile App,North,P-74,SKU-2507,140.66,13.15,33.76,New,Credit Card
ORD-28905,CUST-11563,SESS-33905,CART-30905,2023-08-14,508.08,289.25,38.58,Beauty,1,Completed,Social Media,East,P-393,SKU-2314,508.08,1.41,40.65,VIP,Credit Card
ORD-28906,CUST-11563,SESS-33906,CART-30906,2024-11-07,484.61,220.83,30.40,Beauty,,Cancelled,Mobile App,East,P-803,SKU-4933,161.54,2.16,38.77,VIP,PayPal
ORD-28907,CUST-11563,SESS-33907,CART-30907,2024-03-25,NULL,111.65,10.21,Fashion,2,Shipped,Social Media,West,P-305,SKU-2558,133.26,16.99,21.32,New,Crypto
ORD-28908,CUST-11564,SESS-33908,CART-30908,2024-04-12,143.99,57.95,36.69,Electronics,4,Completed,Social Media,East,P-590,SKU-1884,36.00,10.88,11.52,New,Crypto
ORD-28909,CUST-11564,SESS-33909,CART-30909,2025-10-06,461.74,209.94,33.43,Beauty,1,Completed,Affiliate,South,P-845,SKU-3734,461.74,7.55,36.94,VIP,Debit Card
ORD-28910,CUST-11565,SESS-33910,CART-30910,2023-06-21,279.32,107.83,6.59,Sports,1,Shipped,Social Media,West,P-451,SKU-3325,279.32,17.85,22.35,VIP,Crypto
ORD-28911,CUST-11565,SESS-33911,CART-30911,2024-07-07,401.34,240.19,10.92,Beauty,1,Shipped,Web,International,P-380,SKU-3961,401.34,13.99,32.11,VIP,Credit Card
ORD-28912,CUST-11565,SESS-33912,CART-30912,2025-11-16,275.77,138.86,13.71,Beauty,2,Shipped,Social Media,International,P-761,SKU-1161,137.89,12.78,22.06,New,Debit Card
ORD-28913,CUST-11566,SESS-33913,CART-30913,2023-12-24,328.04,182.57,20.28,Electronics,4,Pending,Mobile App,International,P-797,SKU-610,82.01,10.38,26.24,Returning,Credit Card
ORD-28914,CUST-11566,SESS-33914,CART-30914,2025-04-28,169.20,69.26,15.34,Beauty,4,Shipped,Mobile App,East,P-871,SKU-3712,42.30,4.98,13.54,VIP,Debit Card
ORD-28915,CUST-11567,SESS-33915,CART-30915,2025-03-03,245.73,137.78,32.85,Home,3,Returned,Mobile App,North,P-838,SKU-1118,81.91,1.49,19.66,VIP,Debit Card
ORD-28916,CUST-11567,SESS-33916,CART-30916,1723376974505,427.86,187.43,21.83,Home,3,Shipped,Web,South,P-490,SKU-1933,142.62,3.34,34.23,VIP,PayPal
ORD-28917,CUST-11567,SESS-33917,CART-30917,2024-04-16,143.50,48.56,22.32,Home,3,Pending,Affiliate,West,P-30,SKU-3757,47.83,19.21,11.48,New,Debit Card
ORD-28918,CUST-11568,SESS-33918,CART-30918,2025-02-11,453.12,205.56,11.59,Fashion,1,Returned,Mobile App,International,P-5,SKU-4131,453.12,9.83,36.25,VIP,Debit Card
ORD-28919,CUST-11568,SESS-33919,CART-30919,2023-08-24,272.01,122.69,20.67,Electronics,2,Returned,Social Media,North,P-75,SKU-4774,136.00,10.05,21.76,Returning,Crypto
ORD-28920,CUST-11569,SESS-33920,CART-30920,2025-08-17,437.49,147.98,29.36,Home,3,Pending,Social Media,East,P-227,SKU-646,145.83,4.76,35.00,VIP,PayPal
ORD-28921,CUST-11569,SESS-33921,CART-30921,2023-02-08,207.77,100.85,35.89,Electronics,2,Cancelled,Mobile App,West,P-679,SKU-4540,103.89,12.05,16.62,VIP,PayPal
ORD-28922,CUST-11569,SESS-33922,CART-30922,2025-11-25,318.59,188.48,18.06,Electronics,2,Completed,Affiliate,West,P-616,SKU-3917,159.30,2.27,25.49,New,PayPal
ORD-28923,CUST-11570,SESS-33923,CART-30923,2024-06-19,241.82,99.95,32.51,Sports,5,Pending,Web,International,P-43,SKU-3025,48.36,10.54,19.35,New,Debit Card
ORD-28924,CUST-11570,SESS-33924,CART-30924,2024-10-13,  500.41  ,152.54,7.97,Home,3,Pending,Mobile App,South,P-11,SKU-214,166.80,6.88,40.03,Returning,Debit Card
ORD-28925,CUST-11571,SESS-33925,CART-30925,2023-11-12,268.99,89.14,29.64,Home,4,Cancelled,Web,International,P-641,SKU-274,67.25,16.22,21.52,Returning,Crypto
ORD-28926,CUST-11571,SESS-33926,CART-30926,2024-03-03,183.96,71.01,15.33,Home,4,Returned,Mobile App,West,P-251,SKU-2490,45.99,18.89,14.72,Returning,Debit Card
ORD-28927,CUST-11571,SESS-33927,CART-30927,2025-08-02,72.04,38.40,25.60,Electronics,3,Completed,Affiliate,East,P-134,SKU-1575,24.01,15.89,5.76,VIP,Crypto
ORD-28928,CUST-11572,SESS-33928,CART-30928,2023-03-30,461.98,235.38,9.99,Fashion,3,Pending,Affiliate,East,P-537,SKU-3000,153.99,8.23,36.96,New,Crypto
ORD-28929,CUST-11572,SESS-33929,CART-30929,2025-04-09,153.30,55.07,24.54,Sports,2,Shipped,Mobile App,International,P-695,SKU-2783,76.65,1.94,12.26,New,Credit Card
ORD-28930,CUST-11573,SESS-33930,CART-30930,2024-11-14,504.54,180.76,16.05,Home,1,Shipped,Social Media,West,P-571,SKU-1102,504.54,8.72,40.36,Returning,PayPal
ORD-28931,CUST-11573,SESS-33931,CART-30931,2025-09-10,308.72,183.82,3.72,Beauty,5,Cancelled,Web,West,P-784,SKU-2456,61.74,0.30,24.70,New,PayPal
ORD-28932,CUST-11573,SESS-33932,CART-30932,2024-05-17,  413.89  ,205.45,41.91,Electronics,2,Shipped,Social Media,East,P-602,SKU-2722,206.95,18.54,33.11,Returning,Credit Card
ORD-28933,CUST-11574,SESS-33933,CART-30933,2024-10-12,369.38,129.11,14.61,Sports,4,Returned,Affiliate,International,P-307,SKU-1731,92.35,16.38,29.55,VIP,Crypto
ORD-28934,CUST-11574,SESS-33934,CART-30934,2025-08-08,461.97,243.52,32.97,Beauty,3,Cancelled,Web,East,P-505,SKU-3022,153.99,16.90,36.96,VIP,Credit Card
ORD-28935,CUST-11575,SESS-33935,CART-30935,2025-08-03,272.73,115.39,20.46,Electronics,5,Cancelled,Affiliate,South,P-135,SKU-4028,54.55,3.20,21.82,New,Credit Card
ORD-28936,CUST-11575,SESS-33936,CART-30936,2025-04-19,353.71,148.16,20.08,Home,1,Pending,Mobile App,West,P-536,SKU-3527,353.71,0.00,28.30,VIP,Crypto
ORD-28937,CUST-11575,SESS-33937,CART-30937,2025-03-11,75.42,41.31,37.78,Beauty,5,Pending,Affiliate,North,P-39,SKU-2312,15.08,0.31,6.03,VIP,PayPal
ORD-28938,CUST-11576,SESS-33938,CART-30938,2025-06-21,,104.21,3.24,Sports,4,Shipped,Social Media,East,P-896,SKU-1492,79.98,8.45,25.59,VIP,Credit Card
ORD-28939,CUST-11576,SESS-33939,CART-30939,2026-02-22,33.12,12.30,24.76,Sports,3,Shipped,Affiliate,North,P-491,SKU-2223,11.04,10.26,2.65,Returning,Credit Card
ORD-28940,CUST-11577,SESS-33940,CART-30940,2024-02-26,480.90,200.07,33.93,Electronics,4,Shipped,Web,South,P-474,SKU-27,120.22,7.82,38.47,New,Debit Card
ORD-28941,CUST-11577,SESS-33941,CART-30941,2023-10-21,454.45,183.16,25.16,Home,5,Completed,Web,West,P-262,SKU-965,90.89,12.67,36.36,Returning,PayPal
ORD-28942,CUST-11577,SESS-33942,CART-30942,2023-12-05,162.48,65.70,9.69,Fashion,4,Shipped,Web,East,P-529,SKU-1682,40.62,18.19,13.00,VIP,Credit Card
ORD-28943,CUST-11578,SESS-33943,CART-30943,2024-03-14,507.87,276.00,10.27,NULL,1,Completed,Affiliate,International,P-24,SKU-4677,507.87,18.51,40.63,Returning,Crypto
ORD-28944,CUST-11578,SESS-33944,CART-30944,2023-10-05,264.53,97.46,47.27,  fashion  ,1,Returned,Social Media,North,P-483,SKU-4523,264.53,10.11,21.16,Returning,Credit Card
ORD-28945,CUST-11579,SESS-33945,CART-30945,2025-02-21,360.39,174.42,6.42,Beauty,5,Completed,Mobile App,West,P-574,SKU-4838,72.08,6.32,28.83,VIP,Crypto
ORD-28946,CUST-11579,SESS-33946,CART-30946,2024-09-11,45.04,20.70,42.65,Sports,2,Pending,Web,West,P-269,SKU-4061,22.52,4.25,3.60,Returning,Debit Card
ORD-28947,CUST-11579,SESS-33947,CART-30947,2024-01-24,254.80,115.02,27.11,Home,4,Pending,Web,North,P-452,SKU-2881,63.70,2.79,20.38,New,Debit Card
ORD-28948,CUST-11580,SESS-33948,CART-30948,2023-12-09,208.19,124.85,24.25,  electronics  ,4,Shipped,Social Media,International,P-91,SKU-2727,52.05,13.58,16.66,New,PayPal
ORD-28949,CUST-11580,SESS-33949,CART-30949,2026-02-05,275.10,87.53,31.07,Beauty,1,Completed,Web,North,P-815,SKU-4744,275.10,2.62,22.01,New,Credit Card
ORD-28950,CUST-11581,SESS-33950,CART-30950,2025-07-31,326.19,100.46,38.56,Home,3,Completed,Social Media,North,P-283,SKU-2679,108.73,9.82,26.10,Returning,Credit Card
ORD-28951,CUST-11581,SESS-33951,CART-30951,2023-10-27,285.29,151.62,7.80,Fashion,3,Shipped,Mobile App,East,P-629,SKU-1023,95.10,4.48,22.82,New,PayPal
ORD-28952,CUST-11581,SESS-33952,CART-30952,12/14/2023,291.95,151.59,25.96,Fashion,5,Completed,Web,North,P-865,SKU-2403,58.39,4.61,23.36,VIP,Debit Card
ORD-28953,CUST-11582,SESS-33953,CART-30953,2023-07-20,462.75,230.10,28.69,Home,2,Pending,Social Media,East,P-707,SKU-1621,231.38,2.05,37.02,Returning,Debit Card
ORD-28954,CUST-11582,SESS-33954,CART-30954,2023-04-05,437.32,208.37,14.49,Fashion,4,Shipped,Mobile App,South,P-823,SKU-3220,109.33,0.23,34.99,Returning,Credit Card
ORD-28955,CUST-11583,SESS-33955,CART-30955,2023-06-13,246.27,112.50,38.61,Electronics,3,Cancelled,Web,East,P-899,SKU-4633,82.09,8.28,19.70,VIP,Credit Card
ORD-28956,CUST-11583,SESS-33956,CART-30956,2023-09-04,300.00,167.70,16.89,,5,Returned,Social Media,East,P-60,SKU-488,60.00,19.25,24.00,Returning,Crypto
ORD-28957,CUST-11583,SESS-33957,CART-30957,2025-05-15,233.98,130.83,23.99,Fashion,1,Cancelled,Web,West,P-617,SKU-2897,233.98,19.87,18.72,Returning,Crypto
ORD-28958,CUST-11584,SESS-33958,CART-30958,2025-12-06,111.94,39.15,32.93,Beauty,1,Returned,Web,International,P-867,SKU-4254,111.94,5.54,8.96,New,Crypto
ORD-28959,CUST-11584,SESS-33959,CART-30959,2025-07-10,387.17,196.85,32.01,Beauty,5,Completed,Mobile App,West,P-195,SKU-3879,77.43,0.26,30.97,VIP,Credit Card
ORD-28960,CUST-11585,SESS-33960,CART-30960,9/8/2025,117.21,67.39,38.37,NULL,2,Completed,Mobile App,West,P-249,SKU-31,58.61,4.24,9.38,VIP,Crypto
ORD-28961,CUST-11585,SESS-33961,CART-30961,2024-11-20,326.75,98.47,3.97,Fashion,4,Shipped,Affiliate,International,P-632,SKU-113,81.69,5.66,26.14,VIP,PayPal
ORD-28962,CUST-11585,SESS-33962,CART-30962,2024-03-19,361.15,180.91,11.76,Home,4,Returned,Affiliate,South,P-732,SKU-3874,90.29,8.94,28.89,Returning,PayPal
ORD-28963,CUST-11586,SESS-33963,CART-30963,2024-05-12,149.47,73.01,29.83,Electronics,2,Completed,Mobile App,North,P-237,SKU-4134,74.74,12.98,11.96,Returning,Credit Card
ORD-28964,CUST-11586,SESS-33964,CART-30964,2023-01-27,199.97,96.99,14.73,Electronics,3,Shipped,Social Media,East,P-671,SKU-3281,66.66,16.08,16.00,New,Crypto
ORD-28965,CUST-11587,SESS-33965,CART-30965,2023-04-01,164.86,49.69,33.54,Home,3,Pending,Web,International,P-873,SKU-438,54.95,9.19,13.19,New,Debit Card
ORD-28966,CUST-11587,SESS-33966,CART-30966,2023-04-24,148.89,47.25,9.12,Sports,5,Pending,Social Media,International,P-243,SKU-2955,29.78,18.48,11.91,New,Debit Card
ORD-28967,CUST-11587,SESS-33967,CART-30967,1742961607477,344.18,130.97,37.90,Beauty,3,Shipped,Social Media,South,P-654,SKU-3930,114.73,15.88,27.53,New,Credit Card
ORD-28968,CUST-11588,SESS-33968,CART-30968,2025-08-28,,240.99,44.00,Home,4,Shipped,Social Media,West,P-106,SKU-349,102.65,17.33,32.85,New,Credit Card
ORD-28969,CUST-11588,SESS-33969,CART-30969,2025-02-13,444.93,251.93,45.08,NULL,3,Cancelled,Affiliate,South,P-155,SKU-3686,148.31,15.16,35.59,VIP,Credit Card
ORD-28970,CUST-11589,SESS-33970,CART-30970,2023-12-21,463.50,263.55,28.77,Electronics,5,Shipped,Mobile App,West,P-653,SKU-3327,92.70,16.77,37.08,VIP,Crypto
ORD-28971,CUST-11589,SESS-33971,CART-30971,2023-04-29,347.75,170.84,12.03,Home,5,Cancelled,Affiliate,North,P-659,SKU-3911,69.55,15.46,27.82,New,Debit Card
ORD-28972,CUST-11589,SESS-33972,CART-30972,2023-02-08,95.54,53.95,7.06,Sports,1,Pending,Mobile App,East,P-171,SKU-3592,95.54,9.10,7.64,New,Credit Card
ORD-28973,CUST-11590,SESS-33973,CART-30973,2023-02-16,255.30,80.43,28.29,Electronics,3,Pending,Social Media,South,P-692,SKU-565,85.10,7.20,20.42,Returning,Debit Card
ORD-28974,CUST-11590,SESS-33974,CART-30974,2025-02-12,48.58,18.57,4.94,Beauty,5,Completed,Affiliate,North,P-751,SKU-3336,9.72,8.28,3.89,VIP,Crypto
ORD-28975,CUST-11591,SESS-33975,CART-30975,2025-07-31,131.88,68.21,30.25,Sports,2,Pending,Mobile App,International,P-294,SKU-1635,65.94,0.43,10.55,New,PayPal
ORD-28976,CUST-11591,SESS-33976,CART-30976,2024-06-07,446.88,171.61,30.89,Home,4,Completed,Affiliate,North,P-955,SKU-1163,111.72,5.18,35.75,New,PayPal
ORD-28977,CUST-11591,SESS-33977,CART-30977,2023-07-12,186.40,76.69,11.96,Sports,4,Completed,Social Media,East,P-1,SKU-4980,46.60,14.20,14.91,New,PayPal
ORD-28978,CUST-11592,SESS-33978,CART-30978,2023-05-11,105.65,39.24,29.10,Home,4,Cancelled,Social Media,North,P-230,SKU-1891,26.41,12.70,8.45,VIP,Crypto
ORD-28979,CUST-11592,SESS-33979,CART-30979,2023-06-21,40.70,17.62,34.58,Sports,1,Completed,Mobile App,South,P-225,SKU-4103,40.70,6.79,3.26,New,Credit Card
ORD-28980,CUST-11593,SESS-33980,CART-30980,2024-06-21,458.82,160.85,14.33,Electronics,2,Shipped,Social Media,South,P-190,SKU-4925,229.41,4.78,36.71,VIP,Debit Card
ORD-28981,CUST-11593,SESS-33981,CART-30981,2023-12-28,181.46,100.91,29.43,Beauty,5,Pending,Web,West,P-54,SKU-1419,36.29,14.36,14.52,VIP,PayPal
ORD-28982,CUST-11593,SESS-33982,CART-30982,2026-01-20,104.59,62.69,6.99,Beauty,5,Shipped,Social Media,South,P-367,SKU-3955,20.92,10.72,8.37,New,Crypto
ORD-28983,CUST-11594,SESS-33983,CART-30983,2024-07-13,369.33,123.96,38.57,Electronics,4,Shipped,Mobile App,West,P-591,SKU-2607,92.33,5.77,29.55,Returning,Crypto
ORD-28984,CUST-11594,SESS-33984,CART-30984,2025-02-16,268.41,156.39,48.27,Home,2,Returned,Mobile App,International,P-32,SKU-1582,134.20,11.24,21.47,VIP,Crypto
ORD-28985,CUST-11595,SESS-33985,CART-30985,2/28/2025,331.41,155.25,25.88,Beauty,1,Shipped,Web,West,P-186,SKU-3493,331.41,2.44,26.51,VIP,Debit Card
ORD-28986,CUST-11595,SESS-33986,CART-30986,2025-05-30,79.95,33.15,3.32,Sports,4,Pending,Affiliate,International,P-331,SKU-2009,19.99,13.40,6.40,VIP,Debit Card
ORD-28987,CUST-11595,SESS-33987,CART-30987,2025-02-14,72.65,33.17,13.23,Beauty,2,Completed,Mobile App,South,P-639,SKU-4811,36.32,12.84,5.81,Returning,Credit Card
ORD-28988,CUST-11596,SESS-33988,CART-30988,2023-12-19,165.10,61.32,21.78,Sports,2,Returned,Web,East,P-947,SKU-3570,82.55,7.70,13.21,New,Crypto
ORD-28989,CUST-11596,SESS-33989,CART-30989,2024-04-24,322.35,185.54,2.69,  fashion  ,3,Shipped,Social Media,South,P-2,SKU-4153,107.45,10.71,25.79,New,Debit Card
ORD-28990,CUST-11597,SESS-33990,CART-30990,2023-08-10,382.07,173.31,48.58,  fashion  ,5,Returned,Social Media,West,P-425,SKU-1231,76.41,14.65,30.57,Returning,PayPal
ORD-28991,CUST-11597,SESS-33991,CART-30991,2024-10-17,291.25,136.43,47.61,Fashion,2,Shipped,Affiliate,West,P-900,SKU-4010,145.62,4.96,23.30,Returning,Crypto
ORD-28992,CUST-11597,SESS-33992,CART-30992,2023-12-06,177.23,89.53,44.42,Home,3,Returned,Affiliate,South,P-756,SKU-1851,59.08,15.16,14.18,New,Crypto
ORD-28993,CUST-11598,SESS-33993,CART-30993,2025-03-22,58.03,33.82,35.30,Fashion,1,Pending,Web,East,P-563,SKU-1390,58.03,10.66,4.64,VIP,Credit Card
ORD-28994,CUST-11598,SESS-33994,CART-30994,2025-05-08,191.58,97.72,39.39,Fashion,2,Returned,Social Media,West,P-85,SKU-2968,95.79,6.99,15.33,VIP,Crypto
ORD-28995,CUST-11599,SESS-33995,CART-30995,2026-02-14,335.84,118.83,37.94,Home,4,Completed,Social Media,International,P-328,SKU-819,83.96,9.22,26.87,Returning,PayPal
ORD-28996,CUST-11599,SESS-33996,CART-30996,2025-12-25,239.49,80.52,35.02,Home,3,Completed,Social Media,South,P-897,SKU-1219,79.83,16.77,19.16,Returning,PayPal
ORD-28997,CUST-11599,SESS-33997,CART-30997,2025-01-21,  128.14  ,62.94,23.06,Fashion,1,Completed,Social Media,North,P-243,SKU-1876,128.14,3.51,10.25,New,Debit Card
ORD-28998,CUST-11600,SESS-33998,CART-30998,2024-09-07,114.76,41.77,3.44,Sports,4,Cancelled,Affiliate,West,P-110,SKU-3285,28.69,12.74,9.18,VIP,Crypto
ORD-28999,CUST-11600,SESS-33999,CART-30999,2025-10-18,203.63,117.00,4.96,Fashion,4,Shipped,Mobile App,International,P-393,SKU-1969,50.91,8.16,16.29,VIP,Credit Card
ORD-29000,CUST-11601,SESS-34000,CART-31000,2024-09-06,63.51,20.83,16.48,Electronics,3,Returned,Affiliate,South,P-97,SKU-654,21.17,15.71,5.08,New,Credit Card
ORD-29001,CUST-11601,SESS-34001,CART-31001,1/31/2025,59.30,20.88,1.74,Fashion,4,Shipped,Affiliate,International,P-296,SKU-4886,14.83,5.58,4.74,VIP,PayPal
ORD-29002,CUST-11601,SESS-34002,CART-31002,2025-10-07,455.27,142.68,20.09,Electronics,5,Pending,Mobile App,North,P-437,SKU-4967,91.05,6.90,36.42,Returning,Debit Card
ORD-29003,CUST-11602,SESS-34003,CART-31003,2025-11-07,457.38,245.76,48.70,Electronics,2,Shipped,Mobile App,East,P-711,SKU-2855,228.69,10.72,36.59,Returning,Crypto
ORD-29004,CUST-11602,SESS-34004,CART-31004,2023-05-25,393.45,225.75,12.78,Electronics,2,Shipped,Mobile App,West,P-506,SKU-2796,196.73,19.29,31.48,New,Crypto
ORD-29005,CUST-11603,SESS-34005,CART-31005,2026-01-11,173.40,53.80,13.65,Home,1,Pending,Mobile App,South,P-294,SKU-3224,173.40,7.92,13.87,New,Credit Card
ORD-29006,CUST-11603,SESS-34006,CART-31006,2023-01-07,69.22,33.53,25.41,,3,Returned,Social Media,East,P-351,SKU-2002,23.07,8.17,5.54,Returning,Debit Card
ORD-29007,CUST-11603,SESS-34007,CART-31007,2023-06-14,161.01,76.19,3.42,Fashion,2,Completed,Social Media,International,P-84,SKU-4671,80.51,10.74,12.88,New,Credit Card
ORD-29008,CUST-11604,SESS-34008,CART-31008,2025-10-06,NULL,258.54,32.93,Fashion,2,Completed,Affiliate,West,P-115,SKU-1290,251.03,10.68,40.17,New,Credit Card
ORD-29009,CUST-11604,SESS-34009,CART-31009,2023-09-20,  372.78  ,168.94,2.79,Sports,2,Shipped,Affiliate,International,P-103,SKU-320,186.39,18.93,29.82,VIP,Credit Card
ORD-29010,CUST-11605,SESS-34010,CART-31010,2024-02-29,360.58,160.01,48.57,Sports,2,Shipped,Mobile App,West,P-541,SKU-4897,180.29,5.72,28.85,Returning,Debit Card
ORD-29011,CUST-11605,SESS-34011,CART-31011,1750686652846,136.85,44.46,34.99,Home,5,Shipped,Mobile App,North,P-231,SKU-3327,27.37,14.90,10.95,VIP,Credit Card
ORD-29012,CUST-11605,SESS-34012,CART-31012,2024-11-02,398.32,151.94,49.55,Beauty,3,Completed,Web,West,P-831,SKU-1079,132.77,0.38,31.87,Returning,Debit Card
ORD-29013,CUST-11606,SESS-34013,CART-31013,2025-08-16,337.28,160.46,23.68,Sports,1,Completed,Social Media,International,P-277,SKU-313,337.28,9.24,26.98,VIP,Credit Card
ORD-29014,CUST-11606,SESS-34014,CART-31014,2025-02-17,67.09,20.53,35.40,Electronics,2,Returned,Social Media,South,P-777,SKU-4831,33.55,12.88,5.37,New,Credit Card
ORD-29015,CUST-11607,SESS-34015,CART-31015,1733003378640,207.87,95.92,30.85,Sports,4,Pending,Mobile App,West,P-695,SKU-4852,51.97,6.83,16.63,VIP,PayPal
ORD-29016,CUST-11607,SESS-34016,CART-31016,2024-07-20,427.60,216.45,1.30,Sports,5,Cancelled,Social Media,South,P-741,SKU-1483,85.52,14.70,34.21,VIP,PayPal
ORD-29017,CUST-11607,SESS-34017,CART-31017,2024-04-11,429.66,132.61,33.81,Fashion,1,Returned,Mobile App,North,P-178,SKU-4350,429.66,6.03,34.37,Returning,Credit Card
ORD-29018,CUST-11608,SESS-34018,CART-31018,2025-03-22,213.57,73.44,29.05,Sports,3,Completed,Web,West,P-746,SKU-1145,71.19,19.21,17.09,Returning,PayPal
ORD-29019,CUST-11608,SESS-34019,CART-31019,2025-04-12,NULL,49.62,45.80,Home,4,Pending,Social Media,International,P-941,SKU-3118,24.82,11.67,7.94,Returning,Crypto
ORD-29020,CUST-11609,SESS-34020,CART-31020,2023-12-12,425.59,242.05,43.04,Fashion,4,Returned,Web,West,P-664,SKU-2313,106.40,7.59,34.05,VIP,Debit Card
ORD-29021,CUST-11609,SESS-34021,CART-31021,2024-09-04,261.33,108.08,35.93,Sports,2,Cancelled,Mobile App,East,P-216,SKU-1009,130.66,3.49,20.91,VIP,Crypto
ORD-29022,CUST-11609,SESS-34022,CART-31022,2025-05-11,106.53,33.67,37.86,Home,NULL,Cancelled,Mobile App,South,P-217,SKU-3611,21.31,9.03,8.52,VIP,Crypto
ORD-29023,CUST-11610,SESS-34023,CART-31023,2025-01-13,484.85,221.99,10.93,Electronics,4,Shipped,Affiliate,East,P-402,SKU-3986,121.21,14.34,38.79,VIP,PayPal
ORD-29024,CUST-11610,SESS-34024,CART-31024,2025-04-26,119.69,37.13,9.34,Home,4,Shipped,Web,North,P-994,SKU-4334,29.92,5.17,9.57,VIP,Debit Card
ORD-29025,CUST-11611,SESS-34025,CART-31025,2025-09-25,113.87,37.48,27.43,Sports,5,Pending,Social Media,International,P-671,SKU-3217,22.77,18.65,9.11,Returning,Debit Card
ORD-29026,CUST-11611,SESS-34026,CART-31026,2023-11-27,368.51,216.08,0.07,Fashion,4,Completed,Web,West,P-56,SKU-1267,92.13,13.87,29.48,Returning,PayPal
ORD-29027,CUST-11611,SESS-34027,CART-31027,2024-07-06,107.73,57.95,7.23,Electronics,,Pending,Social Media,South,P-43,SKU-3056,53.86,16.72,8.62,New,Crypto
ORD-29028,CUST-11612,SESS-34028,CART-31028,2024-04-15,319.57,165.73,16.16,Sports,1,Shipped,Affiliate,East,P-345,SKU-4081,319.57,14.10,25.57,New,Debit Card
ORD-29029,CUST-11612,SESS-34029,CART-31029,2023-11-22,280.97,84.76,11.63,Beauty,5,Shipped,Social Media,East,P-946,SKU-2502,56.19,8.01,22.48,VIP,Credit Card
ORD-29030,CUST-11613,SESS-34030,CART-31030,2023-08-12,174.41,101.97,42.50,Fashion,3,Shipped,Affiliate,International,P-849,SKU-2739,58.14,3.65,13.95,VIP,Crypto
ORD-29031,CUST-11613,SESS-34031,CART-31031,2023-12-11,67.05,23.64,44.01,Home,4,Cancelled,Social Media,West,P-853,SKU-213,16.76,5.73,5.36,Returning,Credit Card
ORD-29032,CUST-11613,SESS-34032,CART-31032,2024-05-20,132.83,70.49,29.45,Sports,3,Shipped,Social Media,International,P-522,SKU-953,44.28,2.38,10.63,New,Credit Card
ORD-29033,CUST-11614,SESS-34033,CART-31033,2024-05-27,81.38,46.55,41.07,Home,5,Pending,Affiliate,International,P-549,SKU-4627,16.28,4.44,6.51,Returning,PayPal
ORD-29034,CUST-11614,SESS-34034,CART-31034,2024-06-28,396.15,151.76,35.99,Fashion,4,Completed,Social Media,West,P-981,SKU-4013,99.04,17.50,31.69,Returning,Debit Card
ORD-29035,CUST-11615,SESS-34035,CART-31035,2025-08-18,290.78,157.84,27.69,Fashion,5,Cancelled,Web,South,P-752,SKU-17,58.16,8.98,23.26,New,Credit Card
ORD-29036,CUST-11615,SESS-34036,CART-31036,2024-12-15,73.67,22.79,30.10,Home,2,Pending,Web,International,P-529,SKU-4612,36.83,16.44,5.89,VIP,Credit Card
ORD-29037,CUST-11615,SESS-34037,CART-31037,2023-02-16,  195.77  ,109.68,39.54,Home,3,Cancelled,Affiliate,South,P-360,SKU-692,65.26,0.35,15.66,Returning,Debit Card
ORD-29038,CUST-11616,SESS-34038,CART-31038,2026-01-18,341.87,154.12,5.96,Beauty,5,Shipped,Affiliate,East,P-970,SKU-2254,68.37,0.90,27.35,Returning,Credit Card
ORD-29039,CUST-11616,SESS-34039,CART-31039,2025-07-24,205.82,98.23,27.70,Fashion,5,Cancelled,Mobile App,East,P-898,SKU-2676,41.16,4.65,16.47,New,PayPal
ORD-29040,CUST-11617,SESS-34040,CART-31040,2023-01-24,84.95,45.48,22.77,Beauty,2,Completed,Web,East,P-590,SKU-3059,42.47,2.92,6.80,New,Credit Card
ORD-29041,CUST-11617,SESS-34041,CART-31041,1737378330182,219.43,67.86,27.44,Electronics,5,Cancelled,Web,West,P-282,SKU-2615,43.89,0.21,17.55,Returning,Credit Card
ORD-29042,CUST-11617,SESS-34042,CART-31042,2024-11-06,109.96,58.40,26.13,Beauty,5,Cancelled,Affiliate,South,P-443,SKU-2046,21.99,8.85,8.80,New,Crypto
ORD-29043,CUST-11618,SESS-34043,CART-31043,2025-07-20,79.63,34.12,46.59,Sports,5,Completed,Social Media,North,P-604,SKU-1144,15.93,1.75,6.37,New,Crypto
ORD-29044,CUST-11618,SESS-34044,CART-31044,2025-10-04,224.09,84.55,15.16,Fashion,3,Completed,Web,South,P-244,SKU-530,74.70,12.65,17.93,Returning,Credit Card
ORD-29045,CUST-11619,SESS-34045,CART-31045,2023-01-28,110.69,63.36,25.87,Sports,1,Cancelled,Social Media,North,P-277,SKU-1510,110.69,9.10,8.85,New,PayPal
ORD-29046,CUST-11619,SESS-34046,CART-31046,2024-07-13,505.25,285.54,14.65,Fashion,1,Pending,Social Media,South,P-784,SKU-1956,505.25,5.98,40.42,VIP,PayPal
ORD-29047,CUST-11619,SESS-34047,CART-31047,2023-08-18,481.80,247.65,19.99,Home,2,Shipped,Affiliate,North,P-417,SKU-2777,240.90,3.74,38.54,Returning,Credit Card
ORD-29048,CUST-11620,SESS-34048,CART-31048,2025-04-03,377.87,205.36,20.37,Fashion,4,Returned,Affiliate,North,P-779,SKU-4184,94.47,2.68,30.23,Returning,Debit Card
ORD-29049,CUST-11620,SESS-34049,CART-31049,2023-07-13,222.46,120.06,34.02,Home,3,Pending,Mobile App,West,P-352,SKU-1591,74.15,12.52,17.80,Returning,Debit Card
ORD-29050,CUST-11621,SESS-34050,CART-31050,2025-08-15,324.26,144.06,36.21,Beauty,5,Completed,Affiliate,International,P-453,SKU-450,64.85,11.25,25.94,New,Credit Card
ORD-29051,CUST-11621,SESS-34051,CART-31051,8/17/2023,473.88,212.90,30.93,Fashion,4,Shipped,Social Media,South,P-399,SKU-1526,118.47,13.12,37.91,Returning,Crypto
ORD-29052,CUST-11621,SESS-34052,CART-31052,2025-02-15,220.98,100.18,42.89,Beauty,4,Shipped,Social Media,International,P-997,SKU-822,55.25,4.21,17.68,VIP,PayPal
ORD-29053,CUST-11622,SESS-34053,CART-31053,2024-07-25,253.86,142.90,46.04,Home,2,Returned,Web,International,P-124,SKU-4358,126.93,7.22,20.31,Returning,Credit Card
ORD-29054,CUST-11622,SESS-34054,CART-31054,2023-10-12,299.96,115.19,22.66,Home,5,Returned,Mobile App,South,P-252,SKU-2214,59.99,12.24,24.00,VIP,Debit Card
ORD-29055,CUST-11623,SESS-34055,CART-31055,2025-10-24,236.10,70.99,25.99,Electronics,5,Cancelled,Social Media,East,P-817,SKU-2824,47.22,10.02,18.89,New,PayPal
ORD-29056,CUST-11623,SESS-34056,CART-31056,2023-05-14,225.76,71.98,37.01,Home,2,Completed,Mobile App,South,P-808,SKU-4982,112.88,12.30,18.06,New,Crypto
ORD-29057,CUST-11623,SESS-34057,CART-31057,1693690076032,235.95,72.50,33.86,Sports,3,Returned,Social Media,East,P-111,SKU-3107,78.65,1.72,18.88,VIP,Debit Card
ORD-29058,CUST-11624,SESS-34058,CART-31058,2023-07-16,88.89,33.43,48.60,Fashion,5,Returned,Web,International,P-986,SKU-4491,17.78,15.16,7.11,VIP,PayPal
ORD-29059,CUST-11624,SESS-34059,CART-31059,2023-10-26,463.99,200.92,9.27,Electronics,1,Returned,Web,North,P-459,SKU-3959,463.99,14.76,37.12,VIP,Credit Card
ORD-29060,CUST-11625,SESS-34060,CART-31060,2025-07-13,168.88,76.27,10.33,Electronics,3,Shipped,Web,International,P-144,SKU-2943,56.29,0.52,13.51,VIP,Credit Card
ORD-29061,CUST-11625,SESS-34061,CART-31061,2024-07-04,444.76,164.18,16.98,Sports,1,Pending,Mobile App,North,P-233,SKU-3452,444.76,3.91,35.58,Returning,Crypto
ORD-29062,CUST-11625,SESS-34062,CART-31062,2025-09-20,384.62,226.34,44.85,Electronics,1,Pending,Social Media,South,P-186,SKU-2845,384.62,12.37,30.77,New,PayPal
ORD-29063,CUST-11626,SESS-34063,CART-31063,2024-05-25,88.09,35.83,8.88,Sports,1,Shipped,Social Media,East,P-25,SKU-2617,88.09,16.38,7.05,New,Credit Card
ORD-29064,CUST-11626,SESS-34064,CART-31064,2024-10-09,338.44,156.76,6.12,Sports,4,Completed,Social Media,South,P-748,SKU-701,84.61,2.60,27.07,VIP,Crypto
ORD-29065,CUST-11627,SESS-34065,CART-31065,2024-04-23,482.91,159.84,41.16,Fashion,5,Returned,Mobile App,West,P-345,SKU-1675,96.58,3.75,38.63,VIP,Crypto
ORD-29066,CUST-11627,SESS-34066,CART-31066,2026-01-09,133.00,63.46,46.59,Beauty,5,Returned,Affiliate,North,P-527,SKU-288,26.60,10.09,10.64,VIP,Crypto
ORD-29067,CUST-11627,SESS-34067,CART-31067,2025-04-29,286.10,110.21,16.01,Electronics,1,Pending,Social Media,South,P-908,SKU-4070,286.10,2.24,22.89,VIP,PayPal
ORD-29068,CUST-11628,SESS-34068,CART-31068,2025-03-16,115.31,52.01,45.38,Beauty,4,Shipped,Web,West,P-379,SKU-4671,28.83,14.40,9.23,New,Crypto
ORD-29069,CUST-11628,SESS-34069,CART-31069,2023-08-21,403.04,136.27,44.14,Home,1,Returned,Social Media,West,P-3,SKU-855,403.04,8.52,32.24,New,Credit Card
ORD-29070,CUST-11629,SESS-34070,CART-31070,2024-09-06,425.97,210.20,40.91,Fashion,1,Returned,Social Media,North,P-28,SKU-1436,425.97,12.98,34.08,New,Crypto
ORD-29071,CUST-11629,SESS-34071,CART-31071,2024-03-22,254.48,83.05,0.37,Sports,5,Returned,Web,East,P-948,SKU-2226,50.90,11.02,20.36,New,Debit Card
ORD-29072,CUST-11629,SESS-34072,CART-31072,2024-03-19,175.84,53.52,9.63,Electronics,2,Pending,Social Media,West,P-693,SKU-3912,87.92,16.67,14.07,VIP,Credit Card
ORD-29073,CUST-11630,SESS-34073,CART-31073,2025-10-31,276.78,144.95,38.94,Electronics,4,Completed,Mobile App,North,P-836,SKU-3198,69.20,13.69,22.14,VIP,Crypto
ORD-29074,CUST-11630,SESS-34074,CART-31074,2025-05-13,462.95,271.76,45.45,Electronics,3,Cancelled,Social Media,South,P-331,SKU-3039,154.32,15.04,37.04,New,Debit Card
ORD-29075,CUST-11631,SESS-34075,CART-31075,2025-12-24,82.83,30.88,48.91,Home,3,Cancelled,Mobile App,International,P-782,SKU-4348,27.61,7.14,6.63,New,Crypto
ORD-29076,CUST-11631,SESS-34076,CART-31076,1716980772432,416.37,136.87,35.15,Fashion,1,Pending,Web,West,P-603,SKU-2498,416.37,1.09,33.31,VIP,PayPal
ORD-29077,CUST-11631,SESS-34077,CART-31077,2023-01-24,293.27,130.58,34.38,Fashion,5,Pending,Mobile App,North,P-467,SKU-1030,58.65,16.94,23.46,New,Crypto
ORD-29078,CUST-11632,SESS-34078,CART-31078,2025-02-02,397.30,132.83,48.10,Home,1,Pending,Affiliate,South,P-852,SKU-2460,397.30,6.17,31.78,Returning,Crypto
ORD-29079,CUST-11632,SESS-34079,CART-31079,2024-10-06,101.75,51.30,40.36,Home,5,Shipped,Web,North,P-451,SKU-2397,20.35,13.02,8.14,New,Debit Card
ORD-29080,CUST-11633,SESS-34080,CART-31080,2023-03-17,398.01,227.29,46.49,Beauty,4,Returned,Mobile App,West,P-378,SKU-163,99.50,0.17,31.84,Returning,Debit Card
ORD-29081,CUST-11633,SESS-34081,CART-31081,2025-06-16,444.57,145.18,13.65,Home,5,Shipped,Social Media,West,P-101,SKU-1728,88.91,9.88,35.57,Returning,Debit Card
ORD-29082,CUST-11633,SESS-34082,CART-31082,2023-11-19,171.78,93.07,34.06,Home,4,Shipped,Social Media,West,P-21,SKU-3836,42.94,10.25,13.74,VIP,Debit Card
ORD-29083,CUST-11634,SESS-34083,CART-31083,2023-01-14,158.34,83.60,1.93,Fashion,4,Shipped,Social Media,West,P-925,SKU-4713,39.59,0.27,12.67,Returning,Crypto
ORD-29084,CUST-11634,SESS-34084,CART-31084,2025-08-08,46.36,23.55,8.85,Fashion,2,Shipped,Social Media,International,P-489,SKU-2232,23.18,16.06,3.71,Returning,Crypto
ORD-29085,CUST-11635,SESS-34085,CART-31085,2026-01-31,426.53,240.51,35.23,Beauty,5,Pending,Social Media,West,P-608,SKU-4244,85.31,17.39,34.12,Returning,Debit Card
ORD-29086,CUST-11635,SESS-34086,CART-31086,2025-08-03,404.89,201.04,8.08,Fashion,2,Completed,Web,International,P-206,SKU-2649,202.44,10.35,32.39,Returning,Debit Card
ORD-29087,CUST-11635,SESS-34087,CART-31087,2023-08-13,272.80,145.57,43.19,Home,5,Pending,Social Media,East,P-536,SKU-833,54.56,19.28,21.82,Returning,Credit Card
ORD-29088,CUST-11636,SESS-34088,CART-31088,2023-02-21,120.96,63.15,16.93,Sports,2,Completed,Web,East,P-958,SKU-4600,60.48,15.71,9.68,New,Debit Card
ORD-29089,CUST-11636,SESS-34089,CART-31089,6/4/2023,121.63,64.70,2.75,Electronics,2,Pending,Web,East,P-369,SKU-2827,60.82,12.31,9.73,New,PayPal
ORD-29090,CUST-11637,SESS-34090,CART-31090,2025-02-26,18.65,7.67,35.71,Fashion,5,Pending,Social Media,West,P-183,SKU-2032,3.73,1.22,1.49,Returning,PayPal
ORD-29091,CUST-11637,SESS-34091,CART-31091,2023-12-19,294.94,91.57,33.15,Sports,1,Completed,Mobile App,West,P-352,SKU-681,294.94,13.09,23.60,Returning,Debit Card
ORD-29092,CUST-11637,SESS-34092,CART-31092,2024-03-07,155.47,89.62,20.64,Sports,5,Shipped,Social Media,West,P-756,SKU-2683,31.09,12.00,12.44,New,Debit Card
ORD-29093,CUST-11638,SESS-34093,CART-31093,2024-11-05,498.78,154.26,9.27,Home,2,Cancelled,Affiliate,North,P-359,SKU-4841,249.39,10.61,39.90,VIP,Credit Card
ORD-29094,CUST-11638,SESS-34094,CART-31094,2023-04-30,320.67,107.50,2.63,Beauty,3,Shipped,Affiliate,South,P-466,SKU-857,106.89,7.13,25.65,New,Debit Card
ORD-29095,CUST-11639,SESS-34095,CART-31095,2023-07-09,358.13,194.57,37.89,Sports,1,Shipped,Mobile App,East,P-731,SKU-2755,358.13,7.72,28.65,VIP,Credit Card
ORD-29096,CUST-11639,SESS-34096,CART-31096,2025-04-08,235.73,123.06,4.91,Fashion,2,Shipped,Affiliate,North,P-886,SKU-4992,117.86,2.60,18.86,New,Credit Card
ORD-29097,CUST-11639,SESS-34097,CART-31097,2024-12-12,77.88,40.49,19.23,Home,1,Cancelled,Affiliate,South,P-346,SKU-3250,77.88,14.34,6.23,VIP,Crypto
ORD-29098,CUST-11640,SESS-34098,CART-31098,2023-10-22,322.06,100.66,37.42,Electronics,5,Returned,Mobile App,North,P-9,SKU-2168,64.41,6.36,25.76,Returning,Debit Card
ORD-29099,CUST-11640,SESS-34099,CART-31099,2024-03-09,161.13,50.84,39.86,Electronics,2,Shipped,Web,North,P-352,SKU-5000,80.56,6.96,12.89,New,PayPal
ORD-29100,CUST-11641,SESS-34100,CART-31100,2025-06-06,505.86,176.60,45.77,Home,3,Returned,Web,West,P-664,SKU-3046,168.62,0.04,40.47,New,Credit Card
ORD-29101,CUST-11641,SESS-34101,CART-31101,9/25/2025,472.97,141.99,37.33,Sports,4,Cancelled,Affiliate,North,P-58,SKU-204,118.24,17.25,37.84,New,Crypto
ORD-29102,CUST-11641,SESS-34102,CART-31102,2025-07-15,366.36,168.67,33.17,Beauty,,Shipped,Affiliate,West,P-619,SKU-1911,183.18,8.54,29.31,New,Crypto
ORD-29103,CUST-11642,SESS-34103,CART-31103,2024-03-21,412.30,132.87,20.43,Fashion,2,Returned,Social Media,International,P-929,SKU-4877,206.15,18.21,32.98,VIP,Crypto
ORD-29104,CUST-11642,SESS-34104,CART-31104,1752133270599,352.38,183.21,2.96,Beauty,3,Cancelled,Social Media,East,P-126,SKU-1574,117.46,9.59,28.19,VIP,Debit Card
ORD-29105,CUST-11643,SESS-34105,CART-31105,2025-01-10,468.51,218.87,38.00,Beauty,2,Shipped,Affiliate,International,P-966,SKU-2764,234.26,17.50,37.48,Returning,Crypto
ORD-29106,CUST-11643,SESS-34106,CART-31106,2024-10-10,140.21,70.12,47.13,Home,5,Cancelled,Web,International,P-285,SKU-3851,28.04,3.37,11.22,VIP,Credit Card
ORD-29107,CUST-11643,SESS-34107,CART-31107,2023-04-17,424.24,188.93,14.09,Sports,2,Shipped,Mobile App,East,P-592,SKU-4500,212.12,11.51,33.94,VIP,Credit Card
ORD-29108,CUST-11644,SESS-34108,CART-31108,2025-11-13,387.45,223.64,48.09,Fashion,1,Shipped,Mobile App,South,P-548,SKU-4953,387.45,19.53,31.00,Returning,Crypto
ORD-29109,CUST-11644,SESS-34109,CART-31109,2023-02-16,88.28,43.28,5.14,Sports,2,Shipped,Mobile App,North,P-44,SKU-4233,44.14,15.18,7.06,New,Crypto
ORD-29110,CUST-11645,SESS-34110,CART-31110,2025-10-10,312.48,100.10,15.69,Electronics,5,Cancelled,Web,International,P-365,SKU-1115,62.50,13.12,25.00,New,PayPal
ORD-29111,CUST-11645,SESS-34111,CART-31111,2025-01-24,469.19,167.03,19.07,Beauty,4,Cancelled,Mobile App,International,P-983,SKU-692,117.30,11.58,37.54,VIP,Crypto
ORD-29112,CUST-11645,SESS-34112,CART-31112,2023-01-28,112.24,35.20,30.07,Beauty,2,Completed,Web,South,P-196,SKU-1523,56.12,16.80,8.98,Returning,PayPal
ORD-29113,CUST-11646,SESS-34113,CART-31113,1730255137948,483.03,170.59,36.00,Fashion,4,Pending,Web,North,P-329,SKU-2286,120.76,3.51,38.64,Returning,Debit Card
ORD-29114,CUST-11646,SESS-34114,CART-31114,2/15/2025,146.21,80.53,36.73,Fashion,1,Pending,Social Media,South,P-297,SKU-2368,146.21,11.51,11.70,New,Crypto
ORD-29115,CUST-11647,SESS-34115,CART-31115,2023-05-28,124.87,50.28,33.78,Sports,5,Cancelled,Affiliate,International,P-691,SKU-919,24.97,11.27,9.99,New,Credit Card
ORD-29116,CUST-11647,SESS-34116,CART-31116,2023-10-27,386.99,187.94,8.80,Fashion,1,Returned,Social Media,West,P-395,SKU-3538,386.99,0.25,30.96,New,Debit Card
ORD-29117,CUST-11647,SESS-34117,CART-31117,2025-08-27,126.69,59.34,0.44,Beauty,2,Shipped,Social Media,South,P-40,SKU-769,63.35,11.82,10.14,New,Debit Card
ORD-29118,CUST-11648,SESS-34118,CART-31118,2025-05-25,147.91,50.91,3.09,Electronics,3,Shipped,Affiliate,East,P-369,SKU-1401,49.30,13.88,11.83,VIP,PayPal
ORD-29119,CUST-11648,SESS-34119,CART-31119,2024-11-22,130.24,74.49,2.30,Sports,5,Pending,Mobile App,East,P-226,SKU-2142,26.05,4.54,10.42,VIP,Debit Card
ORD-29120,CUST-11649,SESS-34120,CART-31120,2024-02-01,90.27,48.90,19.35,Home,3,Completed,Social Media,North,P-847,SKU-4896,30.09,3.92,7.22,New,PayPal
ORD-29121,CUST-11649,SESS-34121,CART-31121,2024-07-06,177.46,98.45,8.77,Home,1,Completed,Affiliate,South,P-82,SKU-2683,177.46,9.59,14.20,Returning,Credit Card
ORD-29122,CUST-11649,SESS-34122,CART-31122,2023-11-14,209.36,90.87,22.11,  electronics  ,2,Shipped,Mobile App,North,P-333,SKU-1591,104.68,19.43,16.75,Returning,Crypto
ORD-29123,CUST-11650,SESS-34123,CART-31123,2024-03-30,116.97,54.45,39.40,Beauty,4,Pending,Web,International,P-647,SKU-683,29.24,15.39,9.36,Returning,PayPal
ORD-29124,CUST-11650,SESS-34124,CART-31124,2024-07-07,250.57,134.22,24.43,Fashion,1,Pending,Affiliate,North,P-534,SKU-2535,250.57,19.20,20.05,Returning,Crypto
ORD-29125,CUST-11651,SESS-34125,CART-31125,2025-01-29,368.81,183.96,7.03,Electronics,1,Pending,Mobile App,International,P-103,SKU-1967,368.81,10.54,29.50,New,Debit Card
ORD-29126,CUST-11651,SESS-34126,CART-31126,2023-02-01,51.62,24.97,18.85,Beauty,4,Cancelled,Web,East,P-98,SKU-3486,12.91,10.98,4.13,VIP,Debit Card
ORD-29127,CUST-11651,SESS-34127,CART-31127,2024-05-01,338.05,112.26,26.40,Electronics,3,Completed,Social Media,West,P-664,SKU-2097,112.68,15.32,27.04,VIP,Debit Card
ORD-29128,CUST-11652,SESS-34128,CART-31128,1/8/2024,313.79,165.32,37.67,Beauty,2,Returned,Affiliate,International,P-21,SKU-1500,156.89,13.65,25.10,New,Crypto
ORD-29129,CUST-11652,SESS-34129,CART-31129,2024-01-13,58.37,32.49,44.30,Home,3,Pending,Social Media,South,P-429,SKU-3894,19.46,7.33,4.67,VIP,Credit Card
ORD-29130,CUST-11653,SESS-34130,CART-31130,2025-07-25,39.83,11.99,36.67,Fashion,2,Pending,Social Media,South,P-666,SKU-4791,19.92,3.21,3.19,VIP,Debit Card
ORD-29131,CUST-11653,SESS-34131,CART-31131,2024-03-10,69.09,22.08,27.88,Electronics,5,Returned,Social Media,South,P-886,SKU-3886,13.82,1.17,5.53,VIP,Credit Card
ORD-29132,CUST-11653,SESS-34132,CART-31132,1715722710237,497.64,150.30,1.67,Sports,4,Cancelled,Web,International,P-220,SKU-1367,124.41,7.64,39.81,Returning,Crypto
ORD-29133,CUST-11654,SESS-34133,CART-31133,2024-09-09,329.83,183.39,38.95,Fashion,4,Shipped,Web,East,P-417,SKU-2076,82.46,8.52,26.39,Returning,PayPal
ORD-29134,CUST-11654,SESS-34134,CART-31134,2023-02-09,408.53,175.29,35.74,Home,4,Pending,Web,International,P-740,SKU-4330,102.13,2.46,32.68,Returning,Credit Card
ORD-29135,CUST-11655,SESS-34135,CART-31135,2024-11-10,118.68,51.14,39.12,Electronics,1,Cancelled,Social Media,East,P-450,SKU-2139,118.68,12.17,9.49,Returning,PayPal
ORD-29136,CUST-11655,SESS-34136,CART-31136,2024-02-17,404.58,195.36,24.42,Electronics,1,Cancelled,Web,East,P-637,SKU-566,404.58,18.43,32.37,New,Credit Card
ORD-29137,CUST-11655,SESS-34137,CART-31137,9/11/2024,202.87,97.11,29.53,,3,Pending,Web,East,P-170,SKU-3532,67.62,19.60,16.23,New,PayPal
ORD-29138,CUST-11656,SESS-34138,CART-31138,2023-04-19,288.78,127.84,6.93,Beauty,2,Cancelled,Social Media,West,P-734,SKU-1093,144.39,18.47,23.10,Returning,Credit Card
ORD-29139,CUST-11656,SESS-34139,CART-31139,2023-10-04,157.41,51.34,9.88,Home,3,Shipped,Affiliate,North,P-960,SKU-1569,52.47,7.52,12.59,Returning,Crypto
ORD-29140,CUST-11657,SESS-34140,CART-31140,2024-08-30,485.75,272.97,1.51,Beauty,1,Cancelled,Mobile App,South,P-259,SKU-27,485.75,16.43,38.86,New,Crypto
ORD-29141,CUST-11657,SESS-34141,CART-31141,2024-06-08,320.29,184.74,36.79,Fashion,2,Completed,Affiliate,North,P-215,SKU-4642,160.14,18.53,25.62,Returning,PayPal
ORD-29142,CUST-11657,SESS-34142,CART-31142,2025-05-04,369.09,169.35,30.93,Fashion,2,Cancelled,Mobile App,South,P-302,SKU-4253,184.54,17.68,29.53,New,Credit Card
ORD-29143,CUST-11658,SESS-34143,CART-31143,2024-12-10,27.86,14.01,7.04,Home,2,Shipped,Mobile App,East,P-746,SKU-594,13.93,2.31,2.23,New,Debit Card
ORD-29144,CUST-11658,SESS-34144,CART-31144,2025-08-15,480.37,230.28,28.21,Home,2,Returned,Affiliate,East,P-331,SKU-1332,240.18,5.08,38.43,VIP,Credit Card
ORD-29145,CUST-11659,SESS-34145,CART-31145,2023-02-21,378.62,149.96,11.55,Sports,4,Cancelled,Social Media,West,P-249,SKU-2055,94.66,5.55,30.29,Returning,Credit Card
ORD-29146,CUST-11659,SESS-34146,CART-31146,2024-10-01,74.24,31.59,6.90,Home,5,Completed,Social Media,East,P-97,SKU-568,14.85,1.56,5.94,Returning,Crypto
ORD-29147,CUST-11659,SESS-34147,CART-31147,2025-09-15,359.54,212.01,43.63,Home,5,Completed,Social Media,South,P-437,SKU-2316,71.91,4.24,28.76,Returning,Credit Card
ORD-29148,CUST-11660,SESS-34148,CART-31148,2023-05-01,48.75,26.45,17.20,Beauty,1,Pending,Mobile App,International,P-471,SKU-2010,48.75,9.30,3.90,VIP,PayPal
ORD-29149,CUST-11660,SESS-34149,CART-31149,2023-09-27,476.24,279.34,24.01,Electronics,5,Pending,Social Media,East,P-551,SKU-2830,95.25,13.01,38.10,Returning,PayPal
ORD-29150,CUST-11661,SESS-34150,CART-31150,2023-04-20,,19.59,34.39,Sports,4,Shipped,Affiliate,South,P-641,SKU-3283,14.84,3.23,4.75,Returning,Crypto
ORD-29151,CUST-11661,SESS-34151,CART-31151,2024-02-10,310.53,96.23,33.76,Beauty,3,Completed,Mobile App,North,P-764,SKU-4556,103.51,9.17,24.84,Returning,Crypto
ORD-29152,CUST-11661,SESS-34152,CART-31152,2023-07-01,389.99,148.64,13.64,Sports,5,Returned,Affiliate,South,P-258,SKU-475,78.00,16.49,31.20,Returning,Debit Card
ORD-29153,CUST-11662,SESS-34153,CART-31153,2026-02-04,366.38,159.49,31.67,Fashion,4,Cancelled,Social Media,East,P-718,SKU-374,91.60,9.46,29.31,Returning,Debit Card
ORD-29154,CUST-11662,SESS-34154,CART-31154,2024-08-21,55.59,25.56,0.82,Home,4,Shipped,Affiliate,International,P-304,SKU-1240,13.90,3.66,4.45,New,Crypto
ORD-29155,CUST-11663,SESS-34155,CART-31155,2025-01-08,442.25,205.69,14.46,Home,2,Pending,Affiliate,West,P-554,SKU-3330,221.12,10.52,35.38,New,Debit Card
ORD-29156,CUST-11663,SESS-34156,CART-31156,2025-12-28,328.47,138.38,17.08,Electronics,2,Pending,Web,International,P-875,SKU-3904,164.23,4.50,26.28,Returning,Crypto
ORD-29157,CUST-11663,SESS-34157,CART-31157,2025-08-31,114.38,66.50,25.27,Fashion,5,Completed,Affiliate,South,P-935,SKU-2382,22.88,18.37,9.15,Returning,PayPal
ORD-29158,CUST-11664,SESS-34158,CART-31158,2024-12-18,89.49,47.35,12.77,Beauty,3,Cancelled,Web,East,P-134,SKU-1337,29.83,3.59,7.16,Returning,Credit Card
ORD-29159,CUST-11664,SESS-34159,CART-31159,2025-03-28,73.26,35.51,20.97,Fashion,1,Shipped,Mobile App,International,P-674,SKU-2044,73.26,2.56,5.86,Returning,PayPal
ORD-29160,CUST-11665,SESS-34160,CART-31160,2023-06-19,135.94,76.84,43.18,Sports,5,Cancelled,Web,West,P-268,SKU-2909,27.19,12.55,10.87,New,Debit Card
ORD-29161,CUST-11665,SESS-34161,CART-31161,2024-01-04,42.40,21.51,23.78,Home,,Returned,Social Media,North,P-166,SKU-759,42.40,11.54,3.39,Returning,PayPal
ORD-29162,CUST-11665,SESS-34162,CART-31162,2023-12-17,215.74,128.56,6.26,Electronics,5,Returned,Affiliate,West,P-920,SKU-3184,43.15,11.25,17.26,VIP,Debit Card
ORD-29163,CUST-11666,SESS-34163,CART-31163,2025-11-23,329.73,105.21,30.20,Sports,4,Completed,Social Media,West,P-143,SKU-4680,82.43,8.76,26.38,Returning,Debit Card
ORD-29164,CUST-11666,SESS-34164,CART-31164,2024-10-16,  272.32  ,86.85,20.99,Electronics,2,Shipped,Web,West,P-907,SKU-1572,136.16,11.60,21.79,VIP,Crypto
ORD-29165,CUST-11667,SESS-34165,CART-31165,2025-01-05,204.32,64.81,26.04,Beauty,4,Returned,Mobile App,South,P-807,SKU-1236,51.08,13.90,16.35,New,Credit Card
ORD-29166,CUST-11667,SESS-34166,CART-31166,2025-07-18,23.22,13.20,36.50,Home,4,Returned,Affiliate,North,P-953,SKU-3544,5.81,8.34,1.86,New,Credit Card
ORD-29167,CUST-11667,SESS-34167,CART-31167,2023-01-13,273.60,93.21,28.56,Fashion,5,Shipped,Mobile App,North,P-901,SKU-513,54.72,0.85,21.89,VIP,Crypto
ORD-29168,CUST-11668,SESS-34168,CART-31168,2025-02-01,219.53,117.42,8.66,Fashion,3,Shipped,Mobile App,South,P-724,SKU-3521,73.18,4.25,17.56,Returning,Credit Card
ORD-29169,CUST-11668,SESS-34169,CART-31169,2023-01-17,368.30,158.72,8.43,Electronics,5,Completed,Web,East,P-336,SKU-4886,73.66,17.20,29.46,VIP,Credit Card
ORD-29170,CUST-11669,SESS-34170,CART-31170,1688970411954,216.42,121.00,36.27,Electronics,5,Returned,Affiliate,West,P-664,SKU-4748,43.28,10.71,17.31,Returning,Debit Card
ORD-29171,CUST-11669,SESS-34171,CART-31171,2023-12-02,,285.97,43.39,Electronics,4,Returned,Mobile App,South,P-933,SKU-4875,120.00,18.08,38.40,VIP,Credit Card
ORD-29172,CUST-11669,SESS-34172,CART-31172,2025-03-30,63.19,32.52,39.84,Beauty,5,Shipped,Social Media,South,P-214,SKU-2400,12.64,14.76,5.06,VIP,PayPal
ORD-29173,CUST-11670,SESS-34173,CART-31173,2025-04-20,482.96,262.19,6.79,Sports,3,Completed,Mobile App,International,P-408,SKU-320,160.99,19.91,38.64,Returning,Credit Card
ORD-29174,CUST-11670,SESS-34174,CART-31174,2025-07-09,105.08,36.08,46.85,Sports,5,Cancelled,Mobile App,South,P-735,SKU-2549,21.02,12.93,8.41,New,Crypto
ORD-29175,CUST-11671,SESS-34175,CART-31175,2023-05-22,485.68,246.00,22.11,Sports,4,Completed,Web,North,P-627,SKU-2384,121.42,7.81,38.85,VIP,Credit Card
ORD-29176,CUST-11671,SESS-34176,CART-31176,2024-08-18,386.93,134.27,13.82,Home,1,Shipped,Mobile App,North,P-565,SKU-1742,386.93,12.55,30.95,New,Debit Card
ORD-29177,CUST-11671,SESS-34177,CART-31177,2024-03-19,100.86,54.30,19.63,Home,4,Completed,Mobile App,South,P-870,SKU-2597,25.22,6.64,8.07,New,Crypto
ORD-29178,CUST-11672,SESS-34178,CART-31178,1679937447057,207.89,115.80,49.30,Sports,1,Shipped,Affiliate,West,P-242,SKU-122,207.89,5.78,16.63,VIP,Credit Card
ORD-29179,CUST-11672,SESS-34179,CART-31179,2023-04-10,420.17,227.80,10.17,Sports,4,Completed,Web,South,P-443,SKU-3739,105.04,19.18,33.61,Returning,PayPal
ORD-29180,CUST-11673,SESS-34180,CART-31180,2024-07-26,61.07,32.94,28.01,Fashion,1,Shipped,Social Media,North,P-718,SKU-2630,61.07,12.48,4.89,Returning,Crypto
ORD-29181,CUST-11673,SESS-34181,CART-31181,1710631589712,393.66,223.23,22.55,Electronics,1,Returned,Web,East,P-763,SKU-4282,393.66,1.30,31.49,Returning,PayPal
ORD-29182,CUST-11673,SESS-34182,CART-31182,2025-04-13,191.52,110.26,26.80,Fashion,1,Completed,Web,International,P-669,SKU-2325,191.52,16.85,15.32,VIP,Crypto
ORD-29183,CUST-11674,SESS-34183,CART-31183,2024-03-22,303.14,162.92,2.60,Sports,1,Shipped,Web,North,P-698,SKU-2305,303.14,16.69,24.25,Returning,PayPal
ORD-29184,CUST-11674,SESS-34184,CART-31184,2023-02-25,47.70,23.31,6.25,Beauty,5,Shipped,Social Media,East,P-727,SKU-622,9.54,10.03,3.82,VIP,Debit Card
ORD-29185,CUST-11675,SESS-34185,CART-31185,2023-09-23,267.51,118.28,9.60,Fashion,1,Completed,Mobile App,East,P-57,SKU-3919,267.51,18.72,21.40,VIP,PayPal
ORD-29186,CUST-11675,SESS-34186,CART-31186,2023-05-31,306.09,182.10,24.06,Fashion,3,Cancelled,Social Media,West,P-860,SKU-4544,102.03,18.17,24.49,New,Credit Card
ORD-29187,CUST-11675,SESS-34187,CART-31187,2023-11-16,59.28,34.29,46.03,Beauty,1,Shipped,Social Media,South,P-593,SKU-3557,59.28,8.42,4.74,Returning,Credit Card
ORD-29188,CUST-11676,SESS-34188,CART-31188,4/6/2025,121.98,57.05,8.57,Sports,1,Pending,Mobile App,West,P-672,SKU-673,121.98,10.76,9.76,Returning,Crypto
ORD-29189,CUST-11676,SESS-34189,CART-31189,2024-02-20,237.32,132.32,7.37,Sports,3,Pending,Web,West,P-210,SKU-4777,79.11,7.51,18.99,Returning,Debit Card
ORD-29190,CUST-11677,SESS-34190,CART-31190,1772572185346,270.82,112.78,0.55,Home,1,Returned,Mobile App,International,P-62,SKU-1852,270.82,9.44,21.67,VIP,PayPal
ORD-29191,CUST-11677,SESS-34191,CART-31191,2024-10-28,99.98,47.01,44.23,Beauty,4,Pending,Web,South,P-552,SKU-984,24.99,10.02,8.00,Returning,Debit Card
ORD-29192,CUST-11677,SESS-34192,CART-31192,2024-10-24,10.49,5.35,18.76,Fashion,4,Returned,Web,International,P-623,SKU-4949,2.62,16.39,0.84,VIP,Crypto
ORD-29193,CUST-11678,SESS-34193,CART-31193,2025-08-05,388.75,152.20,22.40,Beauty,2,Shipped,Mobile App,International,P-136,SKU-2962,194.38,0.30,31.10,VIP,PayPal
ORD-29194,CUST-11678,SESS-34194,CART-31194,2023-09-14,101.20,52.72,10.48,Electronics,1,Returned,Social Media,North,P-331,SKU-4902,101.20,19.03,8.10,VIP,Credit Card
ORD-29195,CUST-11679,SESS-34195,CART-31195,10/7/2023,402.96,154.74,42.96,Electronics,2,Shipped,Web,International,P-793,SKU-1370,201.48,1.59,32.24,VIP,PayPal
ORD-29196,CUST-11679,SESS-34196,CART-31196,2024-03-01,283.19,122.26,20.43,Fashion,2,Cancelled,Affiliate,International,P-119,SKU-1513,141.59,8.73,22.65,Returning,Debit Card
ORD-29197,CUST-11679,SESS-34197,CART-31197,2025-11-30,  118.11  ,64.90,19.96,Home,5,Pending,Affiliate,South,P-578,SKU-2083,23.62,9.01,9.45,New,PayPal
ORD-29198,CUST-11680,SESS-34198,CART-31198,2024-12-04,463.26,241.26,20.66,Beauty,2,Cancelled,Web,South,P-526,SKU-3754,231.63,11.09,37.06,VIP,Credit Card
ORD-29199,CUST-11680,SESS-34199,CART-31199,2023-03-20,474.52,201.96,39.47,Beauty,4,Completed,Social Media,South,P-778,SKU-4255,118.63,18.95,37.96,Returning,Debit Card
ORD-29200,CUST-11681,SESS-34200,CART-31200,2023-12-26,73.65,38.74,24.11,Fashion,4,Returned,Mobile App,South,P-897,SKU-368,18.41,7.72,5.89,Returning,Credit Card
ORD-29201,CUST-11681,SESS-34201,CART-31201,1729467201074,430.97,245.05,3.63,Sports,5,Cancelled,Affiliate,International,P-910,SKU-192,86.19,4.12,34.48,New,Credit Card
ORD-29202,CUST-11681,SESS-34202,CART-31202,2024-10-12,126.95,67.36,25.07,Fashion,1,Shipped,Affiliate,South,P-141,SKU-188,126.95,1.42,10.16,VIP,Crypto
ORD-29203,CUST-11682,SESS-34203,CART-31203,2023-07-02,385.61,148.86,17.82,Beauty,5,Cancelled,Web,West,P-423,SKU-4827,77.12,3.33,30.85,VIP,PayPal
ORD-29204,CUST-11682,SESS-34204,CART-31204,2024-01-16,475.12,273.46,44.23,Electronics,2,Returned,Web,North,P-210,SKU-1668,237.56,12.90,38.01,New,PayPal
ORD-29205,CUST-11683,SESS-34205,CART-31205,2023-01-13,268.19,140.92,25.40,Beauty,5,Cancelled,Social Media,North,P-171,SKU-1102,53.64,8.67,21.45,VIP,Crypto
ORD-29206,CUST-11683,SESS-34206,CART-31206,2025-03-01,482.52,197.51,5.25,,2,Pending,Mobile App,West,P-200,SKU-2298,241.26,3.00,38.60,New,PayPal
ORD-29207,CUST-11683,SESS-34207,CART-31207,2024-11-26,398.42,205.11,7.33,Electronics,3,Shipped,Social Media,South,P-743,SKU-2364,132.81,7.03,31.87,Returning,Crypto
ORD-29208,CUST-11684,SESS-34208,CART-31208,2025-09-30,24.99,8.08,25.46,Sports,2,Pending,Affiliate,East,P-147,SKU-1832,12.49,12.76,2.00,VIP,PayPal
ORD-29209,CUST-11684,SESS-34209,CART-31209,2023-07-09,45.39,13.72,24.71,Beauty,3,Returned,Web,North,P-744,SKU-3322,15.13,3.54,3.63,New,Debit Card
ORD-29210,CUST-11685,SESS-34210,CART-31210,2025-11-05,24.14,7.66,13.01,Electronics,4,Cancelled,Web,International,P-361,SKU-1396,6.03,15.08,1.93,Returning,Crypto
ORD-29211,CUST-11685,SESS-34211,CART-31211,2023-05-30,244.39,125.09,31.61,Home,4,Completed,Mobile App,South,P-46,SKU-572,61.10,8.29,19.55,New,PayPal
ORD-29212,CUST-11685,SESS-34212,CART-31212,2024-12-09,187.89,87.40,8.28,Fashion,5,Shipped,Web,North,P-499,SKU-310,37.58,15.83,15.03,Returning,Debit Card
ORD-29213,CUST-11686,SESS-34213,CART-31213,2023-10-17,502.82,296.16,38.65,,3,Returned,Social Media,International,P-173,SKU-520,167.61,12.32,40.23,VIP,Debit Card
ORD-29214,CUST-11686,SESS-34214,CART-31214,2025-06-06,389.40,193.99,48.88,NULL,5,Returned,Affiliate,South,P-972,SKU-626,77.88,10.54,31.15,Returning,Crypto
ORD-29215,CUST-11687,SESS-34215,CART-31215,2023-11-08,147.52,79.09,10.28,Home,4,Returned,Affiliate,North,P-478,SKU-951,36.88,16.94,11.80,VIP,Credit Card
ORD-29216,CUST-11687,SESS-34216,CART-31216,2025-09-23,  287.70  ,153.85,17.84,Electronics,1,Returned,Social Media,West,P-949,SKU-4594,287.70,11.74,23.02,VIP,Credit Card
ORD-29217,CUST-11687,SESS-34217,CART-31217,2023-02-09,245.69,112.93,2.51,Home,4,Shipped,Affiliate,West,P-773,SKU-2228,61.42,1.31,19.66,VIP,PayPal
ORD-29218,CUST-11688,SESS-34218,CART-31218,2024-10-04,143.55,78.60,4.80,Electronics,1,Completed,Social Media,International,P-621,SKU-1013,143.55,1.40,11.48,VIP,Credit Card
ORD-29219,CUST-11688,SESS-34219,CART-31219,2025-02-21,438.72,217.59,45.31,Electronics,4,Shipped,Social Media,South,P-922,SKU-2257,109.68,7.91,35.10,New,Crypto
ORD-29220,CUST-11689,SESS-34220,CART-31220,2023-10-21,362.45,181.96,19.60,Fashion,4,Pending,Social Media,North,P-473,SKU-2805,90.61,16.68,29.00,New,Debit Card
ORD-29221,CUST-11689,SESS-34221,CART-31221,2023-10-27,404.69,203.11,11.76,Beauty,3,Completed,Mobile App,International,P-156,SKU-3887,134.90,1.32,32.38,New,PayPal
ORD-29222,CUST-11689,SESS-34222,CART-31222,2025-01-12,400.23,174.63,40.25,Electronics,3,Pending,Web,International,P-684,SKU-1350,133.41,18.60,32.02,Returning,PayPal
ORD-29223,CUST-11690,SESS-34223,CART-31223,2023-04-07,185.17,57.17,14.91,Beauty,4,Completed,Social Media,West,P-878,SKU-4074,46.29,13.86,14.81,Returning,PayPal
ORD-29224,CUST-11690,SESS-34224,CART-31224,2025-01-23,463.55,260.52,40.52,Fashion,5,Returned,Affiliate,East,P-102,SKU-2016,92.71,9.69,37.08,VIP,Credit Card
ORD-29225,CUST-11691,SESS-34225,CART-31225,2024-05-18,485.22,280.27,9.78,Fashion,2,Returned,Social Media,South,P-540,SKU-3353,242.61,12.49,38.82,Returning,PayPal
ORD-29226,CUST-11691,SESS-34226,CART-31226,1697058435192,191.53,87.24,14.99,Sports,1,Shipped,Mobile App,North,P-822,SKU-4597,191.53,12.29,15.32,VIP,Credit Card
ORD-29227,CUST-11691,SESS-34227,CART-31227,1/18/2023,197.95,60.65,12.52,Home,3,Returned,Mobile App,International,P-257,SKU-1659,65.98,10.83,15.84,Returning,PayPal
ORD-29228,CUST-11692,SESS-34228,CART-31228,2024-10-26,133.14,57.26,26.73,Beauty,5,Returned,Affiliate,International,P-614,SKU-4055,26.63,15.40,10.65,VIP,PayPal
ORD-29229,CUST-11692,SESS-34229,CART-31229,2023-02-01,277.81,115.52,40.77,Fashion,1,Completed,Affiliate,International,P-49,SKU-261,277.81,16.83,22.22,New,Credit Card
ORD-29230,CUST-11693,SESS-34230,CART-31230,2024-10-19,205.90,85.89,29.12,Home,1,Shipped,Web,North,P-225,SKU-4896,205.90,6.50,16.47,New,PayPal
ORD-29231,CUST-11693,SESS-34231,CART-31231,2023-06-10,421.59,160.18,50.00,Home,3,Pending,Affiliate,North,P-23,SKU-2702,140.53,7.40,33.73,New,PayPal
ORD-29232,CUST-11693,SESS-34232,CART-31232,2025-08-29,427.21,214.44,0.54,Electronics,4,Shipped,Web,East,P-359,SKU-4838,106.80,7.78,34.18,VIP,Debit Card
ORD-29233,CUST-11694,SESS-34233,CART-31233,2025-04-11,472.54,147.66,42.31,Beauty,1,Returned,Web,International,P-319,SKU-2068,472.54,10.85,37.80,New,Crypto
ORD-29234,CUST-11694,SESS-34234,CART-31234,1764192609364,224.47,104.92,32.36,Sports,3,Returned,Affiliate,South,P-247,SKU-1907,74.82,16.16,17.96,Returning,Crypto
ORD-29235,CUST-11695,SESS-34235,CART-31235,2023-09-12,164.01,63.28,8.53,Electronics,1,Cancelled,Social Media,International,P-616,SKU-3477,164.01,3.66,13.12,New,Debit Card
ORD-29236,CUST-11695,SESS-34236,CART-31236,2023-06-27,458.87,198.05,3.91,Electronics,1,Completed,Social Media,West,P-68,SKU-1672,458.87,5.48,36.71,VIP,Crypto
ORD-29237,CUST-11695,SESS-34237,CART-31237,2024-06-04,470.88,254.88,35.82,Beauty,2,Completed,Social Media,East,P-657,SKU-4298,235.44,11.45,37.67,New,PayPal
ORD-29238,CUST-11696,SESS-34238,CART-31238,2025-08-08,324.02,177.52,18.32,Sports,2,Returned,Affiliate,International,P-525,SKU-2036,162.01,17.01,25.92,New,Credit Card
ORD-29239,CUST-11696,SESS-34239,CART-31239,2025-11-06,379.76,133.48,15.71,Fashion,2,Returned,Affiliate,East,P-882,SKU-4723,189.88,8.32,30.38,New,Crypto
ORD-29240,CUST-11697,SESS-34240,CART-31240,2024-11-11,371.14,215.72,24.21,Electronics,5,Cancelled,Web,West,P-821,SKU-2486,74.23,14.00,29.69,New,Debit Card
ORD-29241,CUST-11697,SESS-34241,CART-31241,2025-03-27,379.43,205.16,31.03,Fashion,2,Pending,Mobile App,West,P-137,SKU-4952,189.72,10.75,30.35,New,PayPal
ORD-29242,CUST-11697,SESS-34242,CART-31242,2025-10-19,229.69,76.56,18.20,Electronics,2,Returned,Web,International,P-921,SKU-36,114.84,16.91,18.37,New,Crypto
ORD-29243,CUST-11698,SESS-34243,CART-31243,2023-09-14,NULL,183.99,27.84,Beauty,3,Completed,Social Media,South,P-554,SKU-1587,126.78,1.35,30.43,New,Credit Card
ORD-29244,CUST-11698,SESS-34244,CART-31244,2023-06-24,507.14,265.54,42.35,Electronics,3,Cancelled,Mobile App,West,P-388,SKU-806,169.05,14.87,40.57,Returning,Credit Card
ORD-29245,CUST-11699,SESS-34245,CART-31245,2025-11-24,478.00,263.60,6.20,Sports,5,Shipped,Affiliate,South,P-989,SKU-3307,95.60,12.93,38.24,Returning,Debit Card
ORD-29246,CUST-11699,SESS-34246,CART-31246,2025-08-18,305.71,92.33,10.09,Electronics,5,Cancelled,Mobile App,South,P-514,SKU-1611,61.14,7.12,24.46,New,Crypto
ORD-29247,CUST-11699,SESS-34247,CART-31247,2025-10-14,430.90,219.62,33.98,Sports,3,Pending,Social Media,West,P-113,SKU-369,143.63,12.57,34.47,New,Debit Card
ORD-29248,CUST-11700,SESS-34248,CART-31248,1696351574473,211.76,70.61,42.79,Sports,1,Pending,Social Media,West,P-730,SKU-2449,211.76,12.19,16.94,Returning,Debit Card
ORD-29249,CUST-11700,SESS-34249,CART-31249,2024-03-30,219.43,86.59,22.70,Electronics,3,Shipped,Web,International,P-214,SKU-1623,73.14,6.44,17.55,VIP,PayPal
ORD-29250,CUST-11701,SESS-34250,CART-31250,2023-04-29,333.15,167.03,17.94,Beauty,4,Completed,Affiliate,East,P-643,SKU-579,83.29,8.04,26.65,Returning,Credit Card
ORD-29251,CUST-11701,SESS-34251,CART-31251,2023-10-11,283.38,169.25,26.31,Fashion,1,Cancelled,Affiliate,North,P-637,SKU-3913,283.38,14.66,22.67,Returning,Debit Card
ORD-29252,CUST-11701,SESS-34252,CART-31252,2023-03-05,305.22,115.32,20.62,Electronics,1,Pending,Affiliate,North,P-79,SKU-2171,305.22,5.29,24.42,Returning,Debit Card
ORD-29253,CUST-11702,SESS-34253,CART-31253,2025-09-25,175.68,86.19,48.44,Fashion,3,Pending,Mobile App,South,P-577,SKU-2892,58.56,16.68,14.05,Returning,Debit Card
ORD-29254,CUST-11702,SESS-34254,CART-31254,2023-03-10,480.76,204.09,17.77,Beauty,1,Completed,Mobile App,South,P-386,SKU-3426,480.76,2.24,38.46,New,PayPal
ORD-29255,CUST-11703,SESS-34255,CART-31255,2023-02-08,355.31,197.72,34.04,Beauty,5,Returned,Affiliate,International,P-8,SKU-3783,71.06,5.90,28.42,New,Debit Card
ORD-29256,CUST-11703,SESS-34256,CART-31256,2024-11-06,277.84,86.65,43.43,Beauty,2,Returned,Social Media,East,P-308,SKU-290,138.92,4.47,22.23,New,Crypto
ORD-29257,CUST-11703,SESS-34257,CART-31257,2023-07-09,150.87,68.84,6.90,Electronics,4,Returned,Web,South,P-401,SKU-3621,37.72,2.90,12.07,New,Debit Card
ORD-29258,CUST-11704,SESS-34258,CART-31258,5/13/2025,347.94,136.02,3.83,Fashion,5,Shipped,Web,East,P-121,SKU-4454,69.59,15.51,27.84,Returning,Credit Card
ORD-29259,CUST-11704,SESS-34259,CART-31259,2025-01-25,135.15,75.30,7.90,Fashion,3,Pending,Web,South,P-979,SKU-903,45.05,16.78,10.81,VIP,Crypto
ORD-29260,CUST-11705,SESS-34260,CART-31260,2025-08-29,274.17,153.21,36.47,Home,5,Completed,Social Media,International,P-524,SKU-1755,54.83,5.66,21.93,VIP,Crypto
ORD-29261,CUST-11705,SESS-34261,CART-31261,2023-06-02,341.12,188.91,35.90,Sports,4,Returned,Affiliate,West,P-968,SKU-4426,85.28,11.77,27.29,New,Debit Card
ORD-29262,CUST-11705,SESS-34262,CART-31262,2023-11-18,22.88,13.26,7.36,Electronics,3,Returned,Social Media,North,P-291,SKU-3242,7.63,8.45,1.83,VIP,Credit Card
ORD-29263,CUST-11706,SESS-34263,CART-31263,1752571057822,351.85,201.00,33.89,Beauty,4,Shipped,Mobile App,North,P-130,SKU-1427,87.96,1.89,28.15,New,PayPal
ORD-29264,CUST-11706,SESS-34264,CART-31264,2025-07-23,90.73,42.28,17.73,Home,1,Returned,Social Media,East,P-844,SKU-2959,90.73,5.11,7.26,Returning,PayPal
ORD-29265,CUST-11707,SESS-34265,CART-31265,2024-11-14,20.13,6.59,42.75,Electronics,3,Returned,Social Media,South,P-435,SKU-1814,6.71,13.96,1.61,New,PayPal
ORD-29266,CUST-11707,SESS-34266,CART-31266,2023-03-09,249.54,130.21,35.08,Sports,1,Returned,Mobile App,North,P-102,SKU-1905,249.54,2.01,19.96,VIP,Credit Card
ORD-29267,CUST-11707,SESS-34267,CART-31267,2025-07-29,80.60,28.37,31.04,Fashion,4,Completed,Web,International,P-932,SKU-132,20.15,18.66,6.45,Returning,Crypto
ORD-29268,CUST-11708,SESS-34268,CART-31268,2025-04-21,183.70,63.25,2.41,Electronics,2,Completed,Web,West,P-773,SKU-244,91.85,18.46,14.70,VIP,Credit Card
ORD-29269,CUST-11708,SESS-34269,CART-31269,2025-11-19,262.05,105.79,27.11,Fashion,4,Completed,Affiliate,North,P-304,SKU-2779,65.51,6.28,20.96,VIP,PayPal
ORD-29270,CUST-11709,SESS-34270,CART-31270,2025-03-30,493.19,198.94,3.75,Electronics,5,Cancelled,Affiliate,West,P-510,SKU-121,98.64,3.00,39.46,Returning,PayPal
ORD-29271,CUST-11709,SESS-34271,CART-31271,2023-12-11,381.48,214.47,20.90,Fashion,5,Shipped,Social Media,International,P-787,SKU-4940,76.30,14.64,30.52,New,Credit Card
ORD-29272,CUST-11709,SESS-34272,CART-31272,2024-06-22,45.00,22.20,7.94,Sports,2,Returned,Social Media,International,P-184,SKU-858,22.50,5.56,3.60,Returning,Credit Card
ORD-29273,CUST-11710,SESS-34273,CART-31273,2025-10-13,76.79,26.09,42.46,Electronics,3,Cancelled,Web,East,P-605,SKU-302,25.60,4.31,6.14,New,Crypto
ORD-29274,CUST-11710,SESS-34274,CART-31274,2024-03-03,39.34,19.44,28.55,Fashion,2,Shipped,Mobile App,South,P-693,SKU-2043,19.67,4.37,3.15,New,Debit Card
ORD-29275,CUST-11711,SESS-34275,CART-31275,1721944656074,53.57,24.92,29.83,Beauty,5,Returned,Social Media,South,P-295,SKU-3265,10.71,13.26,4.29,New,Debit Card
ORD-29276,CUST-11711,SESS-34276,CART-31276,2024-10-14,506.21,192.46,12.10,Sports,1,Returned,Social Media,West,P-679,SKU-404,506.21,9.32,40.50,New,PayPal
ORD-29277,CUST-11711,SESS-34277,CART-31277,2024-04-16,158.35,61.29,14.87,Sports,1,Cancelled,Affiliate,South,P-246,SKU-1142,158.35,7.08,12.67,VIP,Debit Card
ORD-29278,CUST-11712,SESS-34278,CART-31278,2024-05-17,28.27,14.19,43.46,Beauty,1,Completed,Web,West,P-135,SKU-467,28.27,8.43,2.26,Returning,PayPal
ORD-29279,CUST-11712,SESS-34279,CART-31279,2023-05-16,26.41,14.46,45.35,Fashion,5,Returned,Web,South,P-878,SKU-4079,5.28,1.00,2.11,VIP,Credit Card
ORD-29280,CUST-11713,SESS-34280,CART-31280,1719093855785,164.84,80.95,32.69,Fashion,4,Shipped,Web,South,P-642,SKU-4750,41.21,14.87,13.19,VIP,Crypto
ORD-29281,CUST-11713,SESS-34281,CART-31281,2025-09-04,487.68,280.69,40.65,Electronics,1,Shipped,Mobile App,North,P-544,SKU-1039,487.68,2.47,39.01,New,Crypto
ORD-29282,CUST-11713,SESS-34282,CART-31282,2025-02-10,40.83,13.78,35.05,Home,5,Returned,Affiliate,International,P-94,SKU-781,8.17,9.95,3.27,VIP,Debit Card
ORD-29283,CUST-11714,SESS-34283,CART-31283,2023-08-08,404.95,206.55,49.72,Beauty,1,Completed,Affiliate,East,P-110,SKU-4344,404.95,19.73,32.40,Returning,Crypto
ORD-29284,CUST-11714,SESS-34284,CART-31284,2023-03-13,494.73,157.96,9.53,Electronics,2,Completed,Social Media,South,P-797,SKU-166,247.37,13.16,39.58,Returning,PayPal
ORD-29285,CUST-11715,SESS-34285,CART-31285,2025-02-01,123.77,47.34,46.26,Electronics,1,Cancelled,Social Media,International,P-228,SKU-1275,123.77,19.00,9.90,New,Crypto
ORD-29286,CUST-11715,SESS-34286,CART-31286,2025-01-29,,38.28,47.77,Home,1,Cancelled,Mobile App,North,P-960,SKU-3734,108.55,17.35,8.68,New,Crypto
ORD-29287,CUST-11715,SESS-34287,CART-31287,2024-10-30,492.10,286.61,28.48,Fashion,,Cancelled,Mobile App,South,P-988,SKU-4408,246.05,13.15,39.37,New,Credit Card
ORD-29288,CUST-11716,SESS-34288,CART-31288,2024-09-24,233.70,80.88,42.47,Sports,1,Returned,Mobile App,West,P-167,SKU-3205,233.70,9.99,18.70,New,Credit Card
ORD-29289,CUST-11716,SESS-34289,CART-31289,2026-03-06,339.23,164.21,31.66,Electronics,5,Completed,Mobile App,International,P-333,SKU-1218,67.85,9.24,27.14,VIP,PayPal
ORD-29290,CUST-11717,SESS-34290,CART-31290,2023-01-12,370.78,141.78,6.65,Fashion,4,Completed,Web,International,P-851,SKU-4119,92.70,3.91,29.66,New,Debit Card
ORD-29291,CUST-11717,SESS-34291,CART-31291,2024-04-17,407.82,199.72,4.65,Fashion,2,Cancelled,Social Media,East,P-446,SKU-4233,203.91,8.72,32.63,Returning,Debit Card
ORD-29292,CUST-11717,SESS-34292,CART-31292,2026-01-31,,188.57,43.82,Fashion,5,Returned,Mobile App,East,P-552,SKU-2595,101.73,15.93,40.69,VIP,Crypto
ORD-29293,CUST-11718,SESS-34293,CART-31293,2023-04-11,307.04,104.28,33.67,Beauty,5,Returned,Mobile App,West,P-224,SKU-377,61.41,2.98,24.56,New,Crypto
ORD-29294,CUST-11718,SESS-34294,CART-31294,2023-02-23,161.81,89.82,36.03,Fashion,4,Cancelled,Mobile App,West,P-803,SKU-3941,40.45,1.37,12.94,Returning,Credit Card
ORD-29295,CUST-11719,SESS-34295,CART-31295,2024-11-26,343.24,148.29,21.24,Home,5,Shipped,Social Media,North,P-473,SKU-1171,68.65,1.68,27.46,Returning,Debit Card
ORD-29296,CUST-11719,SESS-34296,CART-31296,2025-03-09,465.06,201.54,46.23,Fashion,4,Pending,Web,South,P-429,SKU-1127,116.26,6.18,37.20,New,Credit Card
ORD-29297,CUST-11719,SESS-34297,CART-31297,2023-06-09,390.14,186.86,31.76,Fashion,2,Cancelled,Social Media,West,P-392,SKU-4186,195.07,16.64,31.21,VIP,PayPal
ORD-29298,CUST-11720,SESS-34298,CART-31298,2025-10-08,333.40,125.00,33.85,Beauty,3,Shipped,Mobile App,East,P-803,SKU-2435,111.13,1.66,26.67,Returning,PayPal
ORD-29299,CUST-11720,SESS-34299,CART-31299,2025-04-26,426.73,212.17,30.10,Home,3,Shipped,Mobile App,West,P-701,SKU-2140,142.24,14.43,34.14,New,Debit Card
ORD-29300,CUST-11721,SESS-34300,CART-31300,1771222141661,NULL,94.68,15.32,Electronics,4,Cancelled,Affiliate,North,P-631,SKU-115,49.52,3.47,15.85,Returning,Crypto
ORD-29301,CUST-11721,SESS-34301,CART-31301,2023-01-27,342.28,151.03,36.06,Sports,1,Pending,Social Media,South,P-995,SKU-3307,342.28,4.19,27.38,New,Debit Card
ORD-29302,CUST-11721,SESS-34302,CART-31302,2023-06-06,89.38,29.89,13.80,Electronics,3,Completed,Web,International,P-417,SKU-2784,29.79,2.22,7.15,Returning,Crypto
ORD-29303,CUST-11722,SESS-34303,CART-31303,2023-12-27,25.27,13.27,11.40,Sports,2,Completed,Mobile App,International,P-509,SKU-4097,12.63,16.10,2.02,New,PayPal
ORD-29304,CUST-11722,SESS-34304,CART-31304,2024-01-25,294.70,135.73,10.33,Home,3,Completed,Affiliate,South,P-996,SKU-4218,98.23,5.41,23.58,VIP,Credit Card
ORD-29305,CUST-11723,SESS-34305,CART-31305,2025-03-08,122.51,68.45,32.65,  electronics  ,2,Returned,Social Media,North,P-112,SKU-4962,61.26,16.65,9.80,VIP,PayPal
ORD-29306,CUST-11723,SESS-34306,CART-31306,2024-05-30,254.22,108.50,6.58,,4,Shipped,Social Media,International,P-189,SKU-1860,63.55,8.35,20.34,VIP,PayPal
ORD-29307,CUST-11723,SESS-34307,CART-31307,2024-07-14,272.73,92.71,14.86,Beauty,4,Shipped,Web,West,P-874,SKU-1577,68.18,17.59,21.82,Returning,Debit Card
ORD-29308,CUST-11724,SESS-34308,CART-31308,2023-10-10,462.14,242.98,4.51,Electronics,4,Cancelled,Mobile App,North,P-407,SKU-2057,115.54,14.59,36.97,New,Credit Card
ORD-29309,CUST-11724,SESS-34309,CART-31309,2024-06-09,504.48,226.56,14.59,Electronics,3,Pending,Affiliate,South,P-704,SKU-997,168.16,13.45,40.36,Returning,PayPal
ORD-29310,CUST-11725,SESS-34310,CART-31310,5/11/2023,40.70,12.68,43.47,Sports,5,Shipped,Mobile App,West,P-348,SKU-331,8.14,18.71,3.26,VIP,PayPal
ORD-29311,CUST-11725,SESS-34311,CART-31311,2024-07-06,293.66,118.35,49.96,Fashion,3,Shipped,Web,West,P-352,SKU-3605,97.89,10.87,23.49,New,Debit Card
ORD-29312,CUST-11725,SESS-34312,CART-31312,2/20/2026,NULL,228.20,22.41,Fashion,5,Shipped,Mobile App,North,P-131,SKU-4566,86.68,10.14,34.67,VIP,Debit Card
ORD-29313,CUST-11726,SESS-34313,CART-31313,2025-01-25,228.09,121.25,26.72,Beauty,5,Pending,Web,West,P-236,SKU-4030,45.62,6.92,18.25,New,Credit Card
ORD-29314,CUST-11726,SESS-34314,CART-31314,2024-09-01,332.66,128.47,42.03,Fashion,4,Pending,Social Media,North,P-689,SKU-378,83.16,11.77,26.61,VIP,Credit Card
ORD-29315,CUST-11727,SESS-34315,CART-31315,2025-08-18,91.01,30.89,31.00,Electronics,5,Completed,Social Media,West,P-351,SKU-4199,18.20,1.91,7.28,New,Crypto
ORD-29316,CUST-11727,SESS-34316,CART-31316,2026-01-04,389.34,139.03,38.83,Electronics,4,Completed,Web,North,P-844,SKU-4821,97.34,18.94,31.15,New,Credit Card
ORD-29317,CUST-11727,SESS-34317,CART-31317,2023-07-09,  470.08  ,270.51,24.46,Electronics,4,Cancelled,Affiliate,South,P-603,SKU-2959,117.52,13.04,37.61,Returning,Credit Card
ORD-29318,CUST-11728,SESS-34318,CART-31318,2023-09-24,158.15,58.07,10.86,Beauty,1,Returned,Mobile App,West,P-825,SKU-1816,158.15,3.58,12.65,VIP,Debit Card
ORD-29319,CUST-11728,SESS-34319,CART-31319,2025-04-11,103.32,35.52,22.06,Beauty,4,Shipped,Social Media,North,P-927,SKU-3861,25.83,19.85,8.27,New,Debit Card
ORD-29320,CUST-11729,SESS-34320,CART-31320,2023-10-01,88.38,33.91,45.83,Sports,5,Returned,Affiliate,East,P-64,SKU-3698,17.68,19.67,7.07,VIP,PayPal
ORD-29321,CUST-11729,SESS-34321,CART-31321,2024-08-29,240.27,113.26,18.52,Sports,4,Cancelled,Mobile App,International,P-926,SKU-100,60.07,7.21,19.22,Returning,Debit Card
ORD-29322,CUST-11729,SESS-34322,CART-31322,2025-12-21,50.18,22.41,8.55,Sports,2,Cancelled,Social Media,South,P-236,SKU-4779,25.09,17.82,4.01,New,Debit Card
ORD-29323,CUST-11730,SESS-34323,CART-31323,2026-03-03,127.77,57.59,32.76,Beauty,3,Returned,Web,West,P-663,SKU-3259,42.59,19.99,10.22,New,Crypto
ORD-29324,CUST-11730,SESS-34324,CART-31324,2024-07-20,464.24,265.29,34.79,Sports,2,Cancelled,Web,West,P-374,SKU-1446,232.12,9.58,37.14,Returning,PayPal
ORD-29325,CUST-11731,SESS-34325,CART-31325,2023-02-27,443.02,260.60,31.83,Fashion,4,Completed,Mobile App,South,P-449,SKU-2421,110.76,12.69,35.44,New,PayPal
ORD-29326,CUST-11731,SESS-34326,CART-31326,2025-12-22,413.83,226.29,10.36,Sports,4,Completed,Social Media,International,P-406,SKU-1385,103.46,0.04,33.11,New,Credit Card
ORD-29327,CUST-11731,SESS-34327,CART-31327,2023-07-14,19.35,10.85,6.19,Electronics,4,Returned,Affiliate,West,P-550,SKU-2715,4.84,4.30,1.55,VIP,PayPal
ORD-29328,CUST-11732,SESS-34328,CART-31328,2023-04-07,69.33,39.15,31.13,Beauty,2,Completed,Web,International,P-833,SKU-2778,34.67,11.05,5.55,Returning,Credit Card
ORD-29329,CUST-11732,SESS-34329,CART-31329,1738152387251,508.40,233.12,9.15,Sports,1,Completed,Mobile App,East,P-407,SKU-3583,508.40,11.31,40.67,Returning,PayPal
ORD-29330,CUST-11733,SESS-34330,CART-31330,2025-10-18,438.33,160.71,13.89,Fashion,3,Cancelled,Social Media,North,P-188,SKU-3762,146.11,9.68,35.07,New,PayPal
ORD-29331,CUST-11733,SESS-34331,CART-31331,2023-11-22,,113.42,42.57,Sports,5,Shipped,Affiliate,West,P-102,SKU-2510,59.88,7.65,23.95,New,PayPal
ORD-29332,CUST-11733,SESS-34332,CART-31332,2024-04-29,262.15,134.93,25.18,Home,4,Pending,Affiliate,West,P-463,SKU-2485,65.54,19.98,20.97,VIP,PayPal
ORD-29333,CUST-11734,SESS-34333,CART-31333,2023-01-01,461.63,233.19,26.84,Sports,5,Completed,Social Media,North,P-231,SKU-4728,92.33,17.87,36.93,VIP,Credit Card
ORD-29334,CUST-11734,SESS-34334,CART-31334,2023-03-05,79.44,46.54,14.67,Sports,1,Shipped,Mobile App,North,P-463,SKU-637,79.44,9.14,6.35,VIP,PayPal
ORD-29335,CUST-11735,SESS-34335,CART-31335,2023-10-17,387.32,217.90,31.88,Beauty,3,Returned,Social Media,International,P-893,SKU-2541,129.11,10.71,30.99,VIP,Debit Card
ORD-29336,CUST-11735,SESS-34336,CART-31336,2023-02-11,346.51,131.67,17.70,Sports,3,Returned,Affiliate,North,P-134,SKU-2460,115.50,3.63,27.72,VIP,Credit Card
ORD-29337,CUST-11735,SESS-34337,CART-31337,2024-11-02,199.80,93.93,19.51,Fashion,2,Pending,Web,East,P-689,SKU-457,99.90,17.90,15.98,VIP,PayPal
ORD-29338,CUST-11736,SESS-34338,CART-31338,2023-09-22,156.93,47.70,18.11,Beauty,1,Pending,Mobile App,International,P-12,SKU-4329,156.93,0.47,12.55,VIP,PayPal
ORD-29339,CUST-11736,SESS-34339,CART-31339,2025-10-23,67.31,30.70,38.80,Beauty,5,Cancelled,Web,North,P-475,SKU-3459,13.46,6.88,5.38,Returning,Crypto
ORD-29340,CUST-11737,SESS-34340,CART-31340,2023-06-27,173.54,68.77,47.05,Fashion,4,Returned,Social Media,International,P-819,SKU-3602,43.39,7.88,13.88,VIP,PayPal
ORD-29341,CUST-11737,SESS-34341,CART-31341,2025-04-17,33.59,16.50,31.25,Home,5,Shipped,Mobile App,South,P-300,SKU-2329,6.72,7.18,2.69,New,Crypto
ORD-29342,CUST-11737,SESS-34342,CART-31342,1718919038944,240.41,128.65,37.00,Electronics,5,Shipped,Affiliate,South,P-573,SKU-4892,48.08,0.76,19.23,Returning,PayPal
ORD-29343,CUST-11738,SESS-34343,CART-31343,2025-09-23,321.53,148.57,39.66,Electronics,3,Pending,Web,West,P-485,SKU-2717,107.18,9.91,25.72,New,Crypto
ORD-29344,CUST-11738,SESS-34344,CART-31344,2025-04-09,27.31,15.32,11.34,Electronics,5,Completed,Affiliate,West,P-590,SKU-731,5.46,6.51,2.19,New,Debit Card
ORD-29345,CUST-11739,SESS-34345,CART-31345,2023-05-26,  48.67  ,25.86,10.80,Beauty,3,Returned,Affiliate,East,P-489,SKU-3499,16.22,8.93,3.89,Returning,PayPal
ORD-29346,CUST-11739,SESS-34346,CART-31346,2023-06-08,308.55,116.48,38.42,Sports,4,Completed,Affiliate,East,P-481,SKU-2466,77.14,7.65,24.68,New,PayPal
ORD-29347,CUST-11739,SESS-34347,CART-31347,2024-01-27,139.53,73.31,39.11,Sports,3,Returned,Mobile App,East,P-857,SKU-4023,46.51,17.88,11.16,Returning,PayPal
ORD-29348,CUST-11740,SESS-34348,CART-31348,2023-08-13,248.83,140.46,12.57,,2,Cancelled,Web,North,P-569,SKU-1670,124.41,13.77,19.91,Returning,Credit Card
ORD-29349,CUST-11740,SESS-34349,CART-31349,2024-12-03,434.57,172.84,25.17,Electronics,4,Pending,Social Media,North,P-989,SKU-4094,108.64,5.87,34.77,New,PayPal
ORD-29350,CUST-11741,SESS-34350,CART-31350,2024-12-17,34.32,10.77,8.70,Fashion,5,Shipped,Web,East,P-971,SKU-2033,6.86,4.04,2.75,VIP,PayPal
ORD-29351,CUST-11741,SESS-34351,CART-31351,2026-03-04,385.72,183.16,1.30,Beauty,5,Completed,Web,South,P-339,SKU-549,77.14,0.38,30.86,New,Debit Card
ORD-29352,CUST-11741,SESS-34352,CART-31352,2025-01-18,89.43,30.57,41.13,Home,5,Cancelled,Affiliate,North,P-36,SKU-2796,17.89,0.14,7.15,Returning,Crypto
ORD-29353,CUST-11742,SESS-34353,CART-31353,2023-11-17,125.96,73.09,49.69,Home,3,Completed,Web,West,P-776,SKU-963,41.99,10.01,10.08,New,Debit Card
ORD-29354,CUST-11742,SESS-34354,CART-31354,2024-11-07,55.36,33.20,3.53,Sports,3,Returned,Affiliate,International,P-581,SKU-1541,18.45,6.33,4.43,New,PayPal
ORD-29355,CUST-11743,SESS-34355,CART-31355,2024-01-09,148.52,71.34,25.61,Home,3,Returned,Mobile App,South,P-980,SKU-2715,49.51,12.90,11.88,Returning,Debit Card
ORD-29356,CUST-11743,SESS-34356,CART-31356,2025-02-16,,176.59,0.36,Beauty,5,Completed,Affiliate,International,P-219,SKU-2452,67.32,18.83,26.93,Returning,Credit Card
ORD-29357,CUST-11743,SESS-34357,CART-31357,2023-08-03,160.85,93.72,0.19,Fashion,3,Completed,Mobile App,North,P-961,SKU-1804,53.62,9.86,12.87,Returning,Debit Card
ORD-29358,CUST-11744,SESS-34358,CART-31358,2026-01-19,28.98,14.80,49.69,Fashion,2,Returned,Mobile App,East,P-762,SKU-3981,14.49,9.63,2.32,New,Crypto
ORD-29359,CUST-11744,SESS-34359,CART-31359,2023-10-15,308.24,111.01,34.85,Sports,4,Pending,Social Media,West,P-577,SKU-1159,77.06,5.85,24.66,VIP,Debit Card
ORD-29360,CUST-11745,SESS-34360,CART-31360,2023-06-07,303.95,146.92,43.41,Fashion,3,Returned,Web,East,P-988,SKU-2270,101.32,19.86,24.32,New,Credit Card
ORD-29361,CUST-11745,SESS-34361,CART-31361,2025-10-28,328.41,173.18,13.96,Beauty,4,Cancelled,Affiliate,International,P-472,SKU-966,82.10,3.88,26.27,New,Crypto
ORD-29362,CUST-11745,SESS-34362,CART-31362,2023-11-05,186.21,82.92,23.24,Sports,1,Cancelled,Mobile App,North,P-912,SKU-2012,186.21,12.34,14.90,New,Debit Card
ORD-29363,CUST-11746,SESS-34363,CART-31363,2025-02-17,478.60,182.92,6.96,Home,4,Cancelled,Social Media,South,P-808,SKU-1975,119.65,6.97,38.29,Returning,Credit Card
ORD-29364,CUST-11746,SESS-34364,CART-31364,2023-07-29,106.74,53.97,25.39,Fashion,3,Cancelled,Web,West,P-86,SKU-2310,35.58,18.66,8.54,Returning,PayPal
ORD-29365,CUST-11747,SESS-34365,CART-31365,2024-03-14,73.59,39.74,11.48,Fashion,1,Cancelled,Social Media,South,P-611,SKU-4633,73.59,6.91,5.89,Returning,Credit Card
ORD-29366,CUST-11747,SESS-34366,CART-31366,2024-12-18,  156.87  ,53.75,15.54,Fashion,5,Pending,Social Media,West,P-584,SKU-4472,31.37,8.77,12.55,Returning,Crypto
ORD-29367,CUST-11747,SESS-34367,CART-31367,2024-07-09,56.12,24.56,13.48,Beauty,3,Pending,Affiliate,East,P-410,SKU-347,18.71,6.25,4.49,Returning,Credit Card
ORD-29368,CUST-11748,SESS-34368,CART-31368,1737374952362,168.60,80.58,9.27,Home,2,Cancelled,Affiliate,West,P-395,SKU-4760,84.30,2.60,13.49,VIP,Credit Card
ORD-29369,CUST-11748,SESS-34369,CART-31369,2023-08-31,481.91,201.27,0.43,Fashion,4,Shipped,Web,South,P-896,SKU-3196,120.48,0.69,38.55,Returning,PayPal
ORD-29370,CUST-11749,SESS-34370,CART-31370,2026-01-25,20.06,7.76,39.27,Sports,2,Returned,Affiliate,East,P-595,SKU-2416,10.03,17.03,1.61,Returning,Credit Card
ORD-29371,CUST-11749,SESS-34371,CART-31371,2025-07-18,227.98,101.44,9.78,Beauty,2,Completed,Mobile App,East,P-725,SKU-1135,113.99,16.31,18.24,VIP,Debit Card
ORD-29372,CUST-11749,SESS-34372,CART-31372,2025-10-14,22.80,9.45,43.65,Beauty,1,Returned,Mobile App,West,P-149,SKU-1300,22.80,11.64,1.82,VIP,Crypto
ORD-29373,CUST-11750,SESS-34373,CART-31373,2024-04-15,442.38,261.68,47.14,Home,4,Returned,Web,North,P-80,SKU-2529,110.60,19.93,35.39,New,Debit Card
ORD-29374,CUST-11750,SESS-34374,CART-31374,2023-08-26,374.58,124.35,1.23,Electronics,4,Pending,Web,South,P-868,SKU-1043,93.65,7.97,29.97,Returning,Crypto
ORD-29375,CUST-11751,SESS-34375,CART-31375,2024-02-03,63.01,30.92,31.69,Sports,5,Cancelled,Social Media,West,P-884,SKU-2976,12.60,2.55,5.04,New,PayPal
ORD-29376,CUST-11751,SESS-34376,CART-31376,2023-03-12,43.69,21.86,15.29,Beauty,2,Completed,Web,South,P-124,SKU-4695,21.85,4.60,3.50,Returning,PayPal
ORD-29377,CUST-11751,SESS-34377,CART-31377,2026-03-09,415.77,181.02,42.43,Beauty,3,Shipped,Affiliate,International,P-50,SKU-1050,138.59,15.03,33.26,Returning,PayPal
ORD-29378,CUST-11752,SESS-34378,CART-31378,2023-06-26,325.78,171.06,15.84,Electronics,1,Returned,Web,West,P-773,SKU-3952,325.78,15.47,26.06,Returning,Credit Card
ORD-29379,CUST-11752,SESS-34379,CART-31379,2025-04-19,492.24,254.42,22.87,Fashion,3,Shipped,Mobile App,East,P-317,SKU-3042,164.08,14.29,39.38,VIP,PayPal
ORD-29380,CUST-11753,SESS-34380,CART-31380,2025-06-29,306.69,174.10,43.82,Sports,4,Shipped,Affiliate,East,P-816,SKU-2650,76.67,6.49,24.53,New,PayPal
ORD-29381,CUST-11753,SESS-34381,CART-31381,2024-09-13,427.86,199.38,34.09,Sports,5,Returned,Affiliate,East,P-312,SKU-51,85.57,10.10,34.23,New,Debit Card
ORD-29382,CUST-11753,SESS-34382,CART-31382,2023-06-22,286.91,152.27,19.60,Sports,5,Cancelled,Affiliate,International,P-813,SKU-4875,57.38,4.79,22.95,New,PayPal
ORD-29383,CUST-11754,SESS-34383,CART-31383,2025-04-19,99.14,55.58,5.68,Electronics,1,Returned,Affiliate,East,P-304,SKU-3740,99.14,13.79,7.93,VIP,PayPal
ORD-29384,CUST-11754,SESS-34384,CART-31384,2023-07-14,82.10,46.55,38.24,Sports,5,Returned,Mobile App,East,P-414,SKU-1423,16.42,19.40,6.57,VIP,Credit Card
ORD-29385,CUST-11755,SESS-34385,CART-31385,2025-01-06,,100.90,36.48,Home,2,Returned,Web,East,P-316,SKU-3584,141.13,11.58,22.58,Returning,PayPal
ORD-29386,CUST-11755,SESS-34386,CART-31386,2025-08-29,270.08,153.98,7.91,Fashion,2,Pending,Web,North,P-124,SKU-3421,135.04,9.77,21.61,VIP,Debit Card
ORD-29387,CUST-11755,SESS-34387,CART-31387,2023-02-20,251.56,111.46,28.43,,1,Cancelled,Mobile App,International,P-832,SKU-1578,251.56,15.42,20.13,VIP,Crypto
ORD-29388,CUST-11756,SESS-34388,CART-31388,2023-06-30,456.22,170.04,11.62,Fashion,3,Completed,Affiliate,West,P-966,SKU-2224,152.07,16.07,36.50,VIP,PayPal
ORD-29389,CUST-11756,SESS-34389,CART-31389,2024-11-23,489.87,293.61,10.16,Electronics,2,Pending,Social Media,South,P-38,SKU-814,244.94,18.17,39.19,Returning,Credit Card
ORD-29390,CUST-11757,SESS-34390,CART-31390,2025-07-24,65.25,22.23,21.29,Home,2,Returned,Mobile App,North,P-667,SKU-4904,32.63,11.32,5.22,Returning,PayPal
ORD-29391,CUST-11757,SESS-34391,CART-31391,2/4/2025,194.36,71.47,48.30,Fashion,1,Returned,Affiliate,International,P-526,SKU-3764,194.36,7.99,15.55,New,Credit Card
ORD-29392,CUST-11757,SESS-34392,CART-31392,2026-02-08,315.09,100.65,44.59,Beauty,3,Returned,Web,South,P-656,SKU-700,105.03,10.61,25.21,New,PayPal
ORD-29393,CUST-11758,SESS-34393,CART-31393,2023-07-06,455.15,175.95,37.38,Home,2,Pending,Affiliate,West,P-168,SKU-1859,227.57,9.22,36.41,New,Crypto
ORD-29394,CUST-11758,SESS-34394,CART-31394,2023-07-26,487.56,148.20,17.01,Fashion,NULL,Returned,Mobile App,East,P-752,SKU-3945,121.89,0.42,39.00,Returning,Debit Card
ORD-29395,CUST-11759,SESS-34395,CART-31395,2023-04-21,93.70,46.36,0.85,Beauty,4,Returned,Social Media,International,P-873,SKU-3594,23.43,0.76,7.50,New,Debit Card
ORD-29396,CUST-11759,SESS-34396,CART-31396,2024-02-28,195.74,89.79,35.76,Electronics,3,Pending,Social Media,West,P-492,SKU-2120,65.25,2.48,15.66,New,Debit Card
ORD-29397,CUST-11759,SESS-34397,CART-31397,2024-03-07,215.34,121.85,46.31,Sports,2,Cancelled,Affiliate,International,P-348,SKU-33,107.67,8.61,17.23,New,Credit Card
ORD-29398,CUST-11760,SESS-34398,CART-31398,5/4/2025,15.10,4.86,11.12,Home,5,Returned,Affiliate,West,P-892,SKU-3909,3.02,15.47,1.21,New,PayPal
ORD-29399,CUST-11760,SESS-34399,CART-31399,2025-01-29,188.02,112.17,12.53,Electronics,4,Pending,Web,International,P-373,SKU-3830,47.00,5.42,15.04,Returning,PayPal
ORD-29400,CUST-11761,SESS-34400,CART-31400,2024-07-29,411.36,213.36,11.02,Home,2,Completed,Affiliate,West,P-1,SKU-4793,205.68,3.42,32.91,New,Credit Card
ORD-29401,CUST-11761,SESS-34401,CART-31401,2023-01-24,52.91,17.20,41.05,Beauty,3,Cancelled,Affiliate,East,P-918,SKU-2533,17.64,17.95,4.23,New,PayPal
ORD-29402,CUST-11761,SESS-34402,CART-31402,2024-08-13,368.19,200.17,48.48,Sports,2,Returned,Mobile App,International,P-158,SKU-3311,184.10,5.12,29.46,Returning,Debit Card
ORD-29403,CUST-11762,SESS-34403,CART-31403,4/12/2024,407.26,131.66,45.99,Sports,1,Returned,Web,West,P-389,SKU-1694,407.26,14.04,32.58,Returning,Crypto
ORD-29404,CUST-11762,SESS-34404,CART-31404,2/20/2023,419.23,181.50,26.02,Beauty,2,Returned,Web,West,P-652,SKU-4778,209.62,4.48,33.54,Returning,PayPal
ORD-29405,CUST-11763,SESS-34405,CART-31405,2025-12-20,178.21,64.42,11.75,Fashion,2,Pending,Web,North,P-870,SKU-3903,89.10,3.52,14.26,New,Credit Card
ORD-29406,CUST-11763,SESS-34406,CART-31406,2025-01-29,139.87,75.58,46.00,Electronics,4,Returned,Mobile App,West,P-227,SKU-2796,34.97,17.23,11.19,Returning,Debit Card
ORD-29407,CUST-11763,SESS-34407,CART-31407,2024-09-28,355.02,112.75,36.39,Home,3,Completed,Mobile App,East,P-471,SKU-1365,118.34,7.86,28.40,Returning,Credit Card
ORD-29408,CUST-11764,SESS-34408,CART-31408,2023-03-09,497.81,252.57,0.78,Fashion,2,Returned,Mobile App,South,P-154,SKU-625,248.91,7.62,39.82,Returning,Debit Card
ORD-29409,CUST-11764,SESS-34409,CART-31409,2023-02-21,324.89,156.25,19.05,,3,Returned,Social Media,East,P-435,SKU-51,108.30,19.51,25.99,New,PayPal
ORD-29410,CUST-11765,SESS-34410,CART-31410,1743281205867,197.20,110.54,21.64,Electronics,4,Shipped,Affiliate,South,P-258,SKU-4915,49.30,3.18,15.78,Returning,PayPal
ORD-29411,CUST-11765,SESS-34411,CART-31411,2024-01-06,447.10,164.19,0.53,Sports,3,Shipped,Mobile App,South,P-456,SKU-992,149.03,9.06,35.77,Returning,PayPal
ORD-29412,CUST-11765,SESS-34412,CART-31412,2024-04-24,58.39,19.01,8.79,Beauty,2,Cancelled,Web,South,P-151,SKU-1176,29.19,7.27,4.67,New,Credit Card
ORD-29413,CUST-11766,SESS-34413,CART-31413,2024-03-08,202.59,114.99,6.85,Sports,2,Completed,Mobile App,South,P-834,SKU-575,101.30,15.29,16.21,New,PayPal
ORD-29414,CUST-11766,SESS-34414,CART-31414,2026-02-11,438.60,240.36,1.69,Beauty,2,Completed,Web,International,P-388,SKU-3970,219.30,2.81,35.09,Returning,Credit Card
ORD-29415,CUST-11767,SESS-34415,CART-31415,2023-06-05,331.05,140.45,8.03,,4,Returned,Affiliate,International,P-235,SKU-2922,82.76,14.52,26.48,Returning,Credit Card
ORD-29416,CUST-11767,SESS-34416,CART-31416,2023-10-22,75.19,27.43,41.25,Beauty,1,Returned,Social Media,East,P-56,SKU-791,75.19,2.43,6.02,Returning,PayPal
ORD-29417,CUST-11767,SESS-34417,CART-31417,2023-11-27,307.95,176.00,14.79,Home,,Pending,Affiliate,North,P-971,SKU-2537,61.59,6.42,24.64,VIP,Debit Card
ORD-29418,CUST-11768,SESS-34418,CART-31418,2024-04-10,433.91,224.16,25.00,Sports,2,Pending,Mobile App,East,P-12,SKU-3095,216.96,12.89,34.71,VIP,PayPal
ORD-29419,CUST-11768,SESS-34419,CART-31419,2023-08-12,74.94,37.75,8.62,Beauty,,Pending,Affiliate,North,P-241,SKU-1497,74.94,16.52,6.00,VIP,Credit Card
ORD-29420,CUST-11769,SESS-34420,CART-31420,2024-07-12,209.02,119.51,43.96,Electronics,4,Returned,Web,South,P-272,SKU-1450,52.25,6.15,16.72,New,PayPal
ORD-29421,CUST-11769,SESS-34421,CART-31421,2024-09-04,414.98,191.95,32.05,Sports,2,Pending,Web,North,P-378,SKU-4163,207.49,14.40,33.20,New,Crypto
ORD-29422,CUST-11769,SESS-34422,CART-31422,2024-11-05,171.68,94.45,18.20,Electronics,1,Completed,Social Media,International,P-318,SKU-1494,171.68,15.17,13.73,Returning,Debit Card
ORD-29423,CUST-11770,SESS-34423,CART-31423,2024-05-23,29.44,14.22,42.36,,3,Shipped,Mobile App,West,P-272,SKU-4013,9.81,17.37,2.35,VIP,Debit Card
ORD-29424,CUST-11770,SESS-34424,CART-31424,2023-05-20,205.67,121.70,11.71,Fashion,2,Cancelled,Social Media,South,P-747,SKU-168,102.83,16.97,16.45,New,Crypto
ORD-29425,CUST-11771,SESS-34425,CART-31425,2026-01-04,  442.10  ,183.10,14.15,Fashion,4,Pending,Mobile App,West,P-485,SKU-1265,110.53,5.32,35.37,Returning,Debit Card
ORD-29426,CUST-11771,SESS-34426,CART-31426,2025-11-21,149.39,50.88,25.23,Beauty,3,Returned,Social Media,South,P-562,SKU-3445,49.80,1.06,11.95,VIP,Credit Card
ORD-29427,CUST-11771,SESS-34427,CART-31427,2025-06-11,,195.73,34.42,Fashion,4,Shipped,Social Media,International,P-139,SKU-123,107.61,14.38,34.43,VIP,PayPal
ORD-29428,CUST-11772,SESS-34428,CART-31428,2025-03-13,444.85,177.20,35.76,Sports,2,Completed,Mobile App,South,P-188,SKU-456,222.43,7.38,35.59,VIP,Debit Card
ORD-29429,CUST-11772,SESS-34429,CART-31429,2025-06-23,236.40,139.44,28.40,Home,1,Pending,Web,International,P-566,SKU-2495,236.40,5.06,18.91,Returning,PayPal
ORD-29430,CUST-11773,SESS-34430,CART-31430,2024-02-04,426.91,172.33,38.73,Home,5,Returned,Social Media,North,P-368,SKU-2555,85.38,18.49,34.15,Returning,Credit Card
ORD-29431,CUST-11773,SESS-34431,CART-31431,2025-09-15,129.90,62.40,13.95,Sports,2,Returned,Social Media,North,P-52,SKU-4480,64.95,16.75,10.39,VIP,Debit Card
ORD-29432,CUST-11773,SESS-34432,CART-31432,2023-12-17,165.20,89.40,20.86,Sports,3,Returned,Web,West,P-206,SKU-4880,55.07,3.17,13.22,VIP,Debit Card
ORD-29433,CUST-11774,SESS-34433,CART-31433,2025-05-07,33.10,16.43,11.86,Home,3,Returned,Social Media,International,P-830,SKU-3036,11.03,11.26,2.65,New,Crypto
ORD-29434,CUST-11774,SESS-34434,CART-31434,2023-06-24,209.38,78.87,12.49,Home,5,Shipped,Social Media,South,P-384,SKU-2697,41.88,17.65,16.75,VIP,Debit Card
ORD-29435,CUST-11775,SESS-34435,CART-31435,2025-09-11,407.95,154.45,0.17,Fashion,5,Returned,Mobile App,International,P-340,SKU-4357,81.59,2.39,32.64,VIP,Debit Card
ORD-29436,CUST-11775,SESS-34436,CART-31436,2025-05-13,135.65,72.15,48.48,Beauty,3,Completed,Social Media,West,P-20,SKU-2789,45.22,16.07,10.85,VIP,PayPal
ORD-29437,CUST-11775,SESS-34437,CART-31437,2026-02-12,  82.35  ,45.70,22.55,  sports  ,4,Cancelled,Web,West,P-782,SKU-4536,20.59,3.32,6.59,New,PayPal
ORD-29438,CUST-11776,SESS-34438,CART-31438,2025-12-19,303.70,169.03,5.16,Sports,1,Completed,Social Media,East,P-987,SKU-2867,303.70,13.27,24.30,Returning,Debit Card
ORD-29439,CUST-11776,SESS-34439,CART-31439,2024-09-13,406.30,126.73,32.35,Electronics,4,Cancelled,Mobile App,International,P-294,SKU-303,101.57,15.58,32.50,Returning,PayPal
ORD-29440,CUST-11777,SESS-34440,CART-31440,2023-07-10,319.17,160.50,37.52,Fashion,1,Shipped,Affiliate,South,P-903,SKU-150,319.17,5.74,25.53,Returning,Crypto
ORD-29441,CUST-11777,SESS-34441,CART-31441,2025-09-20,251.16,128.35,9.19,Sports,5,Cancelled,Affiliate,East,P-297,SKU-4713,50.23,19.20,20.09,New,PayPal
ORD-29442,CUST-11777,SESS-34442,CART-31442,1746917700691,260.84,121.30,32.29,Fashion,2,Shipped,Affiliate,South,P-867,SKU-2680,130.42,15.72,20.87,New,Debit Card
ORD-29443,CUST-11778,SESS-34443,CART-31443,2025-07-01,154.10,77.26,44.66,Electronics,2,Completed,Web,East,P-452,SKU-4346,77.05,15.28,12.33,New,Crypto
ORD-29444,CUST-11778,SESS-34444,CART-31444,2024-04-06,394.51,118.72,48.68,Home,5,Returned,Web,International,P-415,SKU-3969,78.90,6.11,31.56,VIP,PayPal
ORD-29445,CUST-11779,SESS-34445,CART-31445,2025-01-02,362.80,155.05,19.75,Home,1,Shipped,Web,West,P-522,SKU-3406,362.80,0.95,29.02,Returning,Credit Card
ORD-29446,CUST-11779,SESS-34446,CART-31446,2023-12-30,401.24,224.46,39.88,Electronics,3,Cancelled,Web,East,P-105,SKU-4222,133.75,3.85,32.10,New,Debit Card
ORD-29447,CUST-11779,SESS-34447,CART-31447,2023-05-18,508.18,225.74,37.70,Beauty,2,Completed,Web,West,P-538,SKU-3633,254.09,17.23,40.65,VIP,PayPal
ORD-29448,CUST-11780,SESS-34448,CART-31448,2024-02-21,287.71,87.61,44.51,Electronics,4,Shipped,Web,International,P-126,SKU-569,71.93,17.52,23.02,Returning,Debit Card
ORD-29449,CUST-11780,SESS-34449,CART-31449,2024-04-13,67.70,34.97,33.14,Sports,3,Returned,Web,South,P-498,SKU-1555,22.57,13.10,5.42,New,Crypto
ORD-29450,CUST-11781,SESS-34450,CART-31450,2024-02-14,304.81,163.02,32.88,Home,3,Shipped,Web,East,P-62,SKU-679,101.60,5.67,24.39,VIP,PayPal
ORD-29451,CUST-11781,SESS-34451,CART-31451,2023-03-05,167.25,98.90,48.71,Home,5,Shipped,Mobile App,South,P-429,SKU-4361,33.45,9.78,13.38,New,Debit Card
ORD-29452,CUST-11781,SESS-34452,CART-31452,3/21/2023,486.48,254.84,33.41,Sports,5,Completed,Affiliate,East,P-864,SKU-3019,97.30,4.86,38.92,New,Debit Card
ORD-29453,CUST-11782,SESS-34453,CART-31453,2026-02-09,280.10,149.43,24.37,Beauty,4,Cancelled,Web,West,P-949,SKU-2809,70.03,13.65,22.41,VIP,PayPal
ORD-29454,CUST-11782,SESS-34454,CART-31454,2023-07-28,507.64,155.36,6.78,Fashion,3,Shipped,Social Media,South,P-147,SKU-3512,169.21,1.37,40.61,New,PayPal
ORD-29455,CUST-11783,SESS-34455,CART-31455,5/27/2025,79.82,28.80,20.14,Sports,2,Cancelled,Web,East,P-799,SKU-3293,39.91,2.01,6.39,New,Debit Card
ORD-29456,CUST-11783,SESS-34456,CART-31456,2024-10-03,448.18,194.92,10.86,Sports,2,Returned,Affiliate,West,P-862,SKU-893,224.09,9.26,35.85,VIP,Credit Card
ORD-29457,CUST-11783,SESS-34457,CART-31457,2025-07-10,41.93,20.12,3.66,Beauty,1,Cancelled,Mobile App,North,P-60,SKU-3634,41.93,3.15,3.35,VIP,Crypto
ORD-29458,CUST-11784,SESS-34458,CART-31458,2024-06-13,333.66,100.49,34.00,Home,4,Pending,Web,South,P-336,SKU-854,83.41,2.92,26.69,New,Credit Card
ORD-29459,CUST-11784,SESS-34459,CART-31459,1/6/2023,71.03,26.70,15.19,Beauty,4,Shipped,Web,North,P-390,SKU-3101,17.76,1.63,5.68,VIP,Debit Card
ORD-29460,CUST-11785,SESS-34460,CART-31460,2026-02-13,186.84,74.79,37.70,Electronics,5,Returned,Web,North,P-804,SKU-3425,37.37,4.69,14.95,Returning,Crypto
ORD-29461,CUST-11785,SESS-34461,CART-31461,2023-05-24,27.59,9.20,36.33,Beauty,3,Shipped,Affiliate,West,P-612,SKU-1686,9.20,17.06,2.21,New,Credit Card
ORD-29462,CUST-11785,SESS-34462,CART-31462,2024-02-24,402.67,187.58,7.99,Home,2,Pending,Web,East,P-945,SKU-4835,201.34,6.43,32.21,VIP,Crypto
ORD-29463,CUST-11786,SESS-34463,CART-31463,2023-07-14,170.30,52.82,23.59,Electronics,5,Shipped,Affiliate,West,P-497,SKU-3346,34.06,13.31,13.62,VIP,Crypto
ORD-29464,CUST-11786,SESS-34464,CART-31464,2025-01-13,237.06,137.41,39.98,Fashion,4,Cancelled,Social Media,South,P-208,SKU-699,59.26,8.96,18.96,VIP,Crypto
ORD-29465,CUST-11787,SESS-34465,CART-31465,2026-01-09,  167.71  ,99.71,19.93,Home,2,Pending,Affiliate,West,P-964,SKU-1696,83.86,2.21,13.42,New,Credit Card
ORD-29466,CUST-11787,SESS-34466,CART-31466,2024-10-26,44.59,22.20,12.57,Sports,5,Returned,Social Media,North,P-161,SKU-3021,8.92,18.60,3.57,Returning,PayPal
ORD-29467,CUST-11787,SESS-34467,CART-31467,2023-08-22,87.13,41.27,35.82,Fashion,5,Completed,Social Media,South,P-416,SKU-1752,17.43,5.55,6.97,New,Debit Card
ORD-29468,CUST-11788,SESS-34468,CART-31468,1711333819511,193.48,76.93,30.75,Electronics,2,Shipped,Social Media,International,P-584,SKU-286,96.74,0.75,15.48,VIP,Crypto
ORD-29469,CUST-11788,SESS-34469,CART-31469,2024-02-12,224.70,67.78,44.82,Sports,3,Completed,Affiliate,South,P-994,SKU-2153,74.90,9.08,17.98,VIP,Credit Card
ORD-29470,CUST-11789,SESS-34470,CART-31470,2025-10-10,206.58,84.70,36.42,Electronics,4,Cancelled,Web,West,P-51,SKU-4317,51.65,19.79,16.53,Returning,Crypto
ORD-29471,CUST-11789,SESS-34471,CART-31471,2024-01-07,18.98,10.77,12.22,Electronics,4,Shipped,Web,South,P-49,SKU-3721,4.75,16.82,1.52,Returning,Debit Card
ORD-29472,CUST-11789,SESS-34472,CART-31472,2024-12-30,268.71,154.30,43.26,Electronics,3,Cancelled,Affiliate,International,P-128,SKU-3358,89.57,13.52,21.50,New,PayPal
ORD-29473,CUST-11790,SESS-34473,CART-31473,2023-03-02,327.13,123.01,46.23,Fashion,4,Cancelled,Web,East,P-546,SKU-4866,81.78,16.64,26.17,VIP,Credit Card
ORD-29474,CUST-11790,SESS-34474,CART-31474,2025-06-22,307.42,107.17,45.57,Beauty,5,Shipped,Social Media,North,P-764,SKU-1905,61.48,7.28,24.59,New,PayPal
ORD-29475,CUST-11791,SESS-34475,CART-31475,1723242939738,298.37,141.58,4.53,Beauty,1,Pending,Mobile App,International,P-560,SKU-1324,298.37,7.17,23.87,Returning,Credit Card
ORD-29476,CUST-11791,SESS-34476,CART-31476,2024-05-21,186.12,76.42,39.25,Sports,2,Completed,Web,International,P-801,SKU-1498,93.06,8.13,14.89,VIP,Credit Card
ORD-29477,CUST-11791,SESS-34477,CART-31477,2023-03-13,79.26,33.08,49.60,Electronics,3,Cancelled,Affiliate,International,P-638,SKU-2995,26.42,15.64,6.34,New,Debit Card
ORD-29478,CUST-11792,SESS-34478,CART-31478,3/12/2026,133.89,54.98,14.93,Beauty,4,Pending,Mobile App,West,P-703,SKU-638,33.47,16.54,10.71,VIP,Crypto
ORD-29479,CUST-11792,SESS-34479,CART-31479,2024-01-09,357.14,196.20,45.47,Home,2,Pending,Mobile App,South,P-223,SKU-4090,178.57,10.73,28.57,Returning,PayPal
ORD-29480,CUST-11793,SESS-34480,CART-31480,2023-02-10,273.27,92.28,37.52,Beauty,3,Shipped,Affiliate,West,P-498,SKU-1877,91.09,4.92,21.86,Returning,Credit Card
ORD-29481,CUST-11793,SESS-34481,CART-31481,2023-09-07,382.37,128.18,12.19,Fashion,3,Completed,Affiliate,North,P-764,SKU-2888,127.46,11.03,30.59,New,PayPal
ORD-29482,CUST-11793,SESS-34482,CART-31482,2023-06-06,333.10,149.32,7.47,Fashion,3,Pending,Mobile App,International,P-938,SKU-2011,111.03,13.33,26.65,Returning,Crypto
ORD-29483,CUST-11794,SESS-34483,CART-31483,2025-06-24,185.11,82.72,29.35,Electronics,1,Pending,Social Media,West,P-604,SKU-2495,185.11,14.87,14.81,Returning,Crypto
ORD-29484,CUST-11794,SESS-34484,CART-31484,2026-02-21,482.57,248.42,23.95,Beauty,1,Pending,Web,West,P-893,SKU-2299,482.57,18.24,38.61,New,PayPal
ORD-29485,CUST-11795,SESS-34485,CART-31485,1757695578881,481.29,187.56,27.19,Beauty,2,Pending,Mobile App,International,P-704,SKU-1731,240.65,7.89,38.50,VIP,Credit Card
ORD-29486,CUST-11795,SESS-34486,CART-31486,2025-04-03,232.28,76.46,25.95,Sports,3,Cancelled,Affiliate,West,P-344,SKU-3811,77.43,2.05,18.58,New,Credit Card
ORD-29487,CUST-11795,SESS-34487,CART-31487,1729957311755,221.71,71.50,34.13,Home,3,Returned,Web,East,P-173,SKU-3604,73.90,17.80,17.74,VIP,PayPal
ORD-29488,CUST-11796,SESS-34488,CART-31488,2023-02-21,252.40,140.81,39.06,Home,5,Cancelled,Mobile App,East,P-522,SKU-2941,50.48,14.19,20.19,Returning,PayPal
ORD-29489,CUST-11796,SESS-34489,CART-31489,2025-10-15,349.49,155.40,25.51,Sports,4,Cancelled,Web,West,P-87,SKU-265,87.37,10.32,27.96,New,Debit Card
ORD-29490,CUST-11797,SESS-34490,CART-31490,2023-05-21,149.91,73.54,44.74,Sports,4,Completed,Affiliate,North,P-879,SKU-3685,37.48,7.75,11.99,Returning,Debit Card
ORD-29491,CUST-11797,SESS-34491,CART-31491,1743499130662,332.22,152.48,49.00,Home,1,Returned,Mobile App,South,P-246,SKU-4088,332.22,17.41,26.58,Returning,Debit Card
ORD-29492,CUST-11797,SESS-34492,CART-31492,2024-05-07,335.91,114.91,33.48,Sports,3,Pending,Mobile App,South,P-80,SKU-2025,111.97,4.00,26.87,New,Crypto
ORD-29493,CUST-11798,SESS-34493,CART-31493,2024-01-11,155.15,52.69,9.47,Fashion,4,Returned,Affiliate,North,P-401,SKU-4984,38.79,18.13,12.41,VIP,Crypto
ORD-29494,CUST-11798,SESS-34494,CART-31494,2024-10-12,53.80,17.31,22.45,Beauty,3,Returned,Affiliate,West,P-24,SKU-2632,17.93,4.26,4.30,Returning,PayPal
ORD-29495,CUST-11799,SESS-34495,CART-31495,2026-03-08,185.90,75.92,23.15,Beauty,1,Returned,Social Media,North,P-756,SKU-1794,185.90,1.65,14.87,Returning,Credit Card
ORD-29496,CUST-11799,SESS-34496,CART-31496,2023-03-04,113.04,53.64,37.13,Electronics,3,Cancelled,Web,North,P-670,SKU-4685,37.68,10.69,9.04,Returning,Crypto
ORD-29497,CUST-11799,SESS-34497,CART-31497,2024-01-15,139.60,61.78,34.37,Beauty,2,Completed,Web,South,P-891,SKU-3277,69.80,9.24,11.17,New,Credit Card
ORD-29498,CUST-11800,SESS-34498,CART-31498,2025-08-29,503.04,266.86,47.37,Beauty,5,Cancelled,Affiliate,International,P-942,SKU-3127,100.61,14.99,40.24,New,Credit Card
ORD-29499,CUST-11800,SESS-34499,CART-31499,2023-05-07,391.88,190.57,0.52,Home,2,Returned,Affiliate,East,P-939,SKU-890,195.94,4.57,31.35,Returning,PayPal
ORD-29500,CUST-11801,SESS-34500,CART-31500,2026-02-13,113.23,36.88,29.93,Electronics,5,Completed,Web,South,P-716,SKU-1709,22.65,8.69,9.06,VIP,PayPal
ORD-29501,CUST-11801,SESS-34501,CART-31501,2025-03-02,153.96,67.33,35.46,  beauty  ,4,Returned,Mobile App,East,P-227,SKU-858,38.49,4.58,12.32,VIP,PayPal
ORD-29502,CUST-11801,SESS-34502,CART-31502,2026-01-28,,23.20,6.94,Beauty,3,Cancelled,Social Media,International,P-786,SKU-3144,19.51,10.03,4.68,New,Credit Card
ORD-29503,CUST-11802,SESS-34503,CART-31503,12/25/2025,443.78,150.93,15.41,Fashion,4,Returned,Social Media,West,P-888,SKU-4733,110.94,7.36,35.50,New,Debit Card
ORD-29504,CUST-11802,SESS-34504,CART-31504,2025-02-19,344.89,151.32,9.15,Sports,1,Pending,Affiliate,East,P-236,SKU-3518,344.89,4.24,27.59,New,PayPal
ORD-29505,CUST-11803,SESS-34505,CART-31505,1689940581716,306.86,133.48,3.98,Fashion,1,Cancelled,Affiliate,East,P-835,SKU-3309,306.86,17.36,24.55,New,Credit Card
ORD-29506,CUST-11803,SESS-34506,CART-31506,2024-02-24,462.85,220.44,32.97,Sports,1,Cancelled,Web,East,P-674,SKU-1921,462.85,14.00,37.03,New,Crypto
ORD-29507,CUST-11803,SESS-34507,CART-31507,2025-02-07,145.34,76.55,37.38,Sports,4,Cancelled,Mobile App,North,P-427,SKU-3529,36.33,16.25,11.63,New,Debit Card
ORD-29508,CUST-11804,SESS-34508,CART-31508,2024-02-17,270.55,86.38,47.79,Home,4,Shipped,Mobile App,South,P-587,SKU-4775,67.64,15.49,21.64,Returning,Credit Card
ORD-29509,CUST-11804,SESS-34509,CART-31509,2025-04-30,361.45,132.11,48.92,Electronics,4,Completed,Mobile App,International,P-403,SKU-4116,90.36,9.62,28.92,New,PayPal
ORD-29510,CUST-11805,SESS-34510,CART-31510,2023-04-02,463.58,199.66,23.78,Fashion,5,Cancelled,Web,International,P-32,SKU-480,92.72,8.74,37.09,New,PayPal
ORD-29511,CUST-11805,SESS-34511,CART-31511,2025-09-01,400.55,182.40,13.79,Electronics,3,Shipped,Affiliate,International,P-465,SKU-1006,133.52,7.07,32.04,New,Credit Card
ORD-29512,CUST-11805,SESS-34512,CART-31512,2025-04-20,212.62,67.43,10.56,Home,4,Completed,Affiliate,North,P-832,SKU-2861,53.16,18.83,17.01,Returning,PayPal
ORD-29513,CUST-11806,SESS-34513,CART-31513,2023-07-24,379.61,221.89,33.38,Fashion,3,Cancelled,Affiliate,North,P-928,SKU-2386,126.54,12.50,30.37,VIP,Debit Card
ORD-29514,CUST-11806,SESS-34514,CART-31514,2025-04-04,343.56,185.82,45.36,Beauty,4,Returned,Mobile App,North,P-421,SKU-2260,85.89,9.70,27.49,New,PayPal
ORD-29515,CUST-11807,SESS-34515,CART-31515,10/3/2023,  166.60  ,66.63,45.37,Electronics,2,Completed,Mobile App,South,P-816,SKU-3189,83.30,12.53,13.33,Returning,Crypto
ORD-29516,CUST-11807,SESS-34516,CART-31516,2024-12-29,348.27,108.53,8.91,Sports,3,Returned,Mobile App,West,P-736,SKU-2529,116.09,19.37,27.86,New,Debit Card
ORD-29517,CUST-11807,SESS-34517,CART-31517,1719162214293,321.82,142.36,47.50,Home,1,Returned,Affiliate,East,P-450,SKU-4194,321.82,4.94,25.75,VIP,Credit Card
ORD-29518,CUST-11808,SESS-34518,CART-31518,2023-12-16,240.53,108.47,40.62,Beauty,1,Cancelled,Social Media,South,P-567,SKU-4623,240.53,11.84,19.24,VIP,PayPal
ORD-29519,CUST-11808,SESS-34519,CART-31519,2025-11-13,228.54,111.16,17.59,Sports,5,Shipped,Affiliate,West,P-805,SKU-3129,45.71,2.32,18.28,Returning,PayPal
ORD-29520,CUST-11809,SESS-34520,CART-31520,2023-08-16,464.24,264.75,16.46,Fashion,3,Returned,Social Media,North,P-775,SKU-3775,154.75,8.94,37.14,Returning,Credit Card
ORD-29521,CUST-11809,SESS-34521,CART-31521,2023-10-29,29.50,9.36,16.41,Electronics,1,Returned,Mobile App,International,P-294,SKU-3974,29.50,19.72,2.36,VIP,Credit Card
ORD-29522,CUST-11809,SESS-34522,CART-31522,4/11/2023,19.45,10.62,36.35,Home,5,Shipped,Web,West,P-501,SKU-4639,3.89,10.24,1.56,Returning,Debit Card
ORD-29523,CUST-11810,SESS-34523,CART-31523,2024-04-18,238.35,99.85,26.80,Beauty,5,Shipped,Affiliate,North,P-352,SKU-2732,47.67,5.94,19.07,VIP,Crypto
ORD-29524,CUST-11810,SESS-34524,CART-31524,11/21/2025,389.00,165.30,12.82,Home,4,Pending,Social Media,North,P-841,SKU-1154,97.25,19.78,31.12,VIP,Crypto
ORD-29525,CUST-11811,SESS-34525,CART-31525,2023-09-13,265.24,121.33,33.47,Beauty,3,Pending,Social Media,West,P-285,SKU-968,88.41,7.85,21.22,New,Debit Card
ORD-29526,CUST-11811,SESS-34526,CART-31526,2023-10-05,264.01,131.10,17.46,Sports,3,Cancelled,Web,East,P-346,SKU-2944,88.00,0.54,21.12,VIP,Debit Card
ORD-29527,CUST-11811,SESS-34527,CART-31527,2024-04-10,67.27,25.76,45.64,Home,2,Completed,Web,South,P-707,SKU-2984,33.63,11.75,5.38,VIP,Crypto
ORD-29528,CUST-11812,SESS-34528,CART-31528,1726990402412,273.77,115.96,36.92,Electronics,4,Shipped,Web,North,P-729,SKU-816,68.44,3.65,21.90,New,PayPal
ORD-29529,CUST-11812,SESS-34529,CART-31529,2023-07-29,342.97,120.53,35.64,Fashion,3,Completed,Affiliate,North,P-57,SKU-2391,114.32,14.63,27.44,New,Crypto
ORD-29530,CUST-11813,SESS-34530,CART-31530,1691965547074,130.22,76.53,23.29,Beauty,2,Shipped,Mobile App,North,P-47,SKU-50,65.11,10.15,10.42,VIP,PayPal
ORD-29531,CUST-11813,SESS-34531,CART-31531,2024-06-17,174.95,83.16,1.64,Fashion,5,Returned,Mobile App,International,P-216,SKU-2066,34.99,0.93,14.00,VIP,PayPal
ORD-29532,CUST-11813,SESS-34532,CART-31532,2024-12-16,329.75,179.66,23.80,  electronics  ,1,Pending,Web,West,P-723,SKU-1165,329.75,13.47,26.38,Returning,Crypto
ORD-29533,CUST-11814,SESS-34533,CART-31533,2025-01-22,22.63,7.31,1.21,  sports  ,4,Shipped,Web,South,P-225,SKU-2116,5.66,19.27,1.81,New,Crypto
ORD-29534,CUST-11814,SESS-34534,CART-31534,2023-08-28,277.08,140.14,18.11,Fashion,3,Pending,Affiliate,North,P-14,SKU-2526,92.36,12.64,22.17,Returning,PayPal
ORD-29535,CUST-11815,SESS-34535,CART-31535,2025-09-17,43.61,20.45,38.21,Fashion,1,Returned,Mobile App,North,P-785,SKU-4186,43.61,11.81,3.49,New,Crypto
ORD-29536,CUST-11815,SESS-34536,CART-31536,2026-02-01,246.48,81.68,40.30,Sports,1,Shipped,Web,East,P-765,SKU-2838,246.48,8.13,19.72,VIP,PayPal
ORD-29537,CUST-11815,SESS-34537,CART-31537,1709188947386,234.93,71.28,25.31,Fashion,2,Returned,Affiliate,South,P-953,SKU-1789,117.46,2.93,18.79,Returning,Credit Card
ORD-29538,CUST-11816,SESS-34538,CART-31538,2025-02-16,131.57,55.29,4.33,Home,4,Pending,Mobile App,West,P-715,SKU-101,32.89,13.15,10.53,New,Credit Card
ORD-29539,CUST-11816,SESS-34539,CART-31539,2024-10-01,430.11,233.87,28.66,Electronics,5,Shipped,Social Media,South,P-551,SKU-1993,86.02,14.76,34.41,New,Crypto
ORD-29540,CUST-11817,SESS-34540,CART-31540,2025-10-16,350.04,158.39,39.80,Home,2,Cancelled,Affiliate,South,P-782,SKU-374,175.02,8.84,28.00,VIP,Crypto
ORD-29541,CUST-11817,SESS-34541,CART-31541,2023-12-18,297.42,118.57,40.13,Beauty,4,Completed,Social Media,South,P-329,SKU-207,74.35,7.97,23.79,New,PayPal
ORD-29542,CUST-11817,SESS-34542,CART-31542,2025-04-29,434.57,227.25,42.85,Home,5,Completed,Web,South,P-608,SKU-4290,86.91,17.71,34.77,VIP,Debit Card
ORD-29543,CUST-11818,SESS-34543,CART-31543,2023-08-16,35.44,15.46,29.21,Home,1,Completed,Web,East,P-407,SKU-2701,35.44,15.01,2.84,Returning,Crypto
ORD-29544,CUST-11818,SESS-34544,CART-31544,2026-02-09,162.10,51.47,5.73,Fashion,5,Pending,Social Media,South,P-384,SKU-3864,32.42,0.34,12.97,New,Crypto
ORD-29545,CUST-11819,SESS-34545,CART-31545,2025-06-22,265.76,93.34,27.35,Home,1,Pending,Social Media,North,P-279,SKU-1732,265.76,8.45,21.26,VIP,PayPal
ORD-29546,CUST-11819,SESS-34546,CART-31546,2023-06-15,16.31,5.52,24.97,Fashion,4,Cancelled,Affiliate,South,P-240,SKU-1606,4.08,9.49,1.30,New,Crypto
ORD-29547,CUST-11819,SESS-34547,CART-31547,1752168845487,370.92,122.99,11.72,Fashion,2,Pending,Mobile App,West,P-18,SKU-1352,185.46,0.56,29.67,VIP,Credit Card
ORD-29548,CUST-11820,SESS-34548,CART-31548,2024-08-27,366.23,191.50,20.32,Home,4,Cancelled,Web,East,P-208,SKU-2136,91.56,8.72,29.30,Returning,Credit Card
ORD-29549,CUST-11820,SESS-34549,CART-31549,2024-10-26,200.03,100.85,40.84,Home,5,Completed,Web,West,P-958,SKU-865,40.01,11.99,16.00,New,PayPal
ORD-29550,CUST-11821,SESS-34550,CART-31550,2023-10-18,484.09,271.42,32.17,Sports,2,Returned,Affiliate,International,P-179,SKU-4095,242.05,10.93,38.73,VIP,PayPal
ORD-29551,CUST-11821,SESS-34551,CART-31551,2024-12-06,206.64,70.71,45.94,Fashion,4,Shipped,Social Media,East,P-60,SKU-4945,51.66,17.96,16.53,New,Credit Card
ORD-29552,CUST-11821,SESS-34552,CART-31552,1686826853665,418.27,239.41,31.30,Beauty,3,Cancelled,Affiliate,International,P-103,SKU-4911,139.42,14.26,33.46,VIP,Credit Card
ORD-29553,CUST-11822,SESS-34553,CART-31553,2026-01-20,,290.14,12.74,Sports,2,Completed,Social Media,West,P-474,SKU-2487,251.18,7.95,40.19,New,Debit Card
ORD-29554,CUST-11822,SESS-34554,CART-31554,2025-02-01,429.90,161.94,28.22,Sports,2,Shipped,Affiliate,West,P-323,SKU-2246,214.95,13.61,34.39,New,Credit Card
ORD-29555,CUST-11823,SESS-34555,CART-31555,2023-02-18,198.59,102.12,22.64,Sports,1,Completed,Social Media,West,P-119,SKU-179,198.59,5.27,15.89,New,Debit Card
ORD-29556,CUST-11823,SESS-34556,CART-31556,2025-12-27,NULL,182.59,49.24,Fashion,1,Cancelled,Mobile App,North,P-155,SKU-4392,426.14,6.77,34.09,New,Crypto
ORD-29557,CUST-11823,SESS-34557,CART-31557,1/5/2025,479.17,206.75,16.38,Fashion,3,Shipped,Social Media,North,P-275,SKU-3615,159.72,15.63,38.33,VIP,Crypto
ORD-29558,CUST-11824,SESS-34558,CART-31558,2023-11-28,397.62,210.31,22.36,Home,3,Cancelled,Mobile App,International,P-53,SKU-785,132.54,15.50,31.81,VIP,Credit Card
ORD-29559,CUST-11824,SESS-34559,CART-31559,2024-05-19,89.35,40.42,48.52,Fashion,5,Cancelled,Mobile App,East,P-665,SKU-685,17.87,1.64,7.15,Returning,Crypto
ORD-29560,CUST-11825,SESS-34560,CART-31560,2024-02-13,460.55,241.19,14.37,Electronics,2,Cancelled,Affiliate,West,P-966,SKU-2441,230.27,16.93,36.84,New,Debit Card
ORD-29561,CUST-11825,SESS-34561,CART-31561,2025-10-14,181.41,95.34,14.41,Fashion,2,Cancelled,Affiliate,North,P-902,SKU-792,90.70,2.46,14.51,New,Crypto
ORD-29562,CUST-11825,SESS-34562,CART-31562,1752508994933,261.88,133.69,49.72,Fashion,5,Completed,Web,International,P-374,SKU-943,52.38,18.85,20.95,VIP,PayPal
ORD-29563,CUST-11826,SESS-34563,CART-31563,2025-11-04,407.04,132.11,23.36,Home,5,Pending,Affiliate,North,P-72,SKU-1618,81.41,19.24,32.56,VIP,Credit Card
ORD-29564,CUST-11826,SESS-34564,CART-31564,2025-03-31,449.39,256.50,11.93,Beauty,5,Completed,Mobile App,South,P-136,SKU-2960,89.88,11.45,35.95,Returning,PayPal
ORD-29565,CUST-11827,SESS-34565,CART-31565,2025-08-29,137.11,61.86,19.83,Electronics,5,Shipped,Mobile App,East,P-216,SKU-3356,27.42,3.35,10.97,New,Credit Card
ORD-29566,CUST-11827,SESS-34566,CART-31566,2023-07-03,434.13,156.25,3.91,Fashion,3,Returned,Affiliate,International,P-36,SKU-4026,144.71,9.72,34.73,New,PayPal
ORD-29567,CUST-11827,SESS-34567,CART-31567,2026-02-05,324.85,155.86,31.21,Sports,2,Cancelled,Web,South,P-415,SKU-2799,162.43,0.83,25.99,New,Crypto
ORD-29568,CUST-11828,SESS-34568,CART-31568,2024-07-09,38.08,21.33,48.36,Beauty,4,Cancelled,Affiliate,International,P-540,SKU-1814,9.52,13.18,3.05,Returning,Credit Card
ORD-29569,CUST-11828,SESS-34569,CART-31569,2025-12-02,484.18,215.74,29.64,Fashion,1,Shipped,Web,East,P-614,SKU-8,484.18,19.05,38.73,New,Debit Card
ORD-29570,CUST-11829,SESS-34570,CART-31570,2023-06-26,343.64,157.92,37.51,  fashion  ,5,Completed,Web,West,P-160,SKU-4298,68.73,15.63,27.49,New,Debit Card
ORD-29571,CUST-11829,SESS-34571,CART-31571,2024-08-23,189.59,84.87,2.83,Sports,5,Completed,Social Media,North,P-879,SKU-3053,37.92,8.29,15.17,Returning,Credit Card
ORD-29572,CUST-11829,SESS-34572,CART-31572,2025-08-25,207.35,97.43,14.66,Home,1,Shipped,Web,West,P-660,SKU-4711,207.35,11.09,16.59,VIP,Crypto
ORD-29573,CUST-11830,SESS-34573,CART-31573,2025-11-11,211.64,117.73,16.95,Fashion,3,Cancelled,Web,South,P-158,SKU-1458,70.55,12.14,16.93,VIP,Credit Card
ORD-29574,CUST-11830,SESS-34574,CART-31574,2023-08-11,287.28,164.67,47.96,Beauty,5,Shipped,Affiliate,South,P-468,SKU-302,57.46,7.31,22.98,Returning,Crypto
ORD-29575,CUST-11831,SESS-34575,CART-31575,2024-06-15,NULL,177.48,28.13,Electronics,1,Completed,Social Media,North,P-637,SKU-450,342.80,4.62,27.42,VIP,Credit Card
ORD-29576,CUST-11831,SESS-34576,CART-31576,1676076310483,508.62,276.87,16.32,Electronics,NULL,Pending,Web,North,P-474,SKU-2376,127.15,18.69,40.69,New,Credit Card
ORD-29577,CUST-11831,SESS-34577,CART-31577,2025-02-11,365.79,121.12,6.14,  sports  ,3,Returned,Mobile App,North,P-38,SKU-434,121.93,18.82,29.26,New,PayPal
ORD-29578,CUST-11832,SESS-34578,CART-31578,2025-10-21,215.51,114.11,11.64,Sports,1,Completed,Web,International,P-572,SKU-654,215.51,4.85,17.24,VIP,Debit Card
ORD-29579,CUST-11832,SESS-34579,CART-31579,11/24/2024,193.79,62.71,36.60,Beauty,1,Pending,Mobile App,East,P-142,SKU-951,193.79,14.57,15.50,Returning,PayPal
ORD-29580,CUST-11833,SESS-34580,CART-31580,2023-11-02,480.90,186.38,41.91,Fashion,2,Completed,Web,East,P-173,SKU-2039,240.45,12.87,38.47,New,Debit Card
ORD-29581,CUST-11833,SESS-34581,CART-31581,2025-12-24,174.25,84.75,33.38,Fashion,3,Returned,Mobile App,North,P-116,SKU-4749,58.08,14.19,13.94,VIP,Crypto
ORD-29582,CUST-11833,SESS-34582,CART-31582,2024-09-12,266.10,108.72,12.52,Beauty,4,Returned,Web,East,P-134,SKU-4041,66.53,10.61,21.29,Returning,Debit Card
ORD-29583,CUST-11834,SESS-34583,CART-31583,2023-10-26,382.34,128.00,16.71,Electronics,1,Pending,Mobile App,East,P-136,SKU-3547,382.34,5.55,30.59,New,Crypto
ORD-29584,CUST-11834,SESS-34584,CART-31584,2024-06-17,152.95,66.75,34.42,Sports,1,Cancelled,Affiliate,West,P-599,SKU-2543,152.95,12.05,12.24,Returning,Crypto
ORD-29585,CUST-11835,SESS-34585,CART-31585,2023-03-26,398.57,198.09,6.36,Beauty,1,Completed,Mobile App,East,P-578,SKU-2093,398.57,10.29,31.89,VIP,Crypto
ORD-29586,CUST-11835,SESS-34586,CART-31586,2025-05-03,249.53,141.49,31.04,Sports,4,Cancelled,Mobile App,East,P-464,SKU-1282,62.38,9.93,19.96,New,Crypto
ORD-29587,CUST-11835,SESS-34587,CART-31587,2025-06-19,313.21,101.83,24.43,Beauty,3,Completed,Affiliate,East,P-720,SKU-2584,104.40,19.77,25.06,New,Crypto
ORD-29588,CUST-11836,SESS-34588,CART-31588,2023-07-24,346.36,163.55,28.47,Beauty,3,Cancelled,Mobile App,East,P-628,SKU-4562,115.45,19.23,27.71,New,PayPal
ORD-29589,CUST-11836,SESS-34589,CART-31589,2023-12-02,431.45,156.32,15.20,Electronics,2,Returned,Social Media,South,P-707,SKU-1889,215.72,10.11,34.52,New,Crypto
ORD-29590,CUST-11837,SESS-34590,CART-31590,7/29/2023,240.87,120.00,34.42,Fashion,3,Pending,Social Media,International,P-521,SKU-4074,80.29,14.24,19.27,Returning,Crypto
ORD-29591,CUST-11837,SESS-34591,CART-31591,2024-09-18,113.56,66.38,2.16,Beauty,4,Shipped,Mobile App,South,P-620,SKU-945,28.39,10.16,9.08,VIP,Crypto
ORD-29592,CUST-11837,SESS-34592,CART-31592,2023-04-26,498.12,206.13,31.53,Electronics,4,Returned,Affiliate,International,P-607,SKU-901,124.53,11.02,39.85,Returning,Crypto
ORD-29593,CUST-11838,SESS-34593,CART-31593,2024-11-07,159.35,72.59,28.21,Fashion,5,Returned,Mobile App,South,P-624,SKU-4789,31.87,6.75,12.75,New,Credit Card
ORD-29594,CUST-11838,SESS-34594,CART-31594,2023-11-21,203.60,109.34,46.18,Sports,5,Shipped,Social Media,West,P-669,SKU-2772,40.72,8.78,16.29,VIP,Credit Card
ORD-29595,CUST-11839,SESS-34595,CART-31595,2023-05-07,112.40,34.40,13.98,Home,5,Pending,Social Media,International,P-415,SKU-4405,22.48,9.92,8.99,Returning,PayPal
ORD-29596,CUST-11839,SESS-34596,CART-31596,2023-05-17,231.36,73.56,4.77,Home,2,Completed,Social Media,West,P-537,SKU-1270,115.68,6.06,18.51,New,Credit Card
ORD-29597,CUST-11839,SESS-34597,CART-31597,2024-03-04,125.15,46.98,43.51,Fashion,4,Shipped,Affiliate,East,P-224,SKU-1659,31.29,10.78,10.01,VIP,Credit Card
ORD-29598,CUST-11840,SESS-34598,CART-31598,2025-06-17,68.67,31.28,27.82,Fashion,5,Cancelled,Social Media,South,P-208,SKU-7,13.73,9.09,5.49,New,PayPal
ORD-29599,CUST-11840,SESS-34599,CART-31599,2024-08-17,192.47,88.20,32.10,Sports,5,Returned,Web,West,P-928,SKU-245,38.49,4.81,15.40,New,PayPal
ORD-29600,CUST-11841,SESS-34600,CART-31600,2023-08-18,54.71,32.62,44.60,Beauty,5,Completed,Mobile App,North,P-232,SKU-4722,10.94,1.55,4.38,Returning,PayPal
ORD-29601,CUST-11841,SESS-34601,CART-31601,2023-08-17,332.35,142.43,30.54,Fashion,1,Pending,Web,International,P-682,SKU-3043,332.35,1.59,26.59,New,Debit Card
ORD-29602,CUST-11841,SESS-34602,CART-31602,2024-09-20,505.68,157.21,6.91,Home,4,Shipped,Social Media,East,P-715,SKU-4020,126.42,2.68,40.45,New,Credit Card
ORD-29603,CUST-11842,SESS-34603,CART-31603,2024-03-17,75.43,31.96,31.74,Home,4,Cancelled,Social Media,International,P-16,SKU-2693,18.86,10.62,6.03,Returning,PayPal
ORD-29604,CUST-11842,SESS-34604,CART-31604,2023-06-21,78.57,45.22,14.06,Home,2,Shipped,Mobile App,East,P-344,SKU-1246,39.29,12.21,6.29,New,PayPal
ORD-29605,CUST-11843,SESS-34605,CART-31605,2024-12-22,347.62,167.26,32.51,Fashion,1,Shipped,Affiliate,North,P-859,SKU-4041,347.62,3.95,27.81,New,PayPal
ORD-29606,CUST-11843,SESS-34606,CART-31606,2025-07-27,339.23,142.75,31.23,Electronics,1,Completed,Affiliate,East,P-523,SKU-247,339.23,18.64,27.14,VIP,PayPal
ORD-29607,CUST-11843,SESS-34607,CART-31607,2023-10-23,50.19,16.44,32.51,Beauty,4,Returned,Social Media,North,P-828,SKU-1044,12.55,17.95,4.02,New,Credit Card
ORD-29608,CUST-11844,SESS-34608,CART-31608,2024-09-05,495.15,267.45,46.40,Electronics,4,Cancelled,Web,International,P-455,SKU-86,123.79,9.83,39.61,New,PayPal
ORD-29609,CUST-11844,SESS-34609,CART-31609,2024-01-12,74.08,29.02,2.75,Sports,4,Pending,Affiliate,East,P-342,SKU-2529,18.52,15.80,5.93,Returning,Crypto
ORD-29610,CUST-11845,SESS-34610,CART-31610,2023-06-28,220.93,108.86,26.21,,5,Pending,Social Media,International,P-748,SKU-1680,44.19,4.96,17.67,New,Crypto
ORD-29611,CUST-11845,SESS-34611,CART-31611,2023-12-07,244.61,82.75,17.56,Electronics,4,Pending,Social Media,North,P-149,SKU-3131,61.15,5.18,19.57,Returning,PayPal
ORD-29612,CUST-11845,SESS-34612,CART-31612,2025-12-20,273.86,106.71,16.90,Sports,1,Returned,Social Media,North,P-479,SKU-181,273.86,15.68,21.91,Returning,Debit Card
ORD-29613,CUST-11846,SESS-34613,CART-31613,2023-08-21,350.29,190.58,30.69,Home,5,Shipped,Web,West,P-759,SKU-129,70.06,1.80,28.02,Returning,Credit Card
ORD-29614,CUST-11846,SESS-34614,CART-31614,2025-09-20,150.49,47.55,36.81,Fashion,3,Shipped,Social Media,North,P-566,SKU-3269,50.16,12.87,12.04,VIP,Debit Card
ORD-29615,CUST-11847,SESS-34615,CART-31615,2026-01-28,332.87,185.08,1.71,Beauty,1,Cancelled,Web,South,P-239,SKU-4336,332.87,9.78,26.63,VIP,Crypto
ORD-29616,CUST-11847,SESS-34616,CART-31616,3/13/2023,  318.92  ,189.30,4.65,Sports,2,Cancelled,Mobile App,South,P-706,SKU-556,159.46,11.66,25.51,New,Debit Card
ORD-29617,CUST-11847,SESS-34617,CART-31617,2025-10-03,111.28,42.63,17.48,Beauty,3,Pending,Affiliate,West,P-702,SKU-1641,37.09,8.67,8.90,New,Credit Card
ORD-29618,CUST-11848,SESS-34618,CART-31618,2024-11-02,266.77,95.68,18.67,Sports,,Shipped,Mobile App,East,P-937,SKU-4496,266.77,5.93,21.34,Returning,Debit Card
ORD-29619,CUST-11848,SESS-34619,CART-31619,2025-11-23,30.91,18.29,22.47,Beauty,4,Pending,Affiliate,North,P-331,SKU-353,7.73,0.25,2.47,Returning,Crypto
ORD-29620,CUST-11849,SESS-34620,CART-31620,2024-01-21,126.72,72.76,17.77,Fashion,1,Shipped,Affiliate,East,P-893,SKU-2887,126.72,8.44,10.14,VIP,PayPal
ORD-29621,CUST-11849,SESS-34621,CART-31621,1713599517473,201.15,118.21,31.86,Electronics,4,Returned,Social Media,South,P-901,SKU-103,50.29,15.20,16.09,VIP,Debit Card
ORD-29622,CUST-11849,SESS-34622,CART-31622,2023-11-06,169.53,74.56,27.77,,1,Cancelled,Web,West,P-126,SKU-3316,169.53,11.68,13.56,VIP,Crypto
ORD-29623,CUST-11850,SESS-34623,CART-31623,2024-01-17,456.67,140.84,16.13,Electronics,4,Completed,Web,South,P-656,SKU-1413,114.17,4.22,36.53,Returning,Crypto
ORD-29624,CUST-11850,SESS-34624,CART-31624,2024-11-13,89.40,28.92,33.73,Home,4,Cancelled,Social Media,South,P-738,SKU-2834,22.35,17.75,7.15,Returning,Debit Card
ORD-29625,CUST-11851,SESS-34625,CART-31625,2023-10-14,71.90,22.10,45.93,  sports  ,5,Pending,Social Media,International,P-819,SKU-4516,14.38,9.15,5.75,New,Credit Card
ORD-29626,CUST-11851,SESS-34626,CART-31626,2023-09-12,32.87,17.87,29.53,Fashion,3,Cancelled,Social Media,North,P-131,SKU-4481,10.96,9.87,2.63,New,Crypto
ORD-29627,CUST-11851,SESS-34627,CART-31627,2026-01-21,475.76,202.30,29.77,Sports,4,Returned,Social Media,International,P-488,SKU-4060,118.94,2.19,38.06,VIP,Credit Card
ORD-29628,CUST-11852,SESS-34628,CART-31628,2024-11-04,326.48,133.53,5.96,Home,4,Returned,Web,West,P-113,SKU-1331,81.62,7.69,26.12,New,Debit Card
ORD-29629,CUST-11852,SESS-34629,CART-31629,2025-08-21,190.20,99.12,47.73,Fashion,3,Shipped,Social Media,International,P-944,SKU-4391,63.40,6.70,15.22,New,Credit Card
ORD-29630,CUST-11853,SESS-34630,CART-31630,2025-06-03,79.83,42.15,44.05,Beauty,2,Shipped,Mobile App,North,P-968,SKU-1723,39.91,18.00,6.39,Returning,PayPal
ORD-29631,CUST-11853,SESS-34631,CART-31631,1730935912896,45.90,15.97,35.98,Electronics,1,Completed,Mobile App,North,P-212,SKU-510,45.90,15.16,3.67,New,Debit Card
ORD-29632,CUST-11853,SESS-34632,CART-31632,2025-09-27,504.63,202.90,38.60,Electronics,5,Shipped,Mobile App,South,P-456,SKU-1129,100.93,9.79,40.37,New,Crypto
ORD-29633,CUST-11854,SESS-34633,CART-31633,2024-09-12,180.68,105.35,40.48,Sports,5,Returned,Mobile App,North,P-387,SKU-836,36.14,13.83,14.45,Returning,Debit Card
ORD-29634,CUST-11854,SESS-34634,CART-31634,2025-03-05,357.37,181.96,22.99,Sports,2,Cancelled,Web,International,P-2,SKU-2028,178.69,7.82,28.59,Returning,Crypto
ORD-29635,CUST-11855,SESS-34635,CART-31635,2025-03-06,223.44,75.18,8.29,Fashion,5,Returned,Mobile App,South,P-402,SKU-3488,44.69,14.02,17.88,Returning,Crypto
ORD-29636,CUST-11855,SESS-34636,CART-31636,2024-02-12,314.13,155.68,23.97,Beauty,2,Completed,Social Media,North,P-721,SKU-1383,157.07,15.57,25.13,New,Crypto
ORD-29637,CUST-11855,SESS-34637,CART-31637,2/3/2025,267.90,128.31,19.26,,4,Completed,Social Media,East,P-364,SKU-2824,66.97,19.52,21.43,VIP,Crypto
ORD-29638,CUST-11856,SESS-34638,CART-31638,2024-05-02,362.37,157.12,27.23,Home,4,Cancelled,Affiliate,South,P-322,SKU-1142,90.59,12.22,28.99,VIP,PayPal
ORD-29639,CUST-11856,SESS-34639,CART-31639,2026-01-07,432.67,133.26,17.00,Fashion,2,Pending,Mobile App,North,P-873,SKU-513,216.34,10.59,34.61,VIP,Crypto
ORD-29640,CUST-11857,SESS-34640,CART-31640,2024-04-01,348.48,158.20,0.69,Electronics,3,Shipped,Web,South,P-972,SKU-945,116.16,7.01,27.88,New,PayPal
ORD-29641,CUST-11857,SESS-34641,CART-31641,2026-01-25,307.33,154.42,14.52,Electronics,4,Completed,Mobile App,West,P-960,SKU-1698,76.83,10.90,24.59,Returning,PayPal
ORD-29642,CUST-11857,SESS-34642,CART-31642,2023-08-13,98.02,38.49,3.97,Home,4,Shipped,Web,North,P-467,SKU-4732,24.50,18.66,7.84,Returning,Credit Card
ORD-29643,CUST-11858,SESS-34643,CART-31643,2024-07-08,501.13,176.06,47.59,Sports,5,Shipped,Affiliate,West,P-772,SKU-4573,100.23,4.73,40.09,Returning,PayPal
ORD-29644,CUST-11858,SESS-34644,CART-31644,2025-02-13,148.23,67.79,14.27,Fashion,4,Completed,Affiliate,South,P-212,SKU-3435,37.06,4.83,11.86,New,Credit Card
ORD-29645,CUST-11859,SESS-34645,CART-31645,1719882026538,145.55,75.78,11.12,Sports,3,Cancelled,Web,South,P-906,SKU-4561,48.52,14.30,11.64,New,Credit Card
ORD-29646,CUST-11859,SESS-34646,CART-31646,2025-12-11,312.23,109.00,4.75,Electronics,1,Returned,Mobile App,North,P-239,SKU-1290,312.23,17.60,24.98,Returning,Credit Card
ORD-29647,CUST-11859,SESS-34647,CART-31647,2025-05-12,169.26,66.81,3.34,Fashion,3,Cancelled,Web,South,P-492,SKU-2130,56.42,7.01,13.54,VIP,Credit Card
ORD-29648,CUST-11860,SESS-34648,CART-31648,2023-04-20,383.16,204.99,38.40,Home,5,Cancelled,Mobile App,East,P-961,SKU-2569,76.63,6.41,30.65,VIP,PayPal
ORD-29649,CUST-11860,SESS-34649,CART-31649,2024-03-17,406.78,154.26,25.54,Electronics,1,Cancelled,Web,South,P-433,SKU-2379,406.78,8.11,32.54,VIP,PayPal
ORD-29650,CUST-11861,SESS-34650,CART-31650,2023-10-29,352.29,193.32,32.88,Beauty,2,Pending,Affiliate,International,P-86,SKU-1434,176.15,8.19,28.18,Returning,PayPal
ORD-29651,CUST-11861,SESS-34651,CART-31651,2024-12-31,129.86,55.08,45.34,Home,4,Cancelled,Affiliate,North,P-230,SKU-4854,32.47,0.50,10.39,New,Credit Card
ORD-29652,CUST-11861,SESS-34652,CART-31652,2024-08-17,331.63,118.91,28.21,Home,4,Cancelled,Web,International,P-207,SKU-1985,82.91,3.54,26.53,Returning,PayPal
ORD-29653,CUST-11862,SESS-34653,CART-31653,2023-12-09,169.44,84.00,31.59,Fashion,3,Shipped,Affiliate,International,P-877,SKU-4704,56.48,7.54,13.55,VIP,Credit Card
ORD-29654,CUST-11862,SESS-34654,CART-31654,2023-01-20,170.29,61.27,2.48,Fashion,5,Cancelled,Affiliate,South,P-567,SKU-3749,34.06,19.09,13.62,VIP,PayPal
ORD-29655,CUST-11863,SESS-34655,CART-31655,2023-02-26,371.22,184.35,4.84,Sports,2,Pending,Affiliate,South,P-894,SKU-2188,185.61,5.76,29.70,VIP,PayPal
ORD-29656,CUST-11863,SESS-34656,CART-31656,2023-01-06,60.47,33.90,48.41,Beauty,3,Cancelled,Social Media,West,P-603,SKU-3628,20.16,18.52,4.84,VIP,Credit Card
ORD-29657,CUST-11863,SESS-34657,CART-31657,2024-07-20,93.78,52.65,12.55,Electronics,2,Returned,Social Media,South,P-403,SKU-1173,46.89,2.96,7.50,New,Debit Card
ORD-29658,CUST-11864,SESS-34658,CART-31658,2025-05-07,23.91,10.88,33.13,Beauty,1,Shipped,Affiliate,West,P-864,SKU-327,23.91,11.35,1.91,VIP,Debit Card
ORD-29659,CUST-11864,SESS-34659,CART-31659,2024-12-27,156.76,77.68,45.16,Home,1,Pending,Mobile App,International,P-461,SKU-1398,156.76,2.44,12.54,VIP,Crypto
ORD-29660,CUST-11865,SESS-34660,CART-31660,2025-10-03,219.25,126.62,19.75,Electronics,4,Cancelled,Web,International,P-201,SKU-2401,54.81,10.13,17.54,VIP,Credit Card
ORD-29661,CUST-11865,SESS-34661,CART-31661,2024-05-25,215.08,74.96,44.09,Sports,3,Shipped,Affiliate,South,P-939,SKU-4357,71.69,8.79,17.21,VIP,PayPal
ORD-29662,CUST-11865,SESS-34662,CART-31662,2025-12-02,277.38,137.37,24.35,Electronics,2,Cancelled,Affiliate,East,P-879,SKU-4065,138.69,1.86,22.19,New,Debit Card
ORD-29663,CUST-11866,SESS-34663,CART-31663,2023-11-05,127.62,58.73,44.02,Sports,2,Completed,Mobile App,West,P-304,SKU-2167,63.81,10.75,10.21,New,Credit Card
ORD-29664,CUST-11866,SESS-34664,CART-31664,2025-06-22,105.20,36.29,5.27,  sports  ,1,Returned,Social Media,North,P-38,SKU-536,105.20,8.07,8.42,VIP,Debit Card
ORD-29665,CUST-11867,SESS-34665,CART-31665,2023-07-18,431.72,133.41,34.58,Beauty,3,Cancelled,Mobile App,North,P-48,SKU-83,143.91,2.16,34.54,New,Debit Card
ORD-29666,CUST-11867,SESS-34666,CART-31666,2025-05-10,412.85,166.78,32.27,Sports,3,Shipped,Mobile App,International,P-869,SKU-3073,137.62,14.46,33.03,VIP,Crypto
ORD-29667,CUST-11867,SESS-34667,CART-31667,2025-11-11,  145.06  ,73.41,22.61,Electronics,2,Cancelled,Social Media,West,P-781,SKU-1382,72.53,18.73,11.60,New,Debit Card
ORD-29668,CUST-11868,SESS-34668,CART-31668,2025-04-22,307.34,151.65,27.32,Sports,4,Pending,Web,South,P-824,SKU-4887,76.84,13.96,24.59,VIP,Crypto
ORD-29669,CUST-11868,SESS-34669,CART-31669,2025-05-26,416.44,221.74,38.69,Fashion,1,Cancelled,Web,South,P-201,SKU-2220,416.44,2.36,33.32,New,Debit Card
ORD-29670,CUST-11869,SESS-34670,CART-31670,2024-01-05,495.88,282.73,41.71,Beauty,3,Pending,Social Media,West,P-774,SKU-4581,165.29,2.05,39.67,New,Debit Card
ORD-29671,CUST-11869,SESS-34671,CART-31671,2025-05-24,119.17,60.17,31.96,Beauty,5,Shipped,Social Media,South,P-126,SKU-596,23.83,3.45,9.53,New,PayPal
ORD-29672,CUST-11869,SESS-34672,CART-31672,2025-06-24,481.16,260.45,35.43,Sports,1,Pending,Social Media,International,P-457,SKU-2122,481.16,10.06,38.49,New,Crypto
ORD-29673,CUST-11870,SESS-34673,CART-31673,2/2/2026,235.74,139.75,34.34,Electronics,4,Returned,Social Media,West,P-820,SKU-4207,58.93,17.04,18.86,New,Debit Card
ORD-29674,CUST-11870,SESS-34674,CART-31674,2025-08-12,91.58,43.58,13.92,  electronics  ,5,Pending,Mobile App,East,P-519,SKU-172,18.32,1.51,7.33,VIP,Debit Card
ORD-29675,CUST-11871,SESS-34675,CART-31675,2025-05-27,424.98,244.94,45.66,Beauty,5,Cancelled,Social Media,West,P-20,SKU-2956,85.00,7.39,34.00,VIP,Crypto
ORD-29676,CUST-11871,SESS-34676,CART-31676,2026-02-10,297.03,147.37,2.64,Sports,3,Shipped,Affiliate,North,P-146,SKU-415,99.01,3.55,23.76,Returning,Debit Card
ORD-29677,CUST-11871,SESS-34677,CART-31677,2024-02-08,148.72,72.92,35.85,Fashion,4,Shipped,Social Media,North,P-706,SKU-139,37.18,18.54,11.90,VIP,Crypto
ORD-29678,CUST-11872,SESS-34678,CART-31678,2025-07-06,27.62,9.18,41.96,Home,2,Returned,Social Media,East,P-660,SKU-905,13.81,12.30,2.21,VIP,Debit Card
ORD-29679,CUST-11872,SESS-34679,CART-31679,2025-04-18,  44.17  ,21.06,19.81,Electronics,4,Shipped,Mobile App,South,P-832,SKU-1317,11.04,5.49,3.53,VIP,Credit Card
ORD-29680,CUST-11873,SESS-34680,CART-31680,2023-04-14,316.58,96.40,3.63,Electronics,2,Pending,Mobile App,North,P-328,SKU-4934,158.29,2.90,25.33,Returning,Credit Card
ORD-29681,CUST-11873,SESS-34681,CART-31681,2024-06-30,428.43,213.28,28.42,Electronics,2,Pending,Web,International,P-384,SKU-1630,214.22,4.31,34.27,VIP,Crypto
ORD-29682,CUST-11873,SESS-34682,CART-31682,2024-05-31,364.29,170.55,21.79,Beauty,2,Cancelled,Social Media,West,P-279,SKU-2923,182.15,12.95,29.14,New,PayPal
ORD-29683,CUST-11874,SESS-34683,CART-31683,2025-06-09,501.37,271.12,34.66,Sports,3,Pending,Web,International,P-452,SKU-40,167.12,1.30,40.11,New,Debit Card
ORD-29684,CUST-11874,SESS-34684,CART-31684,2023-08-10,370.57,149.07,8.44,Electronics,5,Cancelled,Social Media,West,P-917,SKU-837,74.11,2.59,29.65,VIP,Crypto
ORD-29685,CUST-11875,SESS-34685,CART-31685,2025-07-20,  432.38  ,224.10,5.86,Sports,5,Shipped,Mobile App,West,P-441,SKU-1355,86.48,13.50,34.59,Returning,Crypto
ORD-29686,CUST-11875,SESS-34686,CART-31686,2/25/2023,449.34,224.52,25.25,  home  ,1,Completed,Affiliate,North,P-236,SKU-4170,449.34,8.58,35.95,Returning,Credit Card
ORD-29687,CUST-11875,SESS-34687,CART-31687,1687546894605,340.41,198.71,31.76,Electronics,1,Shipped,Social Media,International,P-80,SKU-3935,340.41,16.62,27.23,VIP,Crypto
ORD-29688,CUST-11876,SESS-34688,CART-31688,2024-02-04,195.10,115.66,38.01,Sports,5,Cancelled,Affiliate,North,P-336,SKU-2041,39.02,18.41,15.61,VIP,PayPal
ORD-29689,CUST-11876,SESS-34689,CART-31689,8/13/2023,84.54,41.37,29.13,Sports,3,Cancelled,Affiliate,West,P-650,SKU-2323,28.18,18.23,6.76,New,Credit Card
ORD-29690,CUST-11877,SESS-34690,CART-31690,2025-04-05,112.89,62.03,29.37,Home,3,Completed,Web,South,P-922,SKU-1471,37.63,12.49,9.03,VIP,Debit Card
ORD-29691,CUST-11877,SESS-34691,CART-31691,1707091287207,61.44,24.44,34.31,Electronics,2,Shipped,Mobile App,West,P-308,SKU-1641,30.72,4.01,4.91,VIP,Credit Card
ORD-29692,CUST-11877,SESS-34692,CART-31692,2025-04-16,173.16,56.30,28.60,Home,5,Pending,Web,South,P-567,SKU-1191,34.63,9.76,13.85,New,Crypto
ORD-29693,CUST-11878,SESS-34693,CART-31693,2024-01-10,468.78,146.46,23.41,Home,3,Pending,Mobile App,West,P-310,SKU-4884,156.26,18.52,37.50,Returning,Debit Card
ORD-29694,CUST-11878,SESS-34694,CART-31694,2025-06-18,153.24,87.02,42.02,Home,3,Pending,Affiliate,East,P-22,SKU-4256,51.08,13.19,12.26,VIP,PayPal
ORD-29695,CUST-11879,SESS-34695,CART-31695,2023-12-26,205.62,101.94,36.33,Fashion,4,Shipped,Affiliate,East,P-526,SKU-772,51.41,5.39,16.45,VIP,PayPal
ORD-29696,CUST-11879,SESS-34696,CART-31696,2024-03-01,NULL,10.37,47.03,Sports,5,Pending,Social Media,International,P-172,SKU-2993,3.73,18.22,1.49,VIP,Crypto
ORD-29697,CUST-11879,SESS-34697,CART-31697,2026-03-11,357.83,170.12,20.54,Electronics,1,Returned,Mobile App,North,P-813,SKU-1652,357.83,7.99,28.63,New,Crypto
ORD-29698,CUST-11880,SESS-34698,CART-31698,2024-05-09,72.67,24.91,30.39,Electronics,1,Returned,Social Media,South,P-566,SKU-3641,72.67,6.20,5.81,Returning,Debit Card
ORD-29699,CUST-11880,SESS-34699,CART-31699,2024-03-14,478.46,258.97,23.77,,1,Shipped,Web,East,P-10,SKU-3369,478.46,16.21,38.28,VIP,Credit Card
ORD-29700,CUST-11881,SESS-34700,CART-31700,2024-03-08,,111.17,26.86,Fashion,5,Cancelled,Social Media,International,P-61,SKU-1293,57.98,11.03,23.19,VIP,Debit Card
ORD-29701,CUST-11881,SESS-34701,CART-31701,2025-02-17,218.42,96.66,17.10,Fashion,4,Shipped,Affiliate,East,P-942,SKU-3175,54.61,14.23,17.47,Returning,Debit Card
ORD-29702,CUST-11881,SESS-34702,CART-31702,2025-04-21,,62.38,8.68,Electronics,1,Completed,Web,International,P-995,SKU-365,106.98,6.25,8.56,Returning,Debit Card
ORD-29703,CUST-11882,SESS-34703,CART-31703,2025-10-24,271.81,99.12,18.04,Fashion,1,Completed,Social Media,International,P-698,SKU-4931,271.81,14.63,21.74,VIP,PayPal
ORD-29704,CUST-11882,SESS-34704,CART-31704,2024-09-30,137.91,52.94,32.23,Beauty,5,Returned,Social Media,West,P-646,SKU-615,27.58,13.28,11.03,Returning,Debit Card
ORD-29705,CUST-11883,SESS-34705,CART-31705,2025-08-27,237.96,121.79,17.38,Sports,3,Cancelled,Affiliate,International,P-848,SKU-324,79.32,6.06,19.04,New,Crypto
ORD-29706,CUST-11883,SESS-34706,CART-31706,2023-08-17,478.78,174.07,33.66,Fashion,1,Shipped,Web,North,P-361,SKU-523,478.78,19.72,38.30,Returning,Debit Card
ORD-29707,CUST-11883,SESS-34707,CART-31707,2025-12-04,293.74,106.70,36.67,Sports,5,Completed,Mobile App,West,P-829,SKU-4142,58.75,5.52,23.50,VIP,Credit Card
ORD-29708,CUST-11884,SESS-34708,CART-31708,2024-12-03,361.63,198.14,13.42,Electronics,4,Shipped,Mobile App,International,P-12,SKU-2486,90.41,0.08,28.93,New,Debit Card
ORD-29709,CUST-11884,SESS-34709,CART-31709,2025-03-15,172.08,74.48,16.78,Home,1,Completed,Social Media,East,P-248,SKU-737,172.08,11.90,13.77,Returning,Debit Card
ORD-29710,CUST-11885,SESS-34710,CART-31710,2023-03-08,54.49,32.28,40.11,Home,2,Completed,Affiliate,International,P-665,SKU-3610,27.24,8.60,4.36,Returning,Debit Card
ORD-29711,CUST-11885,SESS-34711,CART-31711,2024-06-27,255.24,127.38,28.81,Sports,1,Pending,Affiliate,South,P-952,SKU-1539,255.24,13.16,20.42,VIP,Debit Card
ORD-29712,CUST-11885,SESS-34712,CART-31712,9/23/2024,NULL,104.99,4.41,Sports,3,Completed,Affiliate,West,P-130,SKU-4216,95.88,3.49,23.01,VIP,Debit Card
ORD-29713,CUST-11886,SESS-34713,CART-31713,2023-01-06,443.82,135.55,34.14,Fashion,5,Shipped,Social Media,West,P-529,SKU-3495,88.76,8.02,35.51,Returning,Crypto
ORD-29714,CUST-11886,SESS-34714,CART-31714,2024-06-22,381.39,136.17,23.12,Sports,5,Completed,Affiliate,West,P-140,SKU-4212,76.28,17.94,30.51,New,Credit Card
ORD-29715,CUST-11887,SESS-34715,CART-31715,2025-08-26,374.09,185.07,30.46,Electronics,5,Pending,Social Media,East,P-96,SKU-244,74.82,0.55,29.93,New,Crypto
ORD-29716,CUST-11887,SESS-34716,CART-31716,2024-07-18,439.87,218.31,4.51,  fashion  ,5,Pending,Web,International,P-561,SKU-4017,87.97,8.04,35.19,VIP,PayPal
ORD-29717,CUST-11887,SESS-34717,CART-31717,2023-04-17,82.55,39.82,6.22,Electronics,,Cancelled,Affiliate,West,P-333,SKU-3530,82.55,6.66,6.60,Returning,Debit Card
ORD-29718,CUST-11888,SESS-34718,CART-31718,2023-01-07,39.86,16.55,14.01,Sports,2,Completed,Social Media,North,P-615,SKU-1630,19.93,19.34,3.19,New,Debit Card
ORD-29719,CUST-11888,SESS-34719,CART-31719,2024-02-21,385.62,170.86,37.24,Home,5,Pending,Affiliate,West,P-771,SKU-4499,77.12,8.49,30.85,VIP,Debit Card
ORD-29720,CUST-11889,SESS-34720,CART-31720,2023-10-04,419.46,137.14,23.34,Sports,1,Pending,Social Media,International,P-69,SKU-2283,419.46,7.70,33.56,Returning,Debit Card
ORD-29721,CUST-11889,SESS-34721,CART-31721,2024-10-27,443.00,256.59,6.30,Electronics,3,Cancelled,Social Media,South,P-576,SKU-4627,147.67,15.85,35.44,New,Crypto
ORD-29722,CUST-11889,SESS-34722,CART-31722,2023-06-07,63.33,31.87,39.53,Home,1,Pending,Affiliate,East,P-96,SKU-1803,63.33,6.42,5.07,Returning,Credit Card
ORD-29723,CUST-11890,SESS-34723,CART-31723,2025-12-17,291.38,93.74,10.50,Fashion,2,Shipped,Web,North,P-849,SKU-744,145.69,3.75,23.31,VIP,Crypto
ORD-29724,CUST-11890,SESS-34724,CART-31724,2023-10-25,94.18,41.39,8.58,Home,3,Completed,Mobile App,East,P-766,SKU-1060,31.39,15.99,7.53,New,Crypto
ORD-29725,CUST-11891,SESS-34725,CART-31725,2023-04-09,169.75,64.85,2.49,Beauty,2,Completed,Mobile App,West,P-964,SKU-4233,84.88,15.69,13.58,New,Debit Card
ORD-29726,CUST-11891,SESS-34726,CART-31726,2025-01-16,405.88,237.17,44.28,  beauty  ,1,Returned,Affiliate,South,P-952,SKU-4220,405.88,5.31,32.47,VIP,Crypto
ORD-29727,CUST-11891,SESS-34727,CART-31727,2024-06-11,277.92,158.94,48.61,Fashion,5,Cancelled,Affiliate,North,P-685,SKU-947,55.58,0.50,22.23,Returning,Crypto
ORD-29728,CUST-11892,SESS-34728,CART-31728,2026-02-24,30.71,10.76,24.41,Electronics,4,Completed,Affiliate,International,P-390,SKU-1902,7.68,11.64,2.46,Returning,Crypto
ORD-29729,CUST-11892,SESS-34729,CART-31729,1732977999501,92.52,31.21,3.53,Fashion,1,Shipped,Web,West,P-834,SKU-508,92.52,6.35,7.40,VIP,Credit Card
ORD-29730,CUST-11893,SESS-34730,CART-31730,2023-11-01,391.40,207.96,21.73,Sports,3,Returned,Social Media,East,P-775,SKU-522,130.47,1.34,31.31,VIP,PayPal
ORD-29731,CUST-11893,SESS-34731,CART-31731,2026-01-14,271.10,100.76,17.33,Electronics,4,Pending,Social Media,West,P-515,SKU-4017,67.77,13.72,21.69,Returning,Credit Card
ORD-29732,CUST-11893,SESS-34732,CART-31732,2025-01-18,205.91,69.25,37.77,Sports,1,Completed,Mobile App,East,P-136,SKU-1792,205.91,14.74,16.47,Returning,Debit Card
ORD-29733,CUST-11894,SESS-34733,CART-31733,2023-09-04,361.71,111.50,18.75,Fashion,NULL,Completed,Social Media,International,P-701,SKU-84,90.43,5.60,28.94,New,PayPal
ORD-29734,CUST-11894,SESS-34734,CART-31734,2023-11-11,221.70,79.55,8.22,Sports,2,Cancelled,Social Media,International,P-536,SKU-3592,110.85,6.93,17.74,New,Debit Card
ORD-29735,CUST-11895,SESS-34735,CART-31735,2024-11-17,269.22,126.71,48.84,  sports  ,4,Pending,Social Media,North,P-137,SKU-3982,67.30,1.82,21.54,New,Debit Card
ORD-29736,CUST-11895,SESS-34736,CART-31736,2025-11-07,331.44,115.25,7.65,Fashion,3,Cancelled,Affiliate,South,P-474,SKU-4026,110.48,3.83,26.51,VIP,Credit Card
ORD-29737,CUST-11895,SESS-34737,CART-31737,2023-08-26,143.75,60.26,5.93,Electronics,5,Cancelled,Web,International,P-773,SKU-2301,28.75,9.74,11.50,VIP,Credit Card
ORD-29738,CUST-11896,SESS-34738,CART-31738,3/31/2024,228.19,81.66,32.36,Fashion,3,Returned,Affiliate,South,P-184,SKU-3257,76.06,15.76,18.26,Returning,Debit Card
ORD-29739,CUST-11896,SESS-34739,CART-31739,2024-05-24,412.98,125.40,17.61,Sports,1,Completed,Mobile App,North,P-94,SKU-3794,412.98,5.19,33.04,VIP,Credit Card
ORD-29740,CUST-11897,SESS-34740,CART-31740,2024-09-14,196.99,111.48,23.67,Fashion,3,Cancelled,Affiliate,North,P-316,SKU-1347,65.66,14.38,15.76,VIP,Debit Card
ORD-29741,CUST-11897,SESS-34741,CART-31741,2023-01-23,  298.08  ,135.75,2.69,Home,1,Returned,Social Media,International,P-735,SKU-2223,298.08,0.72,23.85,VIP,Debit Card
ORD-29742,CUST-11897,SESS-34742,CART-31742,2025-01-31,124.19,61.68,7.10,Fashion,1,Shipped,Affiliate,South,P-109,SKU-2657,124.19,11.66,9.94,Returning,Crypto
ORD-29743,CUST-11898,SESS-34743,CART-31743,2023-08-28,260.28,96.37,0.34,Beauty,5,Pending,Affiliate,North,P-940,SKU-2626,52.06,18.79,20.82,New,Debit Card
ORD-29744,CUST-11898,SESS-34744,CART-31744,2025-01-06,118.75,50.12,10.06,Beauty,,Shipped,Social Media,South,P-205,SKU-166,59.38,15.87,9.50,New,Crypto
ORD-29745,CUST-11899,SESS-34745,CART-31745,2024-10-24,342.54,160.15,23.12,Home,2,Completed,Web,North,P-176,SKU-3365,171.27,3.85,27.40,New,Debit Card
ORD-29746,CUST-11899,SESS-34746,CART-31746,2023-05-19,301.72,94.96,16.68,Sports,4,Pending,Affiliate,West,P-456,SKU-4627,75.43,7.13,24.14,VIP,Credit Card
ORD-29747,CUST-11899,SESS-34747,CART-31747,2024-06-20,174.58,66.48,36.16,,2,Cancelled,Web,International,P-222,SKU-4818,87.29,10.88,13.97,VIP,PayPal
ORD-29748,CUST-11900,SESS-34748,CART-31748,2026-01-20,480.69,167.23,20.16,Electronics,NULL,Completed,Web,International,P-733,SKU-3528,480.69,3.82,38.46,VIP,Credit Card
ORD-29749,CUST-11900,SESS-34749,CART-31749,9/14/2025,151.79,61.61,17.60,Beauty,3,Pending,Mobile App,North,P-767,SKU-4428,50.60,1.50,12.14,New,Debit Card
ORD-29750,CUST-11901,SESS-34750,CART-31750,2024-05-24,139.98,60.31,23.48,Electronics,5,Cancelled,Mobile App,West,P-904,SKU-1702,28.00,19.37,11.20,VIP,Crypto
ORD-29751,CUST-11901,SESS-34751,CART-31751,2025-12-13,466.34,208.39,46.16,Beauty,5,Shipped,Affiliate,East,P-320,SKU-3353,93.27,1.66,37.31,Returning,Credit Card
ORD-29752,CUST-11901,SESS-34752,CART-31752,6/17/2024,343.10,123.89,47.14,Electronics,5,Returned,Web,East,P-271,SKU-1953,68.62,8.23,27.45,VIP,Crypto
ORD-29753,CUST-11902,SESS-34753,CART-31753,2023-12-23,256.88,104.35,27.11,Home,3,Completed,Mobile App,North,P-430,SKU-2072,85.63,9.30,20.55,Returning,PayPal
ORD-29754,CUST-11902,SESS-34754,CART-31754,2023-04-04,374.04,221.07,34.67,Home,,Shipped,Social Media,East,P-920,SKU-523,124.68,14.78,29.92,Returning,PayPal
ORD-29755,CUST-11903,SESS-34755,CART-31755,2023-03-02,250.18,121.86,42.78,Electronics,3,Completed,Affiliate,West,P-320,SKU-3959,83.39,11.32,20.01,VIP,PayPal
ORD-29756,CUST-11903,SESS-34756,CART-31756,1771278980965,374.45,161.52,9.93,Electronics,4,Pending,Affiliate,North,P-855,SKU-755,93.61,13.70,29.96,Returning,Credit Card
ORD-29757,CUST-11903,SESS-34757,CART-31757,2023-07-25,232.89,120.50,24.70,Fashion,5,Completed,Mobile App,International,P-134,SKU-1121,46.58,5.71,18.63,Returning,Crypto
ORD-29758,CUST-11904,SESS-34758,CART-31758,2026-01-07,64.61,38.09,47.62,Electronics,5,Shipped,Web,West,P-729,SKU-3700,12.92,3.14,5.17,VIP,Credit Card
ORD-29759,CUST-11904,SESS-34759,CART-31759,2023-11-04,236.17,103.66,14.61,Beauty,4,Returned,Mobile App,International,P-541,SKU-1786,59.04,10.52,18.89,Returning,Crypto
ORD-29760,CUST-11905,SESS-34760,CART-31760,2024-09-21,174.13,55.82,6.94,Fashion,1,Completed,Social Media,International,P-8,SKU-3519,174.13,13.82,13.93,VIP,Credit Card
ORD-29761,CUST-11905,SESS-34761,CART-31761,2025-12-28,299.15,112.84,37.24,Sports,2,Shipped,Affiliate,West,P-123,SKU-4329,149.57,4.62,23.93,VIP,Credit Card
ORD-29762,CUST-11905,SESS-34762,CART-31762,2024-08-19,129.43,51.73,22.82,Fashion,1,Shipped,Web,South,P-603,SKU-4705,129.43,7.47,10.35,New,PayPal
ORD-29763,CUST-11906,SESS-34763,CART-31763,2023-04-09,486.03,192.87,25.01,Fashion,3,Returned,Web,International,P-256,SKU-3710,162.01,0.94,38.88,VIP,PayPal
ORD-29764,CUST-11906,SESS-34764,CART-31764,2025-11-29,80.33,40.34,23.18,Fashion,2,Completed,Web,East,P-997,SKU-112,40.16,3.75,6.43,VIP,Credit Card
ORD-29765,CUST-11907,SESS-34765,CART-31765,2025-09-20,,46.73,14.80,Electronics,3,Returned,Mobile App,North,P-62,SKU-1287,27.24,19.70,6.54,VIP,Debit Card
ORD-29766,CUST-11907,SESS-34766,CART-31766,2023-11-12,278.74,159.48,16.66,Home,3,Pending,Social Media,West,P-19,SKU-639,92.91,18.68,22.30,New,PayPal
ORD-29767,CUST-11907,SESS-34767,CART-31767,2024-03-08,95.07,28.74,44.52,Home,4,Cancelled,Web,South,P-706,SKU-1384,23.77,12.84,7.61,Returning,Crypto
ORD-29768,CUST-11908,SESS-34768,CART-31768,1679093290922,134.13,42.65,35.35,Beauty,4,Completed,Mobile App,North,P-535,SKU-868,33.53,15.88,10.73,New,PayPal
ORD-29769,CUST-11908,SESS-34769,CART-31769,2023-09-04,80.88,40.60,32.22,Fashion,5,Shipped,Social Media,South,P-297,SKU-4888,16.18,11.05,6.47,VIP,Crypto
ORD-29770,CUST-11909,SESS-34770,CART-31770,2025-02-28,439.11,247.36,8.63,Home,2,Pending,Affiliate,West,P-416,SKU-4930,219.55,8.87,35.13,New,PayPal
ORD-29771,CUST-11909,SESS-34771,CART-31771,2023-07-05,69.10,39.00,34.34,Fashion,5,Pending,Web,South,P-984,SKU-3977,13.82,9.99,5.53,Returning,Debit Card
ORD-29772,CUST-11909,SESS-34772,CART-31772,2026-02-07,243.21,131.62,32.94,Sports,4,Returned,Social Media,North,P-388,SKU-1511,60.80,3.34,19.46,Returning,Debit Card
ORD-29773,CUST-11910,SESS-34773,CART-31773,2024-02-13,NULL,152.17,34.15,Electronics,3,Shipped,Web,International,P-86,SKU-3875,130.70,13.26,31.37,New,Crypto
ORD-29774,CUST-11910,SESS-34774,CART-31774,2023-10-18,28.32,13.45,15.45,Beauty,1,Returned,Affiliate,International,P-484,SKU-2317,28.32,8.09,2.27,Returning,Credit Card
ORD-29775,CUST-11911,SESS-34775,CART-31775,2023-05-17,NULL,255.09,44.10,Electronics,1,Returned,Web,International,P-358,SKU-4229,437.25,8.61,34.98,Returning,Debit Card
ORD-29776,CUST-11911,SESS-34776,CART-31776,2024-05-13,244.44,144.14,16.05,Fashion,1,Cancelled,Mobile App,North,P-487,SKU-2413,244.44,5.16,19.55,New,Credit Card
ORD-29777,CUST-11911,SESS-34777,CART-31777,2024-04-01,227.41,105.25,11.10,Beauty,1,Pending,Web,South,P-557,SKU-2406,227.41,14.96,18.19,Returning,Credit Card
ORD-29778,CUST-11912,SESS-34778,CART-31778,2025-01-16,87.26,35.70,34.06,Beauty,4,Completed,Affiliate,North,P-927,SKU-2622,21.81,16.17,6.98,VIP,Crypto
ORD-29779,CUST-11912,SESS-34779,CART-31779,2025-12-08,  21.24  ,8.24,33.92,Home,3,Completed,Mobile App,East,P-313,SKU-1692,7.08,16.82,1.70,New,PayPal
ORD-29780,CUST-11913,SESS-34780,CART-31780,2024-08-22,169.82,71.80,26.39,Home,1,Returned,Affiliate,North,P-730,SKU-470,169.82,5.81,13.59,New,Debit Card
ORD-29781,CUST-11913,SESS-34781,CART-31781,2024-05-31,35.91,19.24,5.59,Fashion,1,Cancelled,Mobile App,South,P-896,SKU-3324,35.91,13.04,2.87,Returning,Crypto
ORD-29782,CUST-11913,SESS-34782,CART-31782,2023-04-12,351.37,186.51,0.67,Sports,2,Returned,Social Media,East,P-174,SKU-1613,175.68,18.08,28.11,New,Crypto
ORD-29783,CUST-11914,SESS-34783,CART-31783,2026-03-12,467.08,211.16,7.16,Home,5,Pending,Web,South,P-647,SKU-4640,93.42,4.86,37.37,New,Credit Card
ORD-29784,CUST-11914,SESS-34784,CART-31784,2025-02-10,473.36,268.92,10.58,Home,3,Shipped,Affiliate,East,P-306,SKU-1860,157.79,16.62,37.87,Returning,Debit Card
ORD-29785,CUST-11915,SESS-34785,CART-31785,2024-04-29,96.52,53.51,43.25,,4,Pending,Web,West,P-398,SKU-3563,24.13,11.02,7.72,Returning,Crypto
ORD-29786,CUST-11915,SESS-34786,CART-31786,2023-09-16,158.19,76.13,9.54,Beauty,4,Cancelled,Social Media,East,P-929,SKU-783,39.55,13.74,12.66,New,Debit Card
ORD-29787,CUST-11915,SESS-34787,CART-31787,1773090661042,30.22,17.13,4.00,,4,Returned,Social Media,West,P-948,SKU-305,7.56,2.49,2.42,VIP,Debit Card
ORD-29788,CUST-11916,SESS-34788,CART-31788,2026-01-19,77.24,39.26,39.05,Home,1,Cancelled,Social Media,North,P-289,SKU-1936,77.24,11.04,6.18,New,PayPal
ORD-29789,CUST-11916,SESS-34789,CART-31789,2024-03-02,49.83,16.18,44.13,Sports,4,Pending,Affiliate,West,P-654,SKU-4889,12.46,13.97,3.99,New,PayPal
ORD-29790,CUST-11917,SESS-34790,CART-31790,2023-11-15,37.24,16.73,32.25,Sports,5,Shipped,Mobile App,West,P-117,SKU-1104,7.45,7.02,2.98,VIP,PayPal
ORD-29791,CUST-11917,SESS-34791,CART-31791,2023-07-14,175.42,95.07,0.49,Beauty,1,Cancelled,Social Media,International,P-481,SKU-3467,175.42,0.43,14.03,New,Crypto
ORD-29792,CUST-11917,SESS-34792,CART-31792,2024-04-16,144.82,58.51,3.80,Fashion,2,Returned,Mobile App,North,P-515,SKU-2240,72.41,18.71,11.59,New,Crypto
ORD-29793,CUST-11918,SESS-34793,CART-31793,2024-07-03,375.72,216.90,17.14,Home,3,Completed,Social Media,North,P-911,SKU-4658,125.24,13.84,30.06,VIP,PayPal
ORD-29794,CUST-11918,SESS-34794,CART-31794,2024-09-23,464.46,149.75,8.51,Electronics,1,Completed,Mobile App,South,P-42,SKU-705,464.46,14.02,37.16,New,PayPal
ORD-29795,CUST-11919,SESS-34795,CART-31795,2023-12-15,143.94,52.18,2.87,Home,1,Cancelled,Affiliate,West,P-670,SKU-40,143.94,4.11,11.52,New,Crypto
ORD-29796,CUST-11919,SESS-34796,CART-31796,2024-10-21,318.37,149.93,37.10,Electronics,5,Pending,Social Media,East,P-708,SKU-4120,63.67,2.30,25.47,VIP,Crypto
ORD-29797,CUST-11919,SESS-34797,CART-31797,2025-10-11,41.90,18.47,40.32,Fashion,4,Returned,Affiliate,North,P-665,SKU-2684,10.48,13.79,3.35,VIP,Credit Card
ORD-29798,CUST-11920,SESS-34798,CART-31798,2024-02-11,407.37,177.69,24.86,,4,Pending,Mobile App,West,P-660,SKU-834,101.84,18.95,32.59,Returning,PayPal
ORD-29799,CUST-11920,SESS-34799,CART-31799,2024-11-12,275.87,137.24,20.00,Beauty,1,Shipped,Web,International,P-744,SKU-4673,275.87,2.91,22.07,Returning,Credit Card
ORD-29800,CUST-11921,SESS-34800,CART-31800,2024-04-28,283.45,156.19,4.96,Home,2,Pending,Affiliate,South,P-829,SKU-3060,141.73,7.72,22.68,New,Credit Card
ORD-29801,CUST-11921,SESS-34801,CART-31801,1716149258390,344.52,151.15,23.17,Home,5,Shipped,Mobile App,West,P-77,SKU-3366,68.90,9.08,27.56,VIP,Credit Card
ORD-29802,CUST-11921,SESS-34802,CART-31802,2023-08-25,19.69,9.32,0.47,Home,3,Pending,Mobile App,South,P-984,SKU-652,6.56,0.66,1.58,New,Crypto
ORD-29803,CUST-11922,SESS-34803,CART-31803,2025-08-27,11.59,5.49,17.08,Fashion,4,Cancelled,Affiliate,North,P-912,SKU-3859,2.90,4.84,0.93,VIP,Crypto
ORD-29804,CUST-11922,SESS-34804,CART-31804,2024-05-24,77.26,40.40,23.41,Sports,1,Returned,Web,North,P-313,SKU-3623,77.26,1.39,6.18,Returning,Credit Card
ORD-29805,CUST-11923,SESS-34805,CART-31805,2023-01-10,414.30,182.70,19.20,Beauty,4,Returned,Social Media,South,P-66,SKU-3296,103.58,1.78,33.14,Returning,Crypto
ORD-29806,CUST-11923,SESS-34806,CART-31806,2025-12-03,148.55,55.15,33.71,Fashion,3,Pending,Social Media,International,P-444,SKU-127,49.52,3.86,11.88,VIP,Credit Card
ORD-29807,CUST-11923,SESS-34807,CART-31807,2025-01-06,111.32,66.03,43.10,Electronics,2,Shipped,Affiliate,East,P-617,SKU-2964,55.66,8.70,8.91,Returning,PayPal
ORD-29808,CUST-11924,SESS-34808,CART-31808,2023-11-04,343.72,184.16,7.63,Sports,3,Cancelled,Social Media,West,P-964,SKU-3002,114.57,14.31,27.50,New,Debit Card
ORD-29809,CUST-11924,SESS-34809,CART-31809,2025-11-22,236.49,123.12,27.43,  electronics  ,3,Returned,Social Media,International,P-289,SKU-4844,78.83,3.65,18.92,VIP,Debit Card
ORD-29810,CUST-11925,SESS-34810,CART-31810,2023-09-03,366.49,184.48,13.77,Electronics,3,Pending,Affiliate,South,P-703,SKU-4974,122.16,4.88,29.32,New,Credit Card
ORD-29811,CUST-11925,SESS-34811,CART-31811,2024-01-25,179.81,91.14,18.26,Beauty,5,Completed,Web,South,P-986,SKU-1141,35.96,6.33,14.38,VIP,Debit Card
ORD-29812,CUST-11925,SESS-34812,CART-31812,2025-10-22,112.98,49.88,49.63,Electronics,4,Returned,Affiliate,North,P-521,SKU-150,28.24,14.88,9.04,Returning,PayPal
ORD-29813,CUST-11926,SESS-34813,CART-31813,2024-06-04,113.47,49.42,46.57,Home,5,Returned,Mobile App,East,P-783,SKU-3079,22.69,13.74,9.08,New,Crypto
ORD-29814,CUST-11926,SESS-34814,CART-31814,2024-07-27,507.42,156.53,31.14,Home,4,Returned,Social Media,International,P-90,SKU-1426,126.86,3.19,40.59,Returning,Debit Card
ORD-29815,CUST-11927,SESS-34815,CART-31815,2023-06-19,459.12,250.76,9.79,Home,5,Returned,Affiliate,South,P-535,SKU-4094,91.82,4.94,36.73,New,Debit Card
ORD-29816,CUST-11927,SESS-34816,CART-31816,2023-09-20,41.06,17.11,14.49,Fashion,5,Cancelled,Mobile App,South,P-554,SKU-1430,8.21,1.26,3.28,VIP,Debit Card
ORD-29817,CUST-11927,SESS-34817,CART-31817,2024-06-01,131.70,73.87,41.15,Sports,4,Returned,Web,West,P-18,SKU-1838,32.92,13.95,10.54,VIP,Credit Card
ORD-29818,CUST-11928,SESS-34818,CART-31818,2025-09-04,239.99,136.08,24.15,Sports,3,Shipped,Social Media,South,P-165,SKU-4667,80.00,8.42,19.20,New,Debit Card
ORD-29819,CUST-11928,SESS-34819,CART-31819,1739958071864,137.50,53.10,15.90,Beauty,2,Returned,Web,International,P-443,SKU-304,68.75,8.54,11.00,Returning,Crypto
ORD-29820,CUST-11929,SESS-34820,CART-31820,1682070468736,33.04,13.20,14.85,Fashion,5,Cancelled,Social Media,West,P-997,SKU-4819,6.61,6.48,2.64,New,Crypto
ORD-29821,CUST-11929,SESS-34821,CART-31821,2025-06-10,,96.97,47.97,Electronics,3,Completed,Web,South,P-101,SKU-539,73.09,5.54,17.54,New,PayPal
ORD-29822,CUST-11929,SESS-34822,CART-31822,2023-03-22,162.69,61.04,18.34,Beauty,1,Pending,Mobile App,International,P-637,SKU-1501,162.69,3.05,13.02,Returning,Crypto
ORD-29823,CUST-11930,SESS-34823,CART-31823,2025-10-01,44.25,19.25,16.03,Sports,,Cancelled,Affiliate,North,P-244,SKU-3843,44.25,5.94,3.54,New,PayPal
ORD-29824,CUST-11930,SESS-34824,CART-31824,2023-12-18,487.01,155.93,6.37,Home,1,Pending,Mobile App,East,P-98,SKU-4403,487.01,11.99,38.96,New,PayPal
ORD-29825,CUST-11931,SESS-34825,CART-31825,2025-09-08,251.57,79.81,10.81,Electronics,2,Returned,Web,North,P-251,SKU-2282,125.78,16.11,20.13,New,Credit Card
ORD-29826,CUST-11931,SESS-34826,CART-31826,2023-07-05,448.67,178.25,24.83,Beauty,3,Completed,Affiliate,East,P-293,SKU-3691,149.56,8.14,35.89,VIP,Credit Card
ORD-29827,CUST-11931,SESS-34827,CART-31827,2025-05-30,221.48,92.99,30.87,Fashion,5,Cancelled,Affiliate,International,P-870,SKU-2045,44.30,9.64,17.72,New,PayPal
ORD-29828,CUST-11932,SESS-34828,CART-31828,2025-04-21,54.80,16.71,6.43,Beauty,3,Pending,Social Media,South,P-960,SKU-2272,18.27,3.91,4.38,VIP,Credit Card
ORD-29829,CUST-11932,SESS-34829,CART-31829,2026-02-16,268.73,83.69,26.14,Beauty,4,Returned,Mobile App,West,P-988,SKU-2484,67.18,1.44,21.50,VIP,Credit Card
ORD-29830,CUST-11933,SESS-34830,CART-31830,2026-02-17,39.41,16.35,43.30,Beauty,5,Shipped,Mobile App,West,P-313,SKU-977,7.88,0.19,3.15,Returning,Credit Card
ORD-29831,CUST-11933,SESS-34831,CART-31831,2025-04-20,428.73,131.57,13.49,Fashion,3,Pending,Web,East,P-670,SKU-2319,142.91,2.61,34.30,VIP,Crypto
ORD-29832,CUST-11933,SESS-34832,CART-31832,2025-12-14,133.44,72.12,33.31,Sports,4,Shipped,Mobile App,West,P-319,SKU-4505,33.36,17.58,10.68,Returning,Crypto
ORD-29833,CUST-11934,SESS-34833,CART-31833,2026-02-02,238.95,89.35,6.06,Beauty,3,Pending,Social Media,North,P-977,SKU-3395,79.65,17.62,19.12,New,PayPal
ORD-29834,CUST-11934,SESS-34834,CART-31834,2024-09-27,329.48,166.24,13.56,Beauty,1,Pending,Web,North,P-973,SKU-307,329.48,10.83,26.36,Returning,Credit Card
ORD-29835,CUST-11935,SESS-34835,CART-31835,2025-01-08,178.99,56.82,15.76,Home,1,Pending,Web,West,P-752,SKU-255,178.99,1.23,14.32,VIP,Crypto
ORD-29836,CUST-11935,SESS-34836,CART-31836,2023-10-31,146.37,58.15,49.68,Beauty,3,Shipped,Web,South,P-87,SKU-3742,48.79,19.27,11.71,New,Credit Card
ORD-29837,CUST-11935,SESS-34837,CART-31837,2023-02-23,262.00,94.28,21.27,Fashion,1,Completed,Social Media,South,P-160,SKU-812,262.00,17.98,20.96,VIP,Debit Card
ORD-29838,CUST-11936,SESS-34838,CART-31838,2026-01-06,368.24,157.53,41.19,Sports,5,Shipped,Web,East,P-522,SKU-3673,73.65,11.62,29.46,VIP,Debit Card
ORD-29839,CUST-11936,SESS-34839,CART-31839,2025-05-30,87.63,29.13,49.37,Electronics,3,Shipped,Mobile App,West,P-390,SKU-2882,29.21,2.89,7.01,VIP,Credit Card
ORD-29840,CUST-11937,SESS-34840,CART-31840,2025-07-24,304.93,152.79,24.28,Sports,5,Pending,Affiliate,South,P-802,SKU-986,60.99,13.13,24.39,VIP,Debit Card
ORD-29841,CUST-11937,SESS-34841,CART-31841,2025-06-30,122.86,67.22,9.26,Electronics,2,Pending,Social Media,South,P-646,SKU-301,61.43,4.95,9.83,New,Credit Card
ORD-29842,CUST-11937,SESS-34842,CART-31842,2024-11-18,190.71,98.74,25.44,Beauty,3,Pending,Web,South,P-400,SKU-1238,63.57,19.27,15.26,VIP,Debit Card
ORD-29843,CUST-11938,SESS-34843,CART-31843,2026-01-01,247.08,102.99,46.44,Fashion,3,Pending,Web,East,P-282,SKU-585,82.36,8.26,19.77,New,Credit Card
ORD-29844,CUST-11938,SESS-34844,CART-31844,2024-11-01,439.12,245.92,44.79,Beauty,4,Cancelled,Affiliate,West,P-566,SKU-3066,109.78,9.82,35.13,Returning,Debit Card
ORD-29845,CUST-11939,SESS-34845,CART-31845,2024-06-23,267.86,157.46,4.81,Fashion,4,Returned,Mobile App,North,P-392,SKU-3192,66.97,16.26,21.43,Returning,Crypto
ORD-29846,CUST-11939,SESS-34846,CART-31846,2024-07-31,115.14,67.96,49.74,Home,2,Completed,Mobile App,North,P-800,SKU-7,57.57,9.70,9.21,Returning,Credit Card
ORD-29847,CUST-11939,SESS-34847,CART-31847,2023-01-11,100.41,34.54,6.73,Electronics,4,Returned,Affiliate,South,P-935,SKU-2700,25.10,14.95,8.03,VIP,Debit Card
ORD-29848,CUST-11940,SESS-34848,CART-31848,2025-03-18,266.41,135.91,25.49,Electronics,3,Pending,Social Media,International,P-186,SKU-3441,88.80,10.49,21.31,Returning,Credit Card
ORD-29849,CUST-11940,SESS-34849,CART-31849,2026-01-22,133.97,76.08,16.42,Electronics,2,Completed,Web,North,P-45,SKU-3639,66.99,7.90,10.72,Returning,Debit Card
ORD-29850,CUST-11941,SESS-34850,CART-31850,2025-11-03,34.32,17.33,7.97,Sports,3,Cancelled,Social Media,International,P-294,SKU-444,11.44,8.76,2.75,VIP,Debit Card
ORD-29851,CUST-11941,SESS-34851,CART-31851,2023-09-08,226.16,82.46,46.45,Home,2,Cancelled,Web,International,P-716,SKU-291,113.08,10.10,18.09,Returning,Credit Card
ORD-29852,CUST-11941,SESS-34852,CART-31852,2024-03-12,108.77,51.40,39.70,Fashion,4,Cancelled,Web,East,P-256,SKU-4940,27.19,3.14,8.70,VIP,Debit Card
ORD-29853,CUST-11942,SESS-34853,CART-31853,2024-08-25,406.04,165.95,12.06,Sports,3,Completed,Affiliate,South,P-77,SKU-1166,135.35,5.49,32.48,Returning,Crypto
ORD-29854,CUST-11942,SESS-34854,CART-31854,2024-09-17,277.96,152.59,24.98,Beauty,2,Returned,Affiliate,International,P-545,SKU-3023,138.98,7.69,22.24,Returning,Crypto
ORD-29855,CUST-11943,SESS-34855,CART-31855,2023-07-17,50.80,17.58,23.59,Beauty,1,Returned,Mobile App,East,P-953,SKU-3145,50.80,9.88,4.06,New,PayPal
ORD-29856,CUST-11943,SESS-34856,CART-31856,2023-07-02,176.16,76.65,6.95,Electronics,1,Completed,Social Media,East,P-110,SKU-3492,176.16,19.58,14.09,New,PayPal
ORD-29857,CUST-11943,SESS-34857,CART-31857,2023-06-10,300.03,115.25,16.61,Beauty,5,Cancelled,Social Media,International,P-705,SKU-4688,60.01,5.95,24.00,New,PayPal
ORD-29858,CUST-11944,SESS-34858,CART-31858,2023-05-10,181.54,103.35,5.88,Home,,Pending,Web,North,P-436,SKU-3508,60.51,12.38,14.52,New,PayPal
ORD-29859,CUST-11944,SESS-34859,CART-31859,2025-08-28,415.21,220.27,49.32,Electronics,4,Pending,Social Media,North,P-413,SKU-2776,103.80,19.01,33.22,VIP,PayPal
ORD-29860,CUST-11945,SESS-34860,CART-31860,2024-04-29,294.46,116.44,26.74,Sports,2,Shipped,Web,East,P-519,SKU-4406,147.23,10.16,23.56,New,Debit Card
ORD-29861,CUST-11945,SESS-34861,CART-31861,2025-10-16,91.24,53.83,16.95,Home,2,Pending,Mobile App,East,P-281,SKU-169,45.62,1.23,7.30,VIP,Credit Card
ORD-29862,CUST-11945,SESS-34862,CART-31862,1719446269115,141.60,58.30,35.73,,3,Returned,Web,International,P-756,SKU-2591,47.20,8.41,11.33,New,Debit Card
ORD-29863,CUST-11946,SESS-34863,CART-31863,2024-04-22,281.13,166.73,33.56,Beauty,5,Completed,Web,North,P-58,SKU-4255,56.23,10.74,22.49,VIP,PayPal
ORD-29864,CUST-11946,SESS-34864,CART-31864,2024-12-15,415.18,200.87,40.49,Sports,5,Returned,Mobile App,North,P-220,SKU-2910,83.04,2.45,33.21,VIP,PayPal
ORD-29865,CUST-11947,SESS-34865,CART-31865,2025-12-05,342.13,173.89,0.17,Sports,5,Completed,Affiliate,North,P-320,SKU-3033,68.43,0.35,27.37,VIP,PayPal
ORD-29866,CUST-11947,SESS-34866,CART-31866,2025-02-17,209.65,88.54,38.15,Home,1,Completed,Social Media,East,P-807,SKU-1196,209.65,14.15,16.77,New,PayPal
ORD-29867,CUST-11947,SESS-34867,CART-31867,2023-11-29,90.64,38.88,37.91,Electronics,3,Shipped,Social Media,South,P-610,SKU-632,30.21,2.55,7.25,New,Crypto
ORD-29868,CUST-11948,SESS-34868,CART-31868,2023-12-21,332.10,198.77,35.77,Beauty,2,Shipped,Social Media,East,P-872,SKU-3866,166.05,18.27,26.57,VIP,Debit Card
ORD-29869,CUST-11948,SESS-34869,CART-31869,10/14/2024,63.72,31.05,23.12,Electronics,3,Completed,Mobile App,International,P-760,SKU-4845,21.24,7.22,5.10,Returning,Crypto
ORD-29870,CUST-11949,SESS-34870,CART-31870,2025-05-01,467.36,149.03,20.21,Beauty,4,Returned,Mobile App,North,P-511,SKU-3455,116.84,7.52,37.39,VIP,Credit Card
ORD-29871,CUST-11949,SESS-34871,CART-31871,2023-03-22,39.59,21.54,12.15,Electronics,3,Returned,Web,North,P-691,SKU-4941,13.20,16.90,3.17,VIP,Credit Card
ORD-29872,CUST-11949,SESS-34872,CART-31872,2023-10-02,239.33,72.49,48.17,Electronics,2,Returned,Social Media,East,P-587,SKU-1564,119.67,4.32,19.15,VIP,PayPal
ORD-29873,CUST-11950,SESS-34873,CART-31873,2024-10-25,325.78,124.48,22.48,Electronics,1,Cancelled,Web,South,P-697,SKU-4811,325.78,3.59,26.06,VIP,Debit Card
ORD-29874,CUST-11950,SESS-34874,CART-31874,2025-05-01,292.89,156.92,9.63,Fashion,3,Pending,Web,North,P-412,SKU-2149,97.63,2.75,23.43,VIP,Credit Card
ORD-29875,CUST-11951,SESS-34875,CART-31875,2025-04-21,449.70,215.67,47.92,,1,Returned,Social Media,International,P-702,SKU-2199,449.70,5.52,35.98,New,Debit Card
ORD-29876,CUST-11951,SESS-34876,CART-31876,2023-06-14,86.91,40.98,47.66,Fashion,3,Completed,Web,East,P-794,SKU-2639,28.97,18.42,6.95,New,Credit Card
ORD-29877,CUST-11951,SESS-34877,CART-31877,2023-12-11,195.76,61.97,15.69,Home,5,Pending,Mobile App,North,P-979,SKU-1299,39.15,12.30,15.66,Returning,Credit Card
ORD-29878,CUST-11952,SESS-34878,CART-31878,2024-05-18,162.68,59.47,35.18,Electronics,2,Shipped,Social Media,South,P-745,SKU-4929,81.34,7.28,13.01,New,PayPal
ORD-29879,CUST-11952,SESS-34879,CART-31879,2025-02-08,504.36,163.19,48.65,Fashion,2,Pending,Affiliate,East,P-880,SKU-2581,252.18,16.96,40.35,Returning,Debit Card
ORD-29880,CUST-11953,SESS-34880,CART-31880,2025-01-13,467.67,221.68,24.76,Beauty,,Completed,Affiliate,International,P-988,SKU-4550,116.92,13.24,37.41,New,PayPal
ORD-29881,CUST-11953,SESS-34881,CART-31881,1690575456213,54.58,29.72,38.83,Electronics,3,Returned,Mobile App,North,P-534,SKU-2542,18.19,8.48,4.37,VIP,PayPal
ORD-29882,CUST-11953,SESS-34882,CART-31882,2026-02-04,348.70,152.40,32.49,  beauty  ,1,Completed,Affiliate,North,P-777,SKU-4359,348.70,12.77,27.90,New,PayPal
ORD-29883,CUST-11954,SESS-34883,CART-31883,2024-10-12,114.17,44.72,10.94,Fashion,4,Completed,Affiliate,East,P-703,SKU-4434,28.54,12.89,9.13,New,Credit Card
ORD-29884,CUST-11954,SESS-34884,CART-31884,2026-01-11,492.63,283.82,24.16,Sports,4,Returned,Affiliate,West,P-728,SKU-4682,123.16,4.74,39.41,Returning,Credit Card
ORD-29885,CUST-11955,SESS-34885,CART-31885,2023-06-11,  298.36  ,96.37,43.15,Electronics,5,Completed,Mobile App,East,P-88,SKU-3572,59.67,18.05,23.87,Returning,Debit Card
ORD-29886,CUST-11955,SESS-34886,CART-31886,2024-01-15,92.20,27.91,16.51,Home,5,Returned,Mobile App,International,P-905,SKU-1893,18.44,7.40,7.38,VIP,Crypto
ORD-29887,CUST-11955,SESS-34887,CART-31887,2024-08-10,170.07,54.42,1.37,Beauty,4,Cancelled,Affiliate,South,P-692,SKU-1214,42.52,14.13,13.61,Returning,PayPal
ORD-29888,CUST-11956,SESS-34888,CART-31888,2023-04-16,421.57,128.31,6.70,Electronics,2,Returned,Web,North,P-683,SKU-2080,210.79,12.59,33.73,VIP,PayPal
ORD-29889,CUST-11956,SESS-34889,CART-31889,2025-04-29,344.78,136.91,14.93,Electronics,5,Cancelled,Mobile App,East,P-719,SKU-106,68.96,17.37,27.58,VIP,Crypto
ORD-29890,CUST-11957,SESS-34890,CART-31890,2025-12-30,19.94,8.45,31.44,Sports,4,Cancelled,Social Media,South,P-925,SKU-643,4.98,4.05,1.59,VIP,PayPal
ORD-29891,CUST-11957,SESS-34891,CART-31891,2023-03-26,83.39,37.74,48.01,Fashion,3,Shipped,Mobile App,West,P-175,SKU-3700,27.80,17.56,6.67,VIP,Credit Card
ORD-29892,CUST-11957,SESS-34892,CART-31892,2024-01-20,403.90,145.85,35.06,Beauty,4,Completed,Affiliate,West,P-258,SKU-2174,100.97,11.47,32.31,VIP,Debit Card
ORD-29893,CUST-11958,SESS-34893,CART-31893,2023-09-07,406.63,130.79,11.18,Sports,4,Completed,Social Media,North,P-711,SKU-2670,101.66,5.27,32.53,Returning,Crypto
ORD-29894,CUST-11958,SESS-34894,CART-31894,2023-07-05,503.95,284.40,8.29,Electronics,3,Cancelled,Web,International,P-226,SKU-2091,167.98,17.68,40.32,VIP,PayPal
ORD-29895,CUST-11959,SESS-34895,CART-31895,2024-12-13,318.28,130.11,26.73,Fashion,4,Completed,Social Media,North,P-247,SKU-1210,79.57,13.92,25.46,VIP,Debit Card
ORD-29896,CUST-11959,SESS-34896,CART-31896,2025-04-25,162.24,83.72,39.57,Fashion,5,Returned,Mobile App,West,P-523,SKU-1503,32.45,3.08,12.98,New,Crypto
ORD-29897,CUST-11959,SESS-34897,CART-31897,2023-03-25,232.48,97.53,16.75,Home,4,Returned,Web,North,P-735,SKU-573,58.12,14.96,18.60,New,Credit Card
ORD-29898,CUST-11960,SESS-34898,CART-31898,2024-08-31,132.05,66.66,4.83,Electronics,4,Completed,Web,South,P-724,SKU-4760,33.01,16.52,10.56,Returning,Credit Card
ORD-29899,CUST-11960,SESS-34899,CART-31899,2024-09-10,317.58,96.48,35.91,Beauty,5,Returned,Social Media,International,P-772,SKU-4754,63.52,0.84,25.41,VIP,Crypto
ORD-29900,CUST-11961,SESS-34900,CART-31900,2023-07-14,  480.82  ,164.58,34.84,Home,2,Shipped,Affiliate,North,P-387,SKU-522,240.41,4.14,38.47,VIP,Crypto
ORD-29901,CUST-11961,SESS-34901,CART-31901,2023-11-17,89.68,29.04,25.08,Electronics,4,Returned,Web,East,P-283,SKU-182,22.42,6.40,7.17,New,PayPal
ORD-29902,CUST-11961,SESS-34902,CART-31902,2025-08-29,487.06,238.36,42.78,Sports,1,Completed,Web,South,P-701,SKU-1117,487.06,11.70,38.96,Returning,Credit Card
ORD-29903,CUST-11962,SESS-34903,CART-31903,11/24/2024,59.65,25.76,38.98,Home,2,Cancelled,Web,South,P-675,SKU-4108,29.82,18.70,4.77,New,Debit Card
ORD-29904,CUST-11962,SESS-34904,CART-31904,2025-05-10,176.02,87.63,14.62,Beauty,2,Shipped,Web,East,P-85,SKU-888,88.01,10.09,14.08,New,Debit Card
ORD-29905,CUST-11963,SESS-34905,CART-31905,2023-05-02,71.76,25.10,44.68,Beauty,2,Shipped,Mobile App,West,P-94,SKU-2615,35.88,12.43,5.74,Returning,Crypto
ORD-29906,CUST-11963,SESS-34906,CART-31906,1731899459855,151.95,76.00,31.81,Fashion,NULL,Pending,Social Media,North,P-298,SKU-574,37.99,0.80,12.16,Returning,Debit Card
ORD-29907,CUST-11963,SESS-34907,CART-31907,2024-09-19,151.24,66.65,48.02,Home,5,Shipped,Social Media,South,P-64,SKU-749,30.25,17.71,12.10,Returning,PayPal
ORD-29908,CUST-11964,SESS-34908,CART-31908,2025-02-09,209.08,63.60,6.27,Beauty,1,Returned,Affiliate,East,P-28,SKU-2480,209.08,5.52,16.73,New,Crypto
ORD-29909,CUST-11964,SESS-34909,CART-31909,2023-02-09,250.81,122.96,31.67,Sports,3,Completed,Social Media,South,P-307,SKU-3119,83.60,14.50,20.06,New,Credit Card
ORD-29910,CUST-11965,SESS-34910,CART-31910,2023-01-14,335.29,194.92,13.92,Home,3,Completed,Affiliate,North,P-23,SKU-745,111.76,18.98,26.82,New,Crypto
ORD-29911,CUST-11965,SESS-34911,CART-31911,2025-04-13,289.27,103.99,32.22,Electronics,4,Pending,Mobile App,International,P-418,SKU-751,72.32,11.90,23.14,Returning,Credit Card
ORD-29912,CUST-11965,SESS-34912,CART-31912,2023-03-15,109.34,39.72,31.06,Fashion,4,Pending,Social Media,North,P-906,SKU-787,27.34,0.66,8.75,Returning,Credit Card
ORD-29913,CUST-11966,SESS-34913,CART-31913,2024-11-08,42.38,16.35,40.49,Fashion,3,Returned,Affiliate,East,P-283,SKU-4205,14.13,12.49,3.39,New,Debit Card
ORD-29914,CUST-11966,SESS-34914,CART-31914,2025-08-27,195.63,61.84,3.10,Fashion,1,Pending,Affiliate,International,P-712,SKU-4885,195.63,11.46,15.65,Returning,Credit Card
ORD-29915,CUST-11967,SESS-34915,CART-31915,2023-03-16,36.87,17.93,3.05,Beauty,2,Returned,Social Media,South,P-985,SKU-4428,18.44,12.44,2.95,VIP,Debit Card
ORD-29916,CUST-11967,SESS-34916,CART-31916,2025-06-08,273.75,138.24,10.42,Home,2,Cancelled,Mobile App,West,P-91,SKU-1433,136.87,2.23,21.90,VIP,Crypto
ORD-29917,CUST-11967,SESS-34917,CART-31917,2024-06-04,132.22,71.55,34.00,Sports,4,Returned,Social Media,West,P-328,SKU-2160,33.06,4.39,10.58,New,PayPal
ORD-29918,CUST-11968,SESS-34918,CART-31918,2023-01-16,120.24,43.52,21.27,Home,1,Completed,Mobile App,East,P-974,SKU-2636,120.24,2.88,9.62,Returning,Crypto
ORD-29919,CUST-11968,SESS-34919,CART-31919,2025-12-14,472.48,229.37,45.25,Beauty,2,Shipped,Mobile App,North,P-684,SKU-2827,236.24,19.72,37.80,New,Credit Card
ORD-29920,CUST-11969,SESS-34920,CART-31920,2026-01-13,  146.85  ,85.35,3.05,Sports,4,Cancelled,Web,North,P-121,SKU-2900,36.71,5.50,11.75,New,PayPal
ORD-29921,CUST-11969,SESS-34921,CART-31921,2025-01-28,447.51,267.68,8.58,Beauty,4,Returned,Social Media,North,P-26,SKU-381,111.88,14.82,35.80,VIP,Credit Card
ORD-29922,CUST-11969,SESS-34922,CART-31922,1693142529683,317.66,154.06,40.03,Beauty,2,Returned,Social Media,International,P-571,SKU-4013,158.83,15.84,25.41,New,Crypto
ORD-29923,CUST-11970,SESS-34923,CART-31923,2025-02-17,375.51,206.38,8.01,Beauty,5,Shipped,Affiliate,West,P-881,SKU-4259,75.10,10.34,30.04,VIP,PayPal
ORD-29924,CUST-11970,SESS-34924,CART-31924,2023-02-02,67.55,27.88,28.92,Beauty,3,Shipped,Mobile App,West,P-254,SKU-1271,22.52,19.61,5.40,VIP,Crypto
ORD-29925,CUST-11971,SESS-34925,CART-31925,2023-03-29,348.12,170.43,20.11,Sports,3,Shipped,Mobile App,East,P-51,SKU-4970,116.04,12.03,27.85,Returning,PayPal
ORD-29926,CUST-11971,SESS-34926,CART-31926,2023-06-13,373.01,160.05,47.46,  home  ,3,Returned,Web,West,P-529,SKU-2951,124.34,17.83,29.84,New,Debit Card
ORD-29927,CUST-11971,SESS-34927,CART-31927,2023-12-01,374.41,133.95,43.88,Sports,4,Returned,Affiliate,West,P-236,SKU-77,93.60,15.19,29.95,VIP,Crypto
ORD-29928,CUST-11972,SESS-34928,CART-31928,2024-09-03,323.52,124.33,24.43,Home,5,Returned,Mobile App,North,P-544,SKU-628,64.70,8.83,25.88,Returning,Credit Card
ORD-29929,CUST-11972,SESS-34929,CART-31929,3/31/2024,405.63,125.23,0.93,Fashion,4,Shipped,Web,East,P-347,SKU-2325,101.41,9.31,32.45,VIP,PayPal
ORD-29930,CUST-11973,SESS-34930,CART-31930,2023-02-13,68.59,21.40,39.22,Electronics,4,Pending,Mobile App,South,P-1000,SKU-2992,17.15,19.71,5.49,New,PayPal
ORD-29931,CUST-11973,SESS-34931,CART-31931,2025-09-29,136.58,62.57,9.68,Fashion,2,Completed,Mobile App,South,P-976,SKU-171,68.29,12.41,10.93,New,PayPal
ORD-29932,CUST-11973,SESS-34932,CART-31932,2026-01-06,444.69,178.79,12.29,Home,2,Cancelled,Web,North,P-319,SKU-3472,222.35,5.04,35.58,Returning,PayPal
ORD-29933,CUST-11974,SESS-34933,CART-31933,2023-10-13,190.60,111.00,9.36,Fashion,2,Pending,Web,East,P-46,SKU-2299,95.30,12.72,15.25,VIP,Debit Card
ORD-29934,CUST-11974,SESS-34934,CART-31934,2025-05-05,151.87,56.82,28.39,Fashion,4,Cancelled,Affiliate,North,P-577,SKU-4706,37.97,3.91,12.15,New,PayPal
ORD-29935,CUST-11975,SESS-34935,CART-31935,2025-11-13,277.29,138.71,4.98,Beauty,3,Pending,Affiliate,East,P-897,SKU-699,92.43,16.39,22.18,New,Debit Card
ORD-29936,CUST-11975,SESS-34936,CART-31936,8/15/2025,107.94,34.04,31.37,Sports,2,Pending,Affiliate,North,P-808,SKU-3066,53.97,15.02,8.63,New,Credit Card
ORD-29937,CUST-11975,SESS-34937,CART-31937,2025-10-01,344.47,127.55,33.40,Electronics,4,Pending,Social Media,North,P-570,SKU-292,86.12,18.17,27.56,New,Credit Card
ORD-29938,CUST-11976,SESS-34938,CART-31938,2023-02-13,229.11,96.17,49.42,Home,1,Returned,Web,South,P-240,SKU-838,229.11,17.07,18.33,New,PayPal
ORD-29939,CUST-11976,SESS-34939,CART-31939,1767623607115,43.97,22.63,46.91,Beauty,2,Cancelled,Affiliate,North,P-146,SKU-2189,21.99,16.06,3.52,VIP,Credit Card
ORD-29940,CUST-11977,SESS-34940,CART-31940,2023-05-14,479.84,157.43,43.64,Beauty,3,Returned,Web,International,P-966,SKU-4559,159.95,11.89,38.39,New,Credit Card
ORD-29941,CUST-11977,SESS-34941,CART-31941,2026-01-05,150.62,72.52,22.86,Beauty,1,Shipped,Mobile App,East,P-994,SKU-89,150.62,12.35,12.05,VIP,PayPal
ORD-29942,CUST-11977,SESS-34942,CART-31942,2024-03-03,247.87,117.15,8.14,Fashion,2,Completed,Affiliate,East,P-739,SKU-982,123.93,17.78,19.83,VIP,PayPal
ORD-29943,CUST-11978,SESS-34943,CART-31943,2024-02-15,,5.16,15.74,Beauty,5,Pending,Affiliate,North,P-504,SKU-4473,2.34,15.60,0.94,New,PayPal
ORD-29944,CUST-11978,SESS-34944,CART-31944,1739409707707,202.70,80.78,12.07,Electronics,3,Returned,Affiliate,West,P-561,SKU-3740,67.57,3.36,16.22,VIP,Debit Card
ORD-29945,CUST-11979,SESS-34945,CART-31945,8/11/2023,361.22,207.72,26.67,,5,Shipped,Web,West,P-417,SKU-1150,72.24,1.41,28.90,Returning,Credit Card
ORD-29946,CUST-11979,SESS-34946,CART-31946,2023-11-28,  470.80  ,170.90,5.81,  electronics  ,5,Completed,Social Media,South,P-811,SKU-164,94.16,8.63,37.66,Returning,Debit Card
ORD-29947,CUST-11979,SESS-34947,CART-31947,1/20/2026,210.25,66.93,3.25,Electronics,4,Returned,Mobile App,East,P-327,SKU-619,52.56,12.28,16.82,New,Credit Card
ORD-29948,CUST-11980,SESS-34948,CART-31948,2023-09-06,174.83,77.10,18.19,Sports,5,Completed,Mobile App,International,P-802,SKU-2745,34.97,12.69,13.99,VIP,Credit Card
ORD-29949,CUST-11980,SESS-34949,CART-31949,2023-11-05,240.93,140.41,49.65,Home,5,Pending,Affiliate,North,P-982,SKU-2136,48.19,6.94,19.27,New,Credit Card
ORD-29950,CUST-11981,SESS-34950,CART-31950,2024-06-01,87.50,44.93,26.72,Fashion,4,Cancelled,Web,North,P-598,SKU-2357,21.88,5.62,7.00,Returning,Credit Card
ORD-29951,CUST-11981,SESS-34951,CART-31951,2025-01-15,67.21,22.38,7.93,Electronics,4,Completed,Mobile App,West,P-364,SKU-4809,16.80,11.71,5.38,Returning,Credit Card
ORD-29952,CUST-11981,SESS-34952,CART-31952,2025-12-30,181.74,95.75,20.70,Sports,2,Shipped,Web,International,P-951,SKU-1754,90.87,4.50,14.54,Returning,Credit Card
ORD-29953,CUST-11982,SESS-34953,CART-31953,2024-07-27,133.88,55.90,11.27,Fashion,3,Returned,Social Media,East,P-386,SKU-2773,44.63,3.33,10.71,New,Debit Card
ORD-29954,CUST-11982,SESS-34954,CART-31954,2023-09-26,406.49,175.18,36.83,Fashion,4,Pending,Social Media,East,P-141,SKU-2923,101.62,19.29,32.52,Returning,Debit Card
ORD-29955,CUST-11983,SESS-34955,CART-31955,2024-05-09,408.00,142.06,32.89,Beauty,2,Returned,Mobile App,West,P-905,SKU-4467,204.00,16.88,32.64,New,Credit Card
ORD-29956,CUST-11983,SESS-34956,CART-31956,1704917170034,336.51,190.27,43.80,Beauty,3,Completed,Web,West,P-887,SKU-613,112.17,17.49,26.92,New,PayPal
ORD-29957,CUST-11983,SESS-34957,CART-31957,2023-12-04,453.93,217.32,31.34,Sports,2,Cancelled,Mobile App,International,P-87,SKU-3920,226.97,0.85,36.31,New,Debit Card
ORD-29958,CUST-11984,SESS-34958,CART-31958,2025-06-10,NULL,109.38,13.57,Home,4,Cancelled,Affiliate,North,P-969,SKU-3461,65.04,19.67,20.81,VIP,Crypto
ORD-29959,CUST-11984,SESS-34959,CART-31959,2025-08-29,377.71,201.20,1.18,Electronics,5,Shipped,Mobile App,North,P-598,SKU-4487,75.54,9.96,30.22,Returning,Credit Card
ORD-29960,CUST-11985,SESS-34960,CART-31960,2023-01-25,31.98,16.90,38.22,Electronics,4,Cancelled,Web,North,P-605,SKU-4019,8.00,19.05,2.56,VIP,PayPal
ORD-29961,CUST-11985,SESS-34961,CART-31961,2024-05-21,129.43,46.36,42.07,Fashion,3,Pending,Mobile App,International,P-69,SKU-225,43.14,0.48,10.35,VIP,Credit Card
ORD-29962,CUST-11985,SESS-34962,CART-31962,2025-09-25,336.44,119.21,5.50,Home,2,Returned,Web,International,P-850,SKU-4809,168.22,15.75,26.92,New,Credit Card
ORD-29963,CUST-11986,SESS-34963,CART-31963,2025-07-04,209.03,107.61,43.58,Sports,4,Cancelled,Mobile App,South,P-967,SKU-2847,52.26,15.77,16.72,Returning,PayPal
ORD-29964,CUST-11986,SESS-34964,CART-31964,2023-11-21,  86.49  ,46.69,37.26,Fashion,5,Shipped,Social Media,South,P-833,SKU-2885,17.30,3.61,6.92,New,PayPal
ORD-29965,CUST-11987,SESS-34965,CART-31965,10/30/2023,108.96,52.07,45.25,Beauty,3,Completed,Social Media,East,P-634,SKU-1999,36.32,16.57,8.72,Returning,Crypto
ORD-29966,CUST-11987,SESS-34966,CART-31966,2025-09-22,78.16,34.55,4.34,Electronics,3,Pending,Mobile App,West,P-810,SKU-465,26.05,7.34,6.25,Returning,Debit Card
ORD-29967,CUST-11987,SESS-34967,CART-31967,2024-03-19,127.53,43.71,42.01,Electronics,3,Shipped,Web,East,P-758,SKU-1531,42.51,10.88,10.20,New,Crypto
ORD-29968,CUST-11988,SESS-34968,CART-31968,2023-11-17,243.65,143.37,11.06,Home,4,Completed,Mobile App,North,P-969,SKU-696,60.91,0.28,19.49,Returning,Credit Card
ORD-29969,CUST-11988,SESS-34969,CART-31969,2025-04-26,39.79,13.54,20.23,Sports,3,Returned,Web,South,P-875,SKU-1558,13.26,3.74,3.18,Returning,PayPal
ORD-29970,CUST-11989,SESS-34970,CART-31970,1729404166934,358.30,164.55,44.60,Electronics,5,Returned,Mobile App,South,P-806,SKU-2723,71.66,13.82,28.66,VIP,PayPal
ORD-29971,CUST-11989,SESS-34971,CART-31971,2023-10-03,278.76,104.22,46.23,Home,4,Cancelled,Affiliate,North,P-356,SKU-3122,69.69,10.58,22.30,VIP,Credit Card
ORD-29972,CUST-11989,SESS-34972,CART-31972,2023-06-30,73.48,31.09,6.96,Home,5,Completed,Social Media,West,P-355,SKU-3892,14.70,5.96,5.88,Returning,Crypto
ORD-29973,CUST-11990,SESS-34973,CART-31973,1697086538669,385.24,162.48,38.30,Sports,5,Pending,Mobile App,North,P-561,SKU-2761,77.05,19.68,30.82,New,Debit Card
ORD-29974,CUST-11990,SESS-34974,CART-31974,2023-05-24,88.83,36.27,49.24,Electronics,5,Cancelled,Mobile App,International,P-283,SKU-1535,17.77,18.55,7.11,VIP,Debit Card
ORD-29975,CUST-11991,SESS-34975,CART-31975,2023-02-13,492.58,164.43,44.69,Home,1,Shipped,Web,International,P-297,SKU-1845,492.58,15.56,39.41,New,PayPal
ORD-29976,CUST-11991,SESS-34976,CART-31976,2023-12-13,312.80,157.77,8.58,Beauty,,Cancelled,Affiliate,North,P-665,SKU-3939,312.80,11.47,25.02,VIP,Credit Card
ORD-29977,CUST-11991,SESS-34977,CART-31977,2025-06-22,60.53,31.17,22.47,Fashion,3,Shipped,Affiliate,East,P-433,SKU-153,20.18,14.40,4.84,VIP,Debit Card
ORD-29978,CUST-11992,SESS-34978,CART-31978,2025-08-14,231.07,95.60,10.22,Fashion,5,Cancelled,Social Media,International,P-489,SKU-4830,46.21,2.13,18.49,Returning,Credit Card
ORD-29979,CUST-11992,SESS-34979,CART-31979,2025-10-25,196.84,69.20,0.31,Beauty,5,Pending,Social Media,North,P-317,SKU-691,39.37,2.53,15.75,VIP,Debit Card
ORD-29980,CUST-11993,SESS-34980,CART-31980,2024-02-25,,160.35,44.01,Home,2,Shipped,Mobile App,North,P-352,SKU-915,166.39,16.73,26.62,New,Debit Card
ORD-29981,CUST-11993,SESS-34981,CART-31981,1695694025582,303.97,144.72,37.20,Sports,2,Shipped,Affiliate,International,P-87,SKU-4635,151.98,3.15,24.32,VIP,PayPal
ORD-29982,CUST-11993,SESS-34982,CART-31982,2025-11-20,291.32,92.01,22.67,Home,2,Completed,Social Media,North,P-175,SKU-2987,145.66,13.13,23.31,New,Crypto
ORD-29983,CUST-11994,SESS-34983,CART-31983,2025-06-06,11.45,5.02,49.82,Sports,4,Shipped,Affiliate,West,P-897,SKU-1790,2.86,6.92,0.92,VIP,Crypto
ORD-29984,CUST-11994,SESS-34984,CART-31984,2023-01-18,139.18,45.58,42.14,Fashion,4,Pending,Mobile App,International,P-430,SKU-1420,34.80,2.51,11.13,New,Credit Card
ORD-29985,CUST-11995,SESS-34985,CART-31985,2025-02-27,31.82,14.66,49.61,Sports,1,Shipped,Web,International,P-634,SKU-3702,31.82,7.34,2.55,Returning,Debit Card
ORD-29986,CUST-11995,SESS-34986,CART-31986,2024-05-08,306.69,121.38,4.82,Beauty,4,Returned,Social Media,West,P-549,SKU-2569,76.67,0.29,24.53,Returning,Debit Card
ORD-29987,CUST-11995,SESS-34987,CART-31987,2023-01-16,498.97,178.77,21.03,Fashion,5,Cancelled,Affiliate,East,P-330,SKU-3445,99.79,0.73,39.92,Returning,Debit Card
ORD-29988,CUST-11996,SESS-34988,CART-31988,2023-04-23,415.47,154.27,18.77,Sports,5,Completed,Affiliate,International,P-138,SKU-2794,83.09,16.91,33.24,VIP,Credit Card
ORD-29989,CUST-11996,SESS-34989,CART-31989,2025-09-28,499.25,214.14,17.42,Home,3,Pending,Social Media,International,P-920,SKU-2383,166.42,13.92,39.94,Returning,PayPal
ORD-29990,CUST-11997,SESS-34990,CART-31990,2023-02-07,327.16,178.58,48.57,Sports,5,Cancelled,Web,East,P-840,SKU-841,65.43,17.76,26.17,New,Debit Card
ORD-29991,CUST-11997,SESS-34991,CART-31991,2026-01-10,271.66,159.87,20.09,Beauty,1,Cancelled,Web,International,P-704,SKU-2516,271.66,9.92,21.73,VIP,Credit Card
ORD-29992,CUST-11997,SESS-34992,CART-31992,8/9/2025,77.07,36.81,12.64,Fashion,3,Shipped,Mobile App,International,P-970,SKU-2482,25.69,16.69,6.17,VIP,Credit Card
ORD-29993,CUST-11998,SESS-34993,CART-31993,2024-12-23,458.95,187.26,4.40,Electronics,4,Shipped,Affiliate,South,P-459,SKU-2054,114.74,19.80,36.72,Returning,Credit Card
ORD-29994,CUST-11998,SESS-34994,CART-31994,2024-05-07,321.61,125.81,45.09,Beauty,3,Cancelled,Web,East,P-669,SKU-4800,107.20,0.09,25.73,VIP,Crypto
ORD-29995,CUST-11999,SESS-34995,CART-31995,1684126303302,342.03,127.19,41.84,Sports,3,Cancelled,Web,International,P-362,SKU-1619,114.01,9.15,27.36,New,Credit Card
ORD-29996,CUST-11999,SESS-34996,CART-31996,2024-07-20,85.44,34.18,27.29,Home,2,Returned,Mobile App,West,P-599,SKU-4868,42.72,10.40,6.84,Returning,Crypto
ORD-29997,CUST-11999,SESS-34997,CART-31997,2024-05-18,472.79,172.52,43.94,Home,3,Pending,Mobile App,West,P-822,SKU-4494,157.60,19.31,37.82,New,Credit Card
ORD-29998,CUST-12000,SESS-34998,CART-31998,2025-10-25,368.64,170.96,34.43,Fashion,2,Shipped,Affiliate,South,P-147,SKU-629,184.32,15.88,29.49,New,PayPal
ORD-29999,CUST-12000,SESS-34999,CART-31999,2023-10-08,90.12,30.60,48.94,Home,4,Completed,Social Media,East,P-324,SKU-4299,22.53,1.81,7.21,VIP,PayPal
ORD-30000,CUST-12001,SESS-35000,CART-32000,2023-09-29,243.23,91.49,0.66,Beauty,1,Returned,Mobile App,International,P-444,SKU-1900,243.23,13.25,19.46,VIP,PayPal